desi_data/desi_qso_ts_zenodo/fig_20_data.ecsv
# %ECSV 0.9
# ---
# datatype:
# - {name: z, datatype: float64}
# - {name: n_z_south, datatype: float64}
# - {name: n_z_err_south, datatype: float64}
# - {name: n_z_north, datatype: float64}
# - {name: n_z_err_north, datatype: float64}
# schema: astropy-2.0
z n_z_south n_z_err_south n_z_north n_z_err_north
0.025 0.002260409018825362 0.001598350545466644 0.009848651376216403 0.002260409018825362
0.07500000000000001 0.05651022547063405 0.00799175272733322 0.06155407110135252 0.0056510225470634045
0.125 0.05764042998004673 0.008071274613587046 0.08371353669783943 0.006590168125722576
0.17500000000000002 0.06668206605534818 0.00868126556169714 0.07386488532162303 0.0061903850439938525
0.225 0.11189024643185541 0.011245392882268682 0.10587300229432633 0.007411246590362557
0.275 0.1378849501483471 0.012483516829716079 0.17727572477189527 0.009590103272799862
0.32500000000000007 0.2588168326555039 0.01710309771296293 0.20189735321243626 0.010234437117591482
0.375 0.40800382789797784 0.02147388567884094 0.3348541467913577 0.013180336251445152
0.42500000000000004 0.5085920292357065 0.023975258181999658 0.47519742890244143 0.015701302843639263
0.475 0.6679508650628945 0.027475827189735062 0.6549353165183908 0.01843307771382028
0.525 0.9064240165489701 0.03200694472991136 0.8986894380797468 0.021592526834076572
0.5750000000000001 1.133595122940919 0.03579377487491434 1.0390327201908305 0.023217382763068544
0.625 1.5009115885000404 0.04118661245541439 1.442827426615703 0.02735935431611464
0.675 1.9970713681322072 0.047508936694920595 1.585632871570841 0.028681375108497022
0.7250000000000001 2.3395233344842494 0.051421200127090484 1.9992762293719297 0.03220587109945278
0.775 2.657110801629213 0.054800352279985205 2.39568444726464 0.035254410402148925
0.8250000000000001 3.117104036960174 0.05935457049697909 2.9398224358005964 0.039053431428205256
0.875 3.48216009350047 0.06273398632456822 3.0481576009389766 0.039766499023346114
0.925 3.740976926155974 0.06502360334178868 3.375625259198172 0.04184810176788974
0.9750000000000001 3.865299422191369 0.06609522552492665 3.397784724794659 0.041985234090969735
1.025 4.15237136758219 0.06850568475971532 3.858209176632776 0.04473954200997839
1.0750000000000002 4.3885841100494405 0.07042725006071665 4.294012000030352 0.047198725984085074
1.125 4.585239694687247 0.07198790578752483 4.2866255114981895 0.04715811327673593
1.1750000000000003 5.127737859205333 0.07612747501106283 4.882468919759281 0.05032901060254287
1.225 5.1130452005829685 0.07601833162158807 4.988341922053608 0.05087175920148657
1.275 5.535741687103311 0.07909816823231701 5.4586150252679415 0.05321571263053342
1.3250000000000002 5.660064183138706 0.07998143574198058 5.399523117010643 0.05292688709135643
1.375 5.759522179967022 0.08068108786984149 5.702369146829297 0.054390908540417796
1.4250000000000003 5.894016516587131 0.08161766993488356 6.022450316556331 0.05589658327800254
1.475 5.869152017380053 0.0814453318273765 5.793469172059299 0.05482365670471711
1.525 6.044333716339017 0.08265187972817961 6.182490901419847 0.05663441151195942
1.5750000000000002 6.0963231237720015 0.08300657736182065 6.266204438117686 0.05701654920486903
1.625 6.123448031997905 0.08319103665009975 6.261280112429579 0.05699414144247686
1.6750000000000003 6.085021078677874 0.08292959823243418 6.293288229402282 0.057139634823783356
1.725 5.982172468321321 0.08222577637080203 5.840250266096327 0.05504455665100331
1.775 6.002516149490749 0.08236547104203852 6.084004387657683 0.05618151010770439
1.8250000000000002 5.767433611532911 0.08073648168884225 5.771309706462812 0.05471870863222928
1.875 5.430632667727932 0.07834363745723023 5.557101539030105 0.05369363612290925
1.9250000000000003 5.4453253263502965 0.07844954581806184 5.6383529128838905 0.05408474381737957
1.975 5.220414628977173 0.07681234376500908 5.224709555082802 0.05206306424550251
2.0250000000000004 4.8338846867580365 0.07391399238949847 5.155768995449287 0.05171843497346583
2.075 4.684697691515563 0.07276445874316709 4.7716715917768475 0.049754678249803994
2.125 4.506125379028359 0.07136415923526863 4.742125637648198 0.04960039980629549
2.175 4.256350182448156 0.0693581009676764 4.3654147225079205 0.04758952867260353
2.225 4.163673412676316 0.06859885178870313 4.087190321129808 0.046048032606623046
2.2750000000000004 3.968148032547923 0.0669687897486786 3.887755130761425 0.044910521774521636
2.325 3.692378132251229 0.06459986389712528 3.934536224798453 0.0451799164285263
2.375 3.4765090709534068 0.06268306173924204 3.493809075712769 0.04257437032727907
2.4250000000000003 3.191697534581411 0.060060560655602 3.4002468876387133 0.04200044337750048
2.475 3.0232970626789215 0.05845463175432576 2.9989143440578947 0.0394439754577534
2.5250000000000004 2.6955377549492443 0.055195189336895746 2.8019413165335667 0.03812660778595588
2.575 2.5757360769515 0.05395468959439498 2.6246655917616715 0.036900787802987965
2.625 2.3372629254654242 0.0513963529644283 2.378449307356261 0.03512736706859011
2.6750000000000003 2.097659569469936 0.04869070039163109 2.1568546513913924 0.033450998732366136
2.725 1.867097849549749 0.04593693948312018 1.8220005046000345 0.03074488660723278
2.7750000000000004 1.8071970105508768 0.04519405061201881 1.7136653394616541 0.029816842794557312
2.825 1.7235618768543384 0.04413589701674315 1.8392356445084133 0.03088995934156079
2.875 1.5924581537624676 0.04242408969481058 1.5093058234051637 0.0279825490062702
2.9250000000000003 1.3845005240305341 0.039557157829443836 1.4231301238632703 0.027171959272932943
2.975 1.204798007033918 0.036900787802987965 1.2532408876235372 0.02549857597290975
3.0250000000000004 1.066913056885571 0.03472506224678856 1.2630895389997536 0.02559857077218643
3.075 1.0782151019796977 0.03490850283776587 1.0414948830348847 0.023244875233047156
3.125 0.8408721550030346 0.030827868908245806 0.9651678348692075 0.022376907636533012
3.1750000000000003 0.814877451286543 0.030347622148411614 0.8691434839510975 0.021234614860721063
3.225 0.7323725220994173 0.02877030981839959 0.7115650619316352 0.019213476660015577
3.2750000000000004 0.7154194544582271 0.028435370466203678 0.6229271995456875 0.017977003225606875
3.325 0.5865761403851815 0.02574783484056898 0.5884569197289301 0.017472537700921564
3.375 0.499550393160405 0.02376118909122116 0.49981905734298243 0.01610293554972639
3.4250000000000003 0.39444137378502564 0.02111396266338389 0.3890217293605479 0.01420645039512995
3.475 0.34132176184262963 0.019640860327267265 0.3053081926627085 0.012585424780435426
3.5250000000000004 0.28255112735317023 0.017870102357686417 0.2733000756900052 0.0119074433810848
3.575 0.24525437854255178 0.016648952056570906 0.23390547018513957 0.011015870920821107
3.625 0.21473885678840937 0.015578794057576607 0.22405681880892317 0.010781463871469636
3.6750000000000003 0.1966555846378065 0.014908421397278656 0.18220005046000345 0.009722386808246221
3.725 0.1661400628836641 0.013703001432723546 0.18958653899216577 0.00991750432056626
3.7750000000000004 0.18309313052485432 0.014385154909199794 0.17481356192784114 0.00952327247063056
3.825 0.14127556367658511 0.012636070557617778 0.15757842201946246 0.009041636075301448
3.875 0.14014535916717244 0.012585424780435426 0.15019193348730014 0.00882717940334863
3.9250000000000003 0.10397881486596665 0.010840540828063044 0.11818381651459683 0.007830286532984882
3.975 0.10397881486596665 0.010840540828063044 0.13049463073486733 0.008228013025884695
4.025 0.11189024643185541 0.011245392882268682 0.08125137385378532 0.006492530607720925
4.075 0.04068736233885652 0.006781227056476086 0.05170541972513611 0.0051792477151640405
4.125 0.0474685893953326 0.007324562361674851 0.044318931192973816 0.004795051636399931
4.175000000000001 0.03616654430120579 0.006393402181866576 0.044318931192973816 0.004795051636399931
4.225 0.053119611942396006 0.007748291744349051 0.041856768348919715 0.004659952570857873
4.275 0.03616654430120579 0.006393402181866576 0.027083791284595107 0.0037484642940895604
4.325 0.0237342946976663 0.0051792477151640405 0.014772977064324604 0.0027684243530536556
4.375 0.02147388567884094 0.004926447242063841 0.004924325688108202 0.001598350545466644
4.425000000000001 0.016953067641190214 0.004377263242763837 0.007386488532162302 0.0019575716332462206
4.475 0.006781227056476086 0.0027684243530536556 0.007386488532162302 0.0019575716332462206
4.525 0.002260409018825362 0.001598350545466644 0.0 0.0
4.575 0.001130204509412681 0.001130204509412681 0.002462162844054101 0.001130204509412681
4.625 0.004520818037650724 0.002260409018825362 0.002462162844054101 0.001130204509412681
4.675000000000001 0.0 0.0 0.0 0.0
4.725 0.0 0.0 0.0 0.0
4.775 0.0 0.0 0.0 0.0
4.825000000000001 0.0 0.0 0.0 0.0
4.875 0.0 0.0 0.0 0.0
4.925000000000001 0.0 0.0 0.0 0.0
4.975 0.0 0.0 0.0 0.0
