desi_data/desi_elg_ts_zenodo/elg_lop-800efftime1200-0.6z1.6-catarp-zenodo.ecsv
# %ECSV 0.9
# ---
# datatype:
# - {name: LOG10_FOII_SNR, datatype: float32}
# - {name: LOG10_DV, datatype: float64}
# - {name: ISCATA, datatype: bool}
# schema: astropy-2.0
LOG10_FOII_SNR LOG10_DV ISCATA
[from data line 10952]
1.6207678 0.6375662320804074 False
1.6141428 0.8244840347625605 False
1.6207678 0.975955622023551 False
1.6141428 0.4449560329786711 False
1.1924056 0.6329601819551222 False
1.1924056 0.7815286318924474 False
1.1924056 0.8305023877501484 False
1.2236592 1.0145904428125703 False
1.2502857 1.0438912491108379 False
1.2236592 -0.1415665463717719 False
1.322873 0.7944039072012263 False
1.2732788 -0.10362588908644252 False
1.2939738 0.31380062459546143 False
1.2732788 0.735693262160712 False
1.2939738 0.918483774064247 False
1.2732788 0.4544508724242066 False
1.3380026 0.5939348278998282 False
1.3271891 0.027244521599018606 False
1.3380026 -0.18423838173426677 False
1.3271891 0.4565414333302371 False
1.3748851 0.514763660805445 False
1.3271891 -0.3867219173736194 False
1.4170552 -0.17593729258143886 False
1.3120815 0.025729801693123402 False
1.3120815 0.23752919194901473 False
1.4169871 0.6333794362734488 False
1.395321 0.5564680805980771 False
1.4112508 0.3264078169144456 False
1.3673776 0.3295468460732528 False
1.395321 -0.15629648115252598 False
1.4112508 0.33821710023708446 False
1.3673776 0.808544733198552 False
1.395321 0.1705665870673752 False
1.3673776 0.7586980346469846 False
1.3673776 0.6290132348768211 False
1.029926 1.3175626677394918 False
1.029926 0.31989049928942237 False
0.8942307 1.186959380543248 False
1.0475552 1.2715156611734848 False
0.8942307 0.7320359804955052 False
0.8942307 1.123565690289871 False
1.1021235 0.3662066629594918 False
1.0592839 0.44528078411104544 False
1.1021235 0.6158310170337449 False
1.0592839 0.7085675488736697 False
1.1237283 0.25648005215055597 False
1.0592839 0.8399087065575634 False
1.2180825 0.4967688265907169 False
1.2180825 0.9344790286086855 False
1.2827045 1.0696063129600422 False
1.1014187 0.8849340552959285 False
1.1627283 -0.13960229033930807 False
1.1014187 0.9241414563327719 False
0.77138907 1.458701334398053 False
0.65747786 1.4352406798991855 False
0.65747786 0.17953797172134253 False
0.7720571 2.20137851725886 False
0.8142021 0.3173180255865887 False
0.7720571 2.207244024481768 False
1.3083239 1.262535121041538 False
1.2676587 1.2154406784297638 False
1.2676587 0.2744125313361454 False
1.1934186 0.6803793402015902 False
1.1934186 0.7378159541817508 False
1.2649722 -0.16918831445875765 False
1.2198563 1.392864910158788 False
1.2570484 1.019722331781191 False
1.2198563 1.546187779707621 False
1.2707944 -0.2874855467345854 False
1.1640924 0.9018348819562017 False
1.1640924 1.2717136076388156 False
1.1956279 1.030108123912409 False
1.1797687 0.9883083481787258 False
1.2715406 0.4838337523073032 False
1.1797687 0.8252596096201139 False
1.3295255 0.7219381914022003 False
1.3103399 1.3548820340226277 False
1.2366587 1.0661408123923468 False
1.2366587 0.89770431481321 False
1.2917813 0.5733098500289211 False
0.7744691 3.256484191349583 True
1.086975 0.8331688180392312 False
1.5374559 0.9582401965294162 False
1.21117 1.5376200695118256 False
1.2170041 1.6535064095378358 False
0.81782347 1.392403578975149 False
1.0700423 0.8562228130877989 False
1.0700423 0.5655578786748329 False
1.1238459 1.0358070551429028 False
0.9009179 1.7291858154858186 False
0.742526 1.1455656122787576 False
0.742526 0.9361090621968841 False
0.8054346 0.7283682284606029 False
1.144533 1.442437660908721 False
1.1206867 -0.04338091156630551 False
1.1206867 1.4563601212643162 False
1.2672809 0.18801555212226487 False
1.2943958 0.27256717296540633 False
1.2672809 0.5333735241738102 False
1.0993886 1.2971602609856294 False
1.1195451 0.756427818772443 False
0.809546 1.4545040408795147 False
1.2012405 1.0209234314971607 False
1.311289 1.111913136310297 False
1.1222655 1.6123232219383454 False
1.2138125 -0.1496209305325227 False
0.9456817 0.8315334587936623 False
1.5937907 0.9059891394364715 False
1.5515501 0.5773468120427078 False
1.5515501 1.073081620437841 False
1.143764 0.714731719350196 False
1.1511787 0.419813329058574 False
1.143764 0.8928772622770652 False
1.3920907 1.1235963876930448 False
1.2114304 0.9935572261263796 False
0.9578726 0.7894289923258957 False
1.0795333 1.6581803129046937 False
0.8760031 0.6646191795192029 False
1.2187401 0.4107946022719982 False
1.1756928 0.8969229963247958 False
1.2591743 1.2592979341012813 False
1.1756928 1.0120219916473923 False
1.1434478 1.0434249742078718 False
1.1981355 1.3050194463425437 False
1.0797001 0.7634036366948508 False
1.1570728 -0.3901320050061005 False
1.3452818 -0.20185602125841415 False
1.0219287 1.1679061592302957 False
1.2169327 0.899783672480556 False
1.2235374 0.9520698502651265 False
1.2169327 0.006803103016138047 False
1.3458014 0.2153178099745041 False
0.97282976 1.0876889886423873 False
0.8839942 0.8439374098300101 False
0.8368634 1.1048870396988375 False
0.8368634 0.7596880193963236 False
1.1622876 0.7516428174369276 False
1.1622876 1.0675931138602839 False
1.1825546 0.7809796306802658 False
1.2593548 0.7472366435934771 False
1.2673618 0.7385939554265535 False
1.2593548 -0.9582210963190753 False
0.76625025 0.2753942538013887 False
0.7481601 0.2462635397972715 False
0.7481601 -0.9125256038754702 False
1.266301 1.0643948999233332 False
1.1632473 0.6062157567897895 False
0.920428 0.6026006621817903 False
1.3941813 0.3501274674552095 False
1.3543656 -0.2978612388385894 False
0.98315954 0.46977904370275037 False
1.2395655 1.275474086002185 False
1.3455521 0.3284193355478569 False
1.0944803 0.940719195123305 False
1.1763337 1.229881509473303 False
0.8840061 0.16478895126734525 False
1.3569518 0.6512579538271657 False
1.0637734 1.2130787195724162 False
1.0935221 1.6879174343226093 False
1.0123253 0.4260302102751769 False
1.214069 1.1818390909140182 False
1.1316748 1.2182937483955272 False
1.1869007 1.8851489894064073 False
0.74339 1.760277520839381 False
1.16749 1.146931405174529 False
1.0660416 0.8439984526770954 False
1.1954535 0.2364616354260382 False
0.92149186 2.145952656772762 False
1.4811066 -0.024263051474536786 False
1.0117157 0.7542173038264934 False
1.5395805 0.039172091299232034 False
0.8472713 1.0077952446177743 False
1.107635 1.0040474812383406 False
1.1101227 1.3069223114705049 False
0.72650886 -0.5343746607035976 False
0.76582646 1.0277178310805362 False
1.1179845 1.1448102787995813 False
1.1158738 1.0186624472625347 False
1.1158738 0.5463777256068126 False
0.9956698 1.5022802572308849 False
0.9956698 1.5158339150611735 False
1.0215251 0.0033929706147442177 False
1.1294185 1.0744626656497003 False
1.0248872 1.2864021972397355 False
1.4844972 0.22886592372658002 False
1.1828442 1.7062874330454405 False
1.4400065 1.0154745863430403 False
1.3680879 0.4027125366298198 False
0.8232269 0.09029085674612339 False
1.3816365 1.026012548927587 False
1.557141 0.26065647986791085 False
0.762472 0.5883280702551602 False
1.0948493 0.9501073940504049 False
1.2515163 0.7540452140968547 False
1.3785279 1.047194230244907 False
1.3341035 0.8856927869746336 False
1.124078 0.7118499255189228 False
1.2179965 1.1894060652665224 False
1.1898822 -0.5554046268423272 False
1.2046715 -0.202366249847029 False
1.2367277 0.580608716948112 False
0.94807994 2.1967040352876586 False
0.8893477 2.0558789686191647 False
1.4110864 -0.7680086008414732 False
1.4731306 0.2616803508687243 False
0.83461946 1.4629187697507529 False
0.96477425 -0.8748434794454867 False
1.1011155 0.6970864957878207 False
1.0745316 0.639765466296671 False
1.4655168 0.8313134246357013 False
1.1261531 -0.04892221688657223 False
0.91477513 1.248990470832151 False
1.2996991 1.141563329819108 False
1.1164731 1.225183907123315 False
1.0944633 1.0641414719358273 False
1.0638645 1.002149266985144 False
1.0297576 1.8290783461668905 False
1.2231863 0.9911920987381493 False
1.0769472 0.21168330437238336 False
1.334096 0.9392068493526273 False
1.1835556 1.5680872227934155 False
1.2144256 1.0960190274151973 False
0.95709944 1.2682685111604244 False
1.1647688 -0.43172042706127833 False
1.2277719 0.6459503148302816 False
1.1748258 1.6177289192493574 False
1.1737015 0.9594156106108686 False
1.1277943 1.613928145419688 False
0.9907335 0.5602116718613277 False
1.494799 0.9213788106672269 False
0.9434102 1.730270773806381 False
1.000849 0.5348804134417247 False
0.9434102 1.7015759500421694 False
1.3256224 0.9293084225316793 False
1.3256224 0.3796994227221999 False
1.3360583 0.7853648147509957 False
1.4036243 -0.2648491512338342 False
1.4036243 -0.7972349997538009 False
1.4039071 -0.41573870945570734 False
0.94710296 1.957632343489157 False
1.3915296 1.0724469747532495 False
1.372274 0.8502577352693916 False
1.372274 0.5488391183746623 False
1.3757572 0.5496057517690335 False
1.103245 -0.2834056317922871 False
1.2990705 0.831352168946938 False
1.2990705 0.7723875767177447 False
1.3085369 1.1039096356929072 False
1.1065335 1.2278843970465234 False
0.9564433 0.4226407005498001 False
0.98458934 1.0964608371001106 False
0.9564433 1.1799323407246276 False
1.0948477 1.1727366722829813 False
1.0948477 0.7797155453745493 False
1.1615043 1.320254234806747 False
1.1474248 1.0207377829030222 False
0.8306319 1.6241789031553668 False
0.8306319 1.455475598308427 False
0.8665308 1.1318326943890498 False
1.0382525 1.3697166974050208 False
1.0862937 1.0642197335963088 False
1.0382525 1.0730742557133868 False
0.91931665 1.848068543641426 False
1.256961 1.028853142455673 False
1.3262204 0.6746136299289553 False
1.3262204 0.7356807523528811 False
1.256961 0.7752037654115158 False
1.256961 0.7198052700692541 False
1.3283806 -0.1464787886733627 False
0.92280686 1.6636611462819801 False
0.92280686 2.1737817841442664 False
0.95996004 2.013228434829489 False
1.0935072 0.6041540082131311 False
1.0568161 0.7735757502265103 False
1.0568161 0.28279426974436833 False
1.0934212 1.7901598394123412 False
1.0702349 1.5373335923231704 False
1.0040128 1.656006275249322 False
1.0702349 1.4349893588325997 False
1.0040128 1.2147156238186405 False
1.0040128 1.0346366266066953 False
1.1019522 1.2251260009217868 False
0.9788147 0.7568999280373685 False
0.9542131 0.9565055309412139 False
1.0237216 0.5325736989204192 False
0.9542131 0.5228986839089618 False
0.9788147 0.9600842345663251 False
0.9542131 1.0953515896981347 False
0.8848637 1.7343894901160457 False
0.8848637 1.9031709126355314 False
0.938447 1.411128784497519 False
1.3923942 0.6563585074229003 False
1.4002616 0.4917230456567563 False
1.3923942 0.15537064418063026 False
1.2260699 0.1320087272139628 False
1.2234464 0.491240335112698 False
1.2234464 0.6487863512633673 False
1.115081 0.3011472622165131 False
1.0933641 0.7112950536080335 False
1.0933641 0.4974011567317927 False
1.2417809 0.4719648156849706 False
1.2395128 0.5895977313691275 False
1.2395128 -0.03514310760847013 False
1.2210553 1.080594058851136 False
1.2433012 0.9632169657694689 False
1.2210553 1.3269063872990459 False
1.1731501 0.47938134141397026 False
1.2069039 1.1501974875477319 False
1.1731501 1.0459499261703953 False
0.92314744 2.0538127878165393 False
0.92314744 2.0284563774320707 False
1.0742329 0.8073357831070238 False
1.1156279 0.43467037191494046 False
1.1139295 0.6108499659989746 False
1.1139295 0.8326594425279453 False
1.2485898 0.3874579888872652 False
1.3648266 1.0146774339411442 False
1.2485898 1.1066743445531029 False
1.0554686 1.6103141751589307 False
1.031746 1.524966442659127 False
1.031746 0.861805679241585 False
1.3746586 0.4990467647428366 False
1.3846344 0.20244888772551847 False
1.3746586 0.6766158570906531 False
1.197599 0.8133736180931568 False
1.1544968 1.0541658450356626 False
1.1544968 0.6831670240861334 False
1.1856054 0.10699713911005267 False
1.1910685 -0.19238924900939142 False
1.1856054 -0.19568085467712995 False
1.119783 1.3618359097936925 False
1.0976297 -0.4409034742771739 False
0.88429224 1.2891138774742839 False
0.64520115 -0.08183571732415981 False
0.7235244 1.414235351176229 False
0.8674878 1.029588675586105 False
1.3133606 -0.5343784838584639 False
1.0598888 0.9526672645776784 False
1.0598888 1.5162129623483331 False
1.1354481 1.3776507923100438 False
1.0758741 0.14036668314667458 False
1.161746 0.3401811456762025 False
1.3544555 -1.6763455272403438 False
1.4144893 -0.4617700365164355 False
0.97866374 0.905335166541622 False
1.3329647 0.6861552677251316 False
1.0426859 0.6255735368101227 False
1.0021333 0.11082003624683642 False
1.0551693 0.8439243139311213 False
1.3550822 0.4618266530360385 False
0.72809803 0.9147383244046857 False
1.1148425 1.1612797471302725 False
1.0188328 1.0925188217826576 False
1.1237383 0.9680531196124845 False
1.1985425 1.2652108144152538 False
1.145073 0.7736625909371313 False
1.4267131 1.3822081044580867 False
1.4267131 1.0698151432877652 False
1.4609026 1.0922164096807028 False
1.0445881 1.3729333293404447 False
0.84973264 0.5852167503425719 False
1.4188616 0.6295952301118376 False
1.3631198 0.866877055412883 False
1.1098702 1.2468877367367686 False
0.87295735 1.4695650659706705 False
0.935925 0.4951599599914586 False
1.1581945 1.1994280138448026 False
1.290608 1.226289168757509 False
1.1656133 1.13931509133173 False
0.78507704 2.106901510459186 False
1.1831858 0.36431383067930573 False
1.0826952 0.41218197115875627 False
1.0826952 0.8813755538079652 False
1.0968286 1.008306074145046 False
1.177249 0.2720705374705261 False
1.2580503 0.9720204792179277 False
1.2580503 1.323375309512382 False
1.308133 1.067425934105658 False
1.0746468 1.1201828451069973 False
1.2153561 0.7567986598409304 False
1.2098901 0.3034441884124657 False
1.2098901 0.8877938604250724 False
1.0236353 1.011494813767087 False
1.1303127 1.0306488890624597 False
0.8534686 1.493892952812979 False
0.8484897 1.0171848718073984 False
0.8484897 1.6188898513828238 False
0.98988193 1.7053845286986058 False
1.2163887 0.924753042622432 False
1.2308532 -0.2985668958957674 False
1.2705388 0.623899037592494 False
1.4961048 0.8700677996381153 False
0.9808181 -0.023898477249886974 False
1.5413848 0.4337472970199731 False
1.3315884 0.7018711397999827 False
0.97451514 -0.010728027614784067 False
0.8527043 0.8282940270925541 False
1.3526984 -1.7860998464396878 False
1.2615862 0.8116930949885645 False
1.1800654 -0.00032745316212020404 False
1.2094632 0.8921801137788882 False
1.0331448 1.2326718627083544 False
1.2092696 0.32945222530857193 False
1.0881814 0.7911065177593392 False
1.1355951 1.490442917408771 False
1.5352771 -0.38192775229874404 False
1.1563271 0.6575951452914293 False
1.136309 0.25698536563505836 False
1.136309 0.4375105835548743 False
1.3188405 0.9979469333269175 False
1.3454021 -0.5277424461645588 False
1.3188405 1.010688133616387 False
1.2718217 1.0234316810435393 False
1.3419962 -1.086882567784887 False
1.4039791 0.5659259663400273 False
1.3419962 0.556156824727488 False
0.7541362 1.4993970025419527 False
0.86128926 1.860613443832079 False
0.7541362 2.0175088350135595 False
1.2174444 0.46125687890431843 False
0.8799748 1.6790188347664394 False
0.9046463 1.2946457370710749 False
0.8799748 1.447814977825555 False
1.1028734 0.7458571939690772 False
1.1297871 1.2342705485728116 False
1.1028734 1.0637251812889374 False
0.831057 0.9131751724555094 False
1.1461006 1.1802990098500827 False
1.1644868 0.307303274169648 False
1.1461006 1.1178105151057625 False
0.71281666 2.074084036077706 False
0.71281666 1.9806061408088478 False
0.7778282 1.361279566806431 False
1.4019531 0.0766500635916721 False
1.3789356 0.5217387360352509 False
1.3789356 0.6549080978637513 False
1.2757844 1.0076571934552847 False
1.1625361 0.9406095184181256 False
1.1625361 0.16314923029597325 False
1.1819565 0.42609888741298063 False
1.1633754 0.8822089491343762 False
1.1633754 1.012492684785744 False
0.9117958 1.380534047444959 False
1.1303698 -0.2075731431682073 False
0.9117958 1.369140145605314 False
1.1232142 0.07927102788188732 False
1.0844803 0.28638423994413875 False
1.0844803 0.49608706454504703 False
0.85444754 1.1176417895858959 False
0.8243123 1.683319749301828 False
0.8470634 1.3465234024914703 False
0.8243123 1.7877350908309586 False
0.8470634 0.9589046583885787 False
0.8243123 1.8478829932168879 False
1.3363609 1.3155630733271906 False
1.253958 1.101582331618876 False
