desi_data/desi_elg_ts_zenodo/elg_lop-800efftime1200-0.6z1.6-catarp-zenodo.ecsv
# %ECSV 0.9
# ---
# datatype:
# - {name: LOG10_FOII_SNR, datatype: float32}
# - {name: LOG10_DV, datatype: float64}
# - {name: ISCATA, datatype: bool}
# schema: astropy-2.0
LOG10_FOII_SNR LOG10_DV ISCATA
[from data line 1824]
1.1080483 0.41196291467633667 False
0.9840197 0.9932018494856829 False
1.070659 0.8674234691361442 False
0.9840197 0.3936368318682608 False
1.4133247 0.9051678921914736 False
1.0148003 0.9997211877698982 False
1.1318135 0.7129003001488466 False
1.0830404 -0.0005227285964229294 False
1.1645893 0.28181665673015127 False
1.0931716 0.7974641238073494 False
1.1057482 -0.25437612024559525 False
1.073962 1.4825353099468834 False
1.2216951 0.9012470911321327 False
1.0928639 1.0240010628771616 False
1.078763 1.2207097392524535 False
1.0365429 1.3156132942961387 False
1.1164398 0.8363278174662117 False
1.1927309 1.2344330580687715 False
1.184314 1.5464823075524992 False
1.1325536 0.9827640242165508 False
1.0184228 1.9803696796615884 False
1.1488272 0.46494884643189593 False
1.2832178 0.8503836945893755 False
1.2609501 0.5880976334262766 False
1.5317584 0.6390355213336367 False
1.0668149 1.1261483035833695 False
1.3058243 0.6100499338007923 False
1.2152706 0.6585782055362582 False
1.2509758 0.9479629455693173 False
1.056885 1.740345563565598 False
1.4295583 0.8452950338979707 False
1.5606705 1.031652429596595 False
1.543293 1.0168947764650336 False
1.044193 1.9936275055701211 False
1.178466 0.2763397946327372 False
0.8528794 0.7807084015059654 False
1.0329854 0.48601935869014606 False
0.9985519 0.29133067681790403 False
1.1289903 1.321398779035753 False
1.0568076 1.4296493654144107 False
0.43191105 1.0898292365020852 False
0.94480455 1.3316357935078382 False
1.254358 0.1822200113347608 False
1.2657431 1.2943609707863357 False
1.1459992 1.5428440223835747 False
0.8761199 0.940681247201127 False
1.3331084 0.030439051803649236 False
1.1790122 1.6796249157940877 False
0.7867478 1.314289956433683 False
1.1973853 0.6866914475534386 False
1.3438514 0.2844898219899475 False
1.3886263 1.0355988581765272 False
1.1721259 1.4137834037391181 False
1.1802795 1.0881805097146282 False
0.78252506 1.4001792104914585 False
1.1065398 0.8182649855804436 False
0.99370307 -0.10097900243110358 False
1.1156503 0.5013479300578201 False
0.82880175 -0.22732407178613162 False
0.7254079 1.4191193230885792 False
1.3370161 -0.7742135734057661 False
0.8657251 -0.010715352882078765 False
0.8621303 1.7593575403619532 False
1.2184857 1.0649691774779573 False
1.4535049 1.1929169042728869 False
0.4150882 1.6245233121987293 False
0.97738284 -0.13143845296730428 False
1.1920365 0.43515963805132113 False
1.4524555 0.6304211929079874 False
1.2455198 0.9405341722991263 False
1.3224252 0.9148964085529208 False
1.1355315 -0.03390131090409798 False
1.4247421 0.7854666271625014 False
1.1122065 1.2968724014028248 False
1.251097 -0.21660675595454637 False
0.8857795 1.628989675537047 False
1.4729773 -0.5649746943330819 False
1.1337106 1.946029469640626 False
1.1427402 0.5283153224775106 False
1.107787 0.003619574915618568 False
1.3144151 0.14143226118357988 False
1.1541715 0.7767453639635926 False
0.83211386 1.4310566357649253 False
1.253274 0.6273163566009111 False
1.0017823 -0.16448738607882313 False
1.2680435 0.6030036512268147 False
1.0875871 1.239349096309894 False
1.3195958 0.5102109575212375 False
1.3195958 1.5897920461511639 False
1.4399048 1.6245187183614624 False
1.5636729 0.16231041859553808 False
1.5636729 0.23892975224212526 False
1.641778 -0.5522648823180152 False
0.8451022 1.3898567254684382 False
1.320633 0.9167561642194079 False
1.3694067 0.737732754664385 False
1.3518133 1.0870653587305834 False
1.149018 1.0417751311570673 False
1.1229248 0.5904895962706843 False
1.3389058 0.32149669966838473 False
1.1977214 0.9119170163083251 False
1.3613056 1.1727759679231506 False
0.9974387 1.0493281493064026 False
1.0149816 1.1831563670289877 False
0.87084526 1.1123292890271383 False
1.359752 0.5787990791860765 False
1.3538923 0.6972925298687601 False
1.3538923 0.07529659228675423 False
1.157363 -0.4156787737410796 False
1.1146481 -1.030782219895548 False
1.1146481 -0.5363558733453467 False
1.3235837 0.8468379504528912 False
1.3235837 -0.11799081991484679 False
1.3429172 0.7970009306248743 False
1.259486 -0.4731522278327032 False
1.1043586 1.3597992994242316 False
1.1043586 1.3661335532890482 False
1.4901196 1.182834832747675 False
1.4436295 1.1362582895656868 False
1.4436295 0.19015968524500787 False
1.5705647 0.3278341845077402 False
1.5913204 0.7482928983758839 False
1.5705647 0.8881083568509135 False
1.1526343 0.5490140950310249 False
1.213633 0.6278963641318943 False
1.1526343 -0.15174773774490383 False
1.5044715 -0.17346808363012411 False
1.4951153 -0.7319613728715527 False
1.4683009 -0.22094498425463024 False
1.4951153 -0.06748904349150991 False
1.4683009 0.10447093680257548 False
1.4683009 -0.3810314358741135 False
1.551001 0.6675030053557846 False
1.5948492 0.6419029347478852 False
1.551001 -0.5747705665985344 False
0.90506583 0.8943618831921948 False
0.8824412 1.4331681903851887 False
0.8306006 0.8025395479419829 False
0.8824412 1.2849288381497903 False
0.8306006 0.17443470727171906 False
0.8306006 1.3173887244451652 False
0.9638125 1.5514032944611358 False
0.8955053 1.5408000803515378 False
0.8955053 1.8471124783397668 False
1.1675733 0.24003571633312484 False
1.0946888 1.201656036146382 False
1.0809789 1.161329911890079 False
1.0946888 1.1514144717374946 False
1.0809789 1.1058748590123288 False
1.0809789 0.1494281077874837 False
1.0037898 0.530271656333423 False
1.082878 1.0451461373748425 False
1.0037898 0.8867631854479926 False
1.3189456 0.3998319913186413 False
1.3045281 0.642753422967857 False
1.3045281 0.8390941153835663 False
0.746639 2.19882442396151 False
0.75310194 1.0364662851268716 False
0.746639 2.16809247931598 False
0.8132336 1.4543731264991975 False
0.7805453 4.501974938453669 True
0.7805453 4.502322733061475 True
0.80255896 1.9727517855667531 False
0.80255896 1.7980197464565335 False
0.84433216 1.4930353386617483 False
1.1115841 0.6375867997482442 False
1.0933886 -0.4478726188971848 False
1.1216902 0.8615366203754303 False
1.0933886 0.6003707955520373 False
1.1115841 0.46673556996074483 False
1.0933886 0.83969730830904 False
1.3289287 1.2997598113947921 False
1.3094581 1.2594677498321398 False
1.260571 1.2182703899449892 False
1.3094581 1.5811397646850753 False
1.260571 1.561982485396392 False
1.260571 0.21609063703052023 False
1.3419757 0.9614315712137191 False
1.5058652 1.259403665232409 False
1.3419757 0.9553073399038235 False
1.2226863 1.021248585074184 False
1.219471 1.1487262207389555 False
1.219471 0.5541798555987774 False
0.85588396 1.360952330453317 False
0.7748409 1.243248030048031 False
0.85588396 1.8445284860389926 False
0.7748409 1.6070723614932256 False
0.90660197 1.9678292111606774 False
0.7748409 1.719354957453341 False
1.1761295 0.9502860442037506 False
1.0651459 0.6262808582127001 False
1.1297629 1.3069452316085528 False
1.0651459 1.1188660711704308 False
1.1297629 1.4652864659368965 False
1.0651459 1.205329530192341 False
0.8918706 1.3472227691239165 False
1.2169281 1.1384323570876536 False
1.1144997 -0.3977320510521189 False
1.1236349 1.0986491769033326 False
1.1144997 1.125588653941249 False
1.1236349 0.08058786344297819 False
1.1144997 1.0845744807957256 False
1.2255136 -0.18463635859924488 False
1.2267691 0.4934435032139823 False
1.2255136 0.5761779155268967 False
1.4355804 -0.008769216832588245 False
1.3857675 0.40149305060135493 False
1.4355804 1.2648017516021262 False
1.3857675 0.5441345516122671 False
1.4401368 1.2873373323787995 False
1.3857675 1.200820844805694 False
1.3136572 0.2916889412789968 False
1.289573 0.5523110044738104 False
1.3136572 0.709504320653426 False
1.289573 0.20672691606118024 False
1.3280905 0.5004206622870394 False
1.289573 0.19193069009904978 False
1.3092692 0.9797773623775865 False
1.2592918 1.2814524584276024 False
1.2770427 -0.2179600424390398 False
1.2592918 0.9810527791455275 False
1.2770427 0.9513059526411104 False
1.2592918 1.267450131046709 False
1.2291238 1.0799734129499476 False
1.2437601 0.9816843207709134 False
1.2291238 1.3346161193606945 False
1.4114386 0.7105941050487165 False
1.6038738 0.8741801288295707 False
1.4114386 1.1010668241486865 False
1.0509133 1.2031628699839767 False
0.98879147 1.0888041649322233 False
0.98879147 1.4507899423506594 False
1.0747293 -1.4054478494026594 False
1.2151248 0.6970356697469023 False
1.2896127 -0.20329715281673014 False
1.5247359 0.5728973896046122 False
1.5799587 0.49119110583838077 False
1.5247359 -0.19284971819262903 False
1.3953637 0.6679209357625386 False
1.3166144 0.34260760094290443 False
1.0958723 0.6965006978689551 False
1.0228963 0.6636933129746084 False
1.265564 1.0829760470565855 False
1.2919219 0.9374650689957752 False
0.6858267 1.6218301523256466 False
1.2845514 0.8047981019080126 False
1.2983195 0.9131351318510521 False
1.6214329 0.10117621580855782 False
1.062567 -0.17601191342070305 False
1.0241088 -0.32873968931879755 False
1.4195127 1.3736067270961445 False
1.0404956 1.8205410980115613 False
1.0297059 0.6641050314238351 False
1.1513017 0.4180811922875092 False
0.9551212 1.016627126633662 False
0.87635076 0.948010051016959 False
1.2218127 0.49276482621819495 False
1.3888073 0.8466825731922333 False
1.22919 1.0014055810507005 False
1.3510528 0.6402606005416803 False
0.79720205 2.2535887125786673 False
1.1571995 -2.022067904678213 False
1.6758865 1.124456355673738 False
1.610636 0.8865422876767123 False
1.0023444 1.245363511660453 False
1.1618829 0.383322299434333 False
1.0872457 0.7157471822098544 False
0.98767436 0.5608409629382074 False
1.0210315 -0.13758579003586593 False
1.0214825 -0.8178645784966587 False
0.9846264 1.5902364802586988 False
1.3351732 1.184244265719822 False
1.0709906 1.5271319859461323 False
1.5890079 0.9177676613741302 False
1.2561558 0.9296686633224254 False
0.8237083 1.3273262843327793 False
1.247782 1.1512326524026342 False
1.2422634 1.1653018405455842 False
0.97920775 -0.13372306825260208 False
1.2684207 0.7186621569064539 False
0.7710085 0.29345265049022823 False
0.73042613 1.2313718015057171 False
1.30869 0.34917971596919967 False
1.3794076 0.8177360745844723 False
1.2099135 0.5871427385534698 False
1.1667607 1.140932680288373 False
0.97988325 1.4548649227543295 False
1.3427656 0.5673175599984869 False
0.4888056 0.6662237196444296 False
1.2693437 0.7618984272483178 False
0.918731 0.8272883999272768 False
0.888748 1.4810567724784338 False
1.3017342 0.5150437193049975 False
1.1027627 1.1628543525698936 False
1.1575633 0.375281532253263 False
1.0786657 0.47656702433886816 False
1.2108141 -1.0284003955091252 False
1.086933 1.781290976434811 False
1.1689835 0.9839250439281833 False
0.86049795 1.2564439744582754 False
1.0633533 1.6468593428121094 False
1.277449 0.2636761556863052 False
0.839161 1.0661660962975381 False
1.004443 1.5331737785276285 False
1.2263855 0.9833654318009394 False
0.90156657 1.352980811019166 False
0.9315321 0.5861774446348454 False
1.304189 0.6542544558141027 False
1.2036035 1.0864759026094564 False
1.1588618 0.23206328375189383 False
0.9480749 1.0298247774537344 False
0.9606731 0.8155764469271013 False
0.9989883 1.1510531466008254 False
1.1769221 0.8399919615288987 False
1.2365754 0.583608968442569 False
1.2136923 0.4361216517227308 False
1.3261558 0.5246947072582644 False
1.0591421 1.173581195073986 False
1.1696843 1.0667585675569493 False
1.0807856 0.5386838254115867 False
0.9992167 1.061761367615344 False
0.9753603 0.894060912752373 False
1.3068063 -0.04420133202073857 False
1.1944158 1.0640972036905645 False
1.0049437 1.361370957656885 False
1.2789236 1.0222027447024824 False
1.2053975 1.1317254212580417 False
1.2926984 0.5354084945845958 False
0.9240366 0.04435598635911228 False
1.3156089 0.614138366402559 False
1.5061973 0.8926563098752996 False
1.2772709 1.2604793677546036 False
1.0177646 0.4435132897286299 False
1.0177646 0.5850498016668125 False
1.0435276 0.8210560677330744 False
0.7144903 1.4706560113526734 False
1.1587692 0.7462200540510303 False
1.1974558 0.31645544357521727 False
1.1587692 0.5443698504754395 False
1.2505308 -0.4215867584130007 False
1.2408378 -0.9115864402103931 False
1.2408378 -0.5913797878080195 False
0.89160645 1.5932461138078382 False
0.88977474 1.115910450525134 False
0.88977474 1.7180744800357906 False
1.3353882 -0.6868097234224483 False
1.3384238 -0.034702846803883906 False
1.3353882 -0.14416343228870332 False
1.3434262 0.7992209076583245 False
1.349219 0.8381759342729641 False
1.3873564 1.252338089951391 False
1.3434262 -0.22838592861135185 False
1.3434262 1.063719085067959 False
1.349219 1.0409669788563793 False
1.2485907 0.833096592118614 False
1.2085174 0.9355645636929095 False
1.1727635 1.3410907483668604 False
1.2085174 0.25815115388174376 False
1.1727635 1.1796599913535109 False
1.1727635 1.1242393058209097 False
0.6754251 1.4931181454420674 False
0.6754251 1.7972723302118017 False
0.8122563 1.972279600250489 False
0.96043503 1.0493625241341518 False
0.96043503 0.63086190886497 False
0.87806004 0.9816950807540539 False
0.99127424 0.8407154717711748 False
0.87806004 1.3178916061794375 False
0.87806004 1.1418177457466323 False
1.0971462 1.2599058187997552 False
1.0751834 1.5289336542392644 False
1.0751834 1.7159827794088853 False
1.1178344 1.3201579987874141 False
1.1558207 1.0465531161921156 False
1.1558207 1.4993029094738242 False
1.1178344 0.9898233180891729 False
1.1178344 1.0281950132682487 False
1.1990514 1.3104769618357193 False
1.0174894 1.789100314808943 False
1.06811 1.4715756466174468 False
1.0174894 1.5038722443147983 False
0.9502611 1.3401909496528586 False
0.7995328 0.7362521440103954 False
0.7995328 1.4366941436758083 False
1.2799278 0.611268588038417 False
1.3614699 0.5390269804028515 False
1.2799278 0.8776722382821959 False
1.4503465 -0.19151323218176375 False
1.4443511 0.24834299853877595 False
1.4804212 0.3019155673803248 False
1.4443511 0.0523463021440111 False
1.4503465 0.1337531248723933 False
1.4443511 -0.6334398052124494 False
1.3636802 0.8456125537856665 False
1.3219745 0.44431975429183124 False
1.3219745 0.6259948566357749 False
1.2510427 0.4623517464121936 False
1.1727287 0.17944428937696988 False
1.0475812 1.0698986414246165 False
1.185475 1.2264047194040364 False
1.0475812 0.707229018110466 False
1.5368682 0.6249629465521371 False
0.82676286 0.8174375955993844 False
1.0549481 1.5312516605547606 False
1.38244 0.1596293221700077 False
1.4042975 0.2132010701438602 False
1.0586655 0.5675083143226873 False
0.9314942 1.86265627770486 False
1.1345966 0.7827733864993538 False
1.179785 1.3532389473022008 False
1.1791658 -0.7202532260129139 False
1.0449356 1.3121791602521238 False
1.628005 -1.1687244438983715 False
1.0054641 0.9256412606202367 False
1.0858507 1.8665856108423176 False
1.0863383 0.33759066737756815 False
1.4794087 1.4101085865676162 False
1.1492496 0.12193807379392399 False
1.2385954 0.9714507190553954 False
1.3374745 -0.5584024145814249 False
1.234357 0.15452168872232114 False
1.382781 1.4418841825945243 False
0.97374874 0.9079570273391688 False
1.0361242 1.3264315321077031 False
0.8358849 0.7539497337612606 False
1.1695427 1.6552921539702097 False
0.6829773 5.358060235146236 True
1.1015273 0.6842914829546378 False
1.3715973 0.4260392418902116 False
0.92199224 1.719726434256879 False
1.1911712 0.7780568723791695 False
0.64511365 1.8335980250244392 False
1.0267102 -0.7739609557973525 False
0.6615901 1.4667982894710734 False
1.3250598 0.44106463283079533 False
0.8857281 1.0838370650451419 False
1.0388014 -0.3188733852738373 False
1.2676007 0.9298845119583306 False
1.1166803 0.7896110010722208 False
1.4166089 1.1131542874977742 False
1.2195274 0.5169426187485779 False
0.913522 1.2401284003381947 False
1.1542513 1.222633838083078 False
1.5061072 -0.32675923986937916 False
1.6208584 -0.05070261503690715 False
0.9757595 0.840778875723759 False
1.0770147 -0.41497837987995034 False
1.1752065 0.4869117513134034 False
1.4798199 0.8636156486650477 False
0.9694845 0.11612097555078273 False
1.0632179 1.310347816728673 False
0.7524138 0.770677567231464 False
1.6901416 0.19548074031316917 False
1.4861827 1.2710983465653962 False
1.4811714 -0.3445183877530539 False
