desi_data/desi_elg_ts_zenodo/elg_lop-800efftime1200-0.6z1.6-dvrp-zenodo.ecsv
# %ECSV 0.9
# ---
# datatype:
# - {name: DV, datatype: float64}
# - {name: NORMCOUNT, datatype: float64}
# schema: astropy-2.0
DV NORMCOUNT
-99.5 0.00021133829978337823
-98.5 0.00047551117451260106
-97.5 0.00026417287472922283
-96.5 0.0003698420246209119
-95.5 0.0003170074496750674
-94.5 0.0003170074496750674
-93.5 0.0005283457494584457
-92.5 0.0003698420246209119
-91.5 0.0001585037248375337
-90.5 0.0003170074496750674
-89.5 0.0001585037248375337
-88.5 0.0003170074496750674
-87.5 0.00021133829978337823
-86.5 0.00042267659956675646
-85.5 0.00010566914989168912
-84.5 0.0005283457494584457
-83.5 0.0003698420246209119
-82.5 0.00010566914989168912
-81.5 0.00026417287472922283
-80.5 0.0003698420246209119
-79.5 0.0001585037248375337
-78.5 0.00026417287472922283
-77.5 0.0008453531991335129
-76.5 0.00021133829978337823
-75.5 0.0005283457494584457
-74.5 0.00042267659956675646
-73.5 0.0003698420246209119
-72.5 0.0006868494742959792
-71.5 0.0003170074496750674
-70.5 0.00047551117451260106
-69.5 0.0003170074496750674
-68.5 0.0003170074496750674
-67.5 0.0003170074496750674
-66.5 0.00021133829978337823
-65.5 0.00026417287472922283
-64.5 0.0005283457494584457
-63.5 0.00047551117451260106
-62.5 0.0005811803244042901
-61.5 0.00047551117451260106
-60.5 0.00047551117451260106
-59.5 0.00047551117451260106
-58.5 0.0003170074496750674
-57.5 0.0008981877740793575
-56.5 0.0006340148993501347
-55.5 0.0003698420246209119
-54.5 0.0005811803244042901
-53.5 0.0008453531991335129
-52.5 0.0007396840492418238
-51.5 0.0005283457494584457
-50.5 0.0006340148993501347
-49.5 0.001320864373646114
-48.5 0.0011095260738627358
-47.5 0.0010038569239710466
-46.5 0.0010566914989168913
-45.5 0.0012151952237544248
-44.5 0.0009510223490252021
-43.5 0.0009510223490252021
-42.5 0.0008981877740793575
-41.5 0.0012680297987002695
-40.5 0.0011623606488085803
-39.5 0.0012151952237544248
-38.5 0.0012680297987002695
-37.5 0.0008453531991335129
-36.5 0.0013736989485919585
-35.5 0.0015850372483753369
-34.5 0.0016378718233211814
-33.5 0.0019020446980504042
-32.5 0.0021133829978337826
-31.5 0.0019020446980504042
-30.5 0.0020077138479420932
-29.5 0.0029587361969672953
-28.5 0.0028530670470756064
-27.5 0.002536059597400539
-26.5 0.0028002324721297617
-25.5 0.004649442595234321
-24.5 0.0038569239710466528
-23.5 0.0037512548211549638
-22.5 0.005230622919638612
-21.5 0.0044909388703967875
-20.5 0.005653299519205368
-19.5 0.005917472393934591
-18.5 0.006762825593068103
-17.5 0.006445818143393036
-16.5 0.007132667617689016
-15.5 0.007978020816822529
-14.5 0.0106725841390606
-13.5 0.011570771913139958
-12.5 0.013525651186136207
-11.5 0.014053996935594653
-10.5 0.015216357584403234
-9.5 0.017276906007291173
-8.5 0.020394145929096
-7.5 0.023141543826279917
-6.5 0.024620911924763567
-5.5 0.02747397897183917
-4.5 0.03170074496750674
-3.5 0.03476515031436572
-2.5 0.0417393142072172
-1.5 0.043799862630105144
-0.5 0.047920959475881014
0.5 0.048290801500501926
1.5 0.04295450943097163
2.5 0.039942938659058486
3.5 0.03624451841284937
4.5 0.03117239921804829
5.5 0.029957203994293864
6.5 0.027843820996460083
7.5 0.021028160828446135
8.5 0.018967612405558196
9.5 0.017065567707507792
10.5 0.015956041633645057
11.5 0.01331431288635283
12.5 0.012680297987002695
13.5 0.011306599038410735
14.5 0.010619749564114756
15.5 0.008770539441010198
16.5 0.00903471231573942
17.5 0.007766682517039151
18.5 0.0068156601680139485
19.5 0.00660432186823057
20.5 0.00544196121942199
21.5 0.005072119194801078
22.5 0.00417393142072172
23.5 0.0044909388703967875
24.5 0.004068262270830032
25.5 0.0033814127965340517
26.5 0.0029587361969672953
27.5 0.0031700744967506737
28.5 0.0032757436466423627
29.5 0.0031700744967506737
30.5 0.00301157077191314
31.5 0.0023247212976171606
32.5 0.002166217572779627
33.5 0.001796375548158715
34.5 0.002536059597400539
35.5 0.002166217572779627
36.5 0.0012151952237544248
37.5 0.0012680297987002695
38.5 0.001320864373646114
39.5 0.0010566914989168913
40.5 0.0010038569239710466
41.5 0.0007925186241876684
42.5 0.0012680297987002695
43.5 0.0010566914989168913
44.5 0.0008453531991335129
45.5 0.0008453531991335129
46.5 0.0007396840492418238
47.5 0.0007396840492418238
48.5 0.0011623606488085803
49.5 0.0006340148993501347
50.5 0.0003698420246209119
51.5 0.0005283457494584457
52.5 0.0007396840492418238
53.5 0.0007396840492418238
54.5 0.0005811803244042901
55.5 0.0006340148993501347
56.5 0.0006340148993501347
57.5 0.0007925186241876684
58.5 0.0005283457494584457
59.5 0.0006340148993501347
60.5 0.0006340148993501347
61.5 0.0006868494742959792
62.5 0.00042267659956675646
63.5 0.00047551117451260106
64.5 0.0007396840492418238
65.5 0.0003170074496750674
66.5 0.00047551117451260106
67.5 0.00042267659956675646
68.5 0.0003170074496750674
69.5 0.0006868494742959792
70.5 0.0003170074496750674
71.5 0.0003698420246209119
72.5 0.0006868494742959792
73.5 0.00021133829978337823
74.5 0.0003170074496750674
75.5 5.283457494584456e-05
76.5 0.00021133829978337823
77.5 0.0005283457494584457
78.5 0.0003170074496750674
79.5 0.00026417287472922283
80.5 0.00021133829978337823
81.5 0.00021133829978337823
82.5 0.0003170074496750674
83.5 0.00026417287472922283
84.5 5.283457494584456e-05
85.5 0.00026417287472922283
86.5 0.00021133829978337823
87.5 0.00010566914989168912
88.5 0.0001585037248375337
89.5 0.0003170074496750674
90.5 0.0001585037248375337
91.5 0.00010566914989168912
92.5 0.00021133829978337823
93.5 0.00026417287472922283
94.5 0.0003698420246209119
95.5 5.283457494584456e-05
96.5 0.00021133829978337823
97.5 0.0
98.5 0.00021133829978337823
99.5 5.283457494584456e-05
