desi_data/desi_elg_ts_zenodo/elg_lop-800efftime1200-0.6z1.6-catarp-zenodo.ecsv
# %ECSV 0.9
# ---
# datatype:
# - {name: LOG10_FOII_SNR, datatype: float32}
# - {name: LOG10_DV, datatype: float64}
# - {name: ISCATA, datatype: bool}
# schema: astropy-2.0
LOG10_FOII_SNR LOG10_DV ISCATA
[from data line 1368]
1.1455668 0.23684087402909862 False
1.1570661 0.7595486271770457 False
1.1570661 0.41591280266989755 False
1.2193997 0.49732389078515005 False
0.99648225 0.9780744776649662 False
1.0737072 1.272399044685466 False
1.4348255 1.0589833020339163 False
1.0432181 0.1998048521206273 False
1.3517482 0.44320158851238506 False
1.0399657 1.515781987921233 False
1.2326216 1.3524611877256338 False
1.154812 1.2520512954286067 False
1.4619136 -0.02120021802310103 False
1.1703805 1.2597841636428253 False
1.1410289 0.35915725463602427 False
1.1410289 1.3111847050668612 False
1.2067138 0.7499045043359 False
1.1048489 0.607718641320255 False
1.1184797 0.6825907990268996 False
0.82416207 0.21539241816767993 False
1.0660926 0.19994360235902808 False
1.0502955 0.380086986961155 False
1.2358094 0.5740222088840463 False
1.0443727 1.5619419944010828 False
0.9442641 0.42760448093259756 False
0.9442641 1.0068890324807935 False
0.9561645 1.1084545659251335 False
1.0110769 0.5350125893081027 False
1.0419719 0.008635553764050277 False
1.0419719 1.33222301658091 False
1.1637557 1.3523628288861294 False
1.359138 0.8427978334144004 False
1.0508336 0.16215283772582822 False
1.3235613 0.5618691676329297 False
0.97208 1.0560064103402442 False
1.2536972 1.7130277160466445 False
1.0929173 0.9848728844832646 False
1.1321725 0.5092156683466156 False
1.4497648 -0.20620579739988912 False
1.1436564 -0.22284698090260718 False
1.1178838 0.7669707673583598 False
1.1596581 0.6437607241377811 False
1.4583012 0.42297644122963174 False
1.0192529 0.008621302069401718 False
1.2186525 -0.5642016543837378 False
0.72539926 0.44222218742750485 False
1.4659082 0.8344944623587892 False
1.2359918 -0.020865744515497147 False
1.0898106 0.9508288978005496 False
0.8590204 1.582147043450719 False
1.044748 1.3234901502983825 False
0.8341728 -0.2751622367806055 False
1.222805 1.2092932248049102 False
1.1831083 0.49188272494588314 False
1.2578256 -0.305538943741239 False
1.1704165 -2.4151480061611754 False
1.2117188 -0.09991471760914471 False
1.1898371 0.1994175807466367 False
1.2436303 1.4792290949773894 False
1.440297 0.658041965260176 False
1.2237597 1.339161115497415 False
1.262561 0.8149136872728163 False
1.2666991 0.5802388120488028 False
0.9086627 0.26767353727046367 False
1.4867152 0.009054446086325945 False
1.1575711 0.6579007213744835 False
0.9013965 1.259889619726551 False
1.2614464 -0.18955777579641586 False
1.5221035 1.415329474149476 False
1.2314092 0.6389930095298876 False
1.4578669 0.8007682353650393 False
1.1313801 0.9892599758143867 False
1.2160522 1.2245833836530575 False
1.1459237 -1.1156709596859848 False
0.9283396 1.2740423852915217 False
1.3383672 -0.186483039662426 False
0.88244385 1.3824267233453047 False
1.2598091 1.2644509849035803 False
1.2415172 0.7898540364525302 False
1.1653314 0.8390922519104898 False
0.67696464 1.0885610765406484 False
1.3868941 0.6239528980329653 False
1.0841179 1.5635231573241408 False
1.1759452 1.0801521348448822 False
1.5668519 0.7160590728912768 False
1.3967755 0.5242651097398415 False
0.8372384 1.3960090931353863 False
1.4162067 0.5617388309585882 False
1.2049224 1.237325493287173 False
0.84503293 1.2327116668265545 False
1.399921 1.1391066696881178 False
1.2017449 0.6527481495143518 False
1.3576981 1.284112554484674 False
1.1303452 0.9536126744110628 False
1.5067368 1.0963346989041916 False
1.4431269 0.7781086461811305 False
1.0086374 0.7557849601572749 False
0.86524034 1.9038605601985799 False
1.1770906 1.0644237620806565 False
1.152881 -0.6082992232834494 False
1.1878788 0.8280956318571062 False
1.0105728 0.33786625094829664 False
1.1331654 1.7631390012721952 False
1.5051532 0.8584205672196579 False
1.2374945 0.9063068799952673 False
1.0987879 0.8647651531046247 False
0.5587263 0.3742359368077846 False
0.9688936 -0.4598604209891003 False
1.0854869 1.138685017580634 False
1.1079224 1.3096434156542096 False
1.0521518 1.3555585208040326 False
1.260873 1.0005194417357433 False
1.2026665 0.32663299919736244 False
0.65495574 1.9484931529798182 False
1.5454878 -1.8400254568917092 False
1.3372397 1.048272436484051 False
1.4102796 0.8714891222421008 False
1.129645 0.5114713251143171 False
0.6309933 1.8926502468965372 False
1.0206757 1.0148816620524417 False
1.1734535 0.6132850693174244 False
1.2418802 0.5579103070871612 False
1.213128 1.024533129907105 False
1.1250783 0.7845498980621416 False
1.1329273 0.02967525992927931 False
1.1963968 0.5989002683427741 False
1.0754744 0.7195927541086214 False
1.1963968 -0.6507080019483829 False
1.0754744 0.1045448284029986 False
1.2689209 0.5737469351361346 False
1.0754744 0.7006808804363844 False
1.1809385 0.8177983211777508 False
1.1017607 1.0077860478565006 False
1.1017607 1.2241389762174437 False
1.0408167 0.14367885901814045 False
1.0011123 1.0552380739210678 False
1.0591506 0.32553799662780425 False
1.0011123 0.9984446627953322 False
1.0408167 -0.14027032933507416 False
1.0011123 0.9656989045901867 False
1.0872992 0.9118608058036901 False
1.0872992 0.8008437113811478 False
1.0872992 1.2037218762735038 False
1.0952554 1.1609318247449794 False
1.0952554 1.3829028282040103 False
1.1308544 0.9851251519543232 False
0.89439994 1.2549701572248018 False
0.91196483 0.7831775113829085 False
0.89439994 1.3812211311507228 False
1.3158298 1.2539559381406613 False
1.3158298 1.081502497664632 False
1.3395743 0.769440338607414 False
1.4096282 -0.04537763942867208 False
1.3956976 0.3488025306825917 False
1.4210737 0.5016995662103477 False
1.3956976 0.12443032085451364 False
1.4096282 0.6101784375969467 False
1.3956976 0.7329784001672991 False
1.4901239 0.14452198829917698 False
1.4901239 0.8176511609085362 False
1.4554955 -0.04222064947557529 False
1.4950074 0.9012453826755359 False
1.4554955 -0.31205157930767446 False
1.4554955 0.8738331577950105 False
1.1695051 0.7462452664233796 False
1.1695051 0.7367013831095919 False
1.1695051 1.3293563180515013 False
1.2529757 1.0425376127860806 False
1.2529757 1.4301309145729406 False
1.2982733 1.2012288497299874 False
1.3800367 0.5818293767382183 False
1.3457983 0.7658108245637946 False
1.3574747 0.9422953485808871 False
1.3457983 0.3040580344723635 False
1.3574747 0.6935432299758485 False
1.3457983 0.46596800554020174 False
1.0693933 0.4134960641355479 False
1.0657525 -0.16680425070355479 False
1.0693933 0.3990973429149367 False
1.0657525 0.28105113850842806 False
1.1852593 0.7073826151775514 False
1.0657525 0.5034829008617142 False
0.9311419 0.8843908035987674 False
1.1787711 0.8949678933090519 False
1.2889165 0.4323959946377838 False
1.1787711 0.7114263697513421 False
1.3100398 0.8511483278264428 False
1.2292268 0.3975438687248951 False
1.2292268 0.9820970030617203 False
1.3927066 0.5794955439565217 False
1.3506016 1.7113218495311775 False
1.3927066 1.250647200516329 False
1.3506016 1.6780227769715705 False
1.404613 1.1465004835334152 False
1.3506016 1.5268422011625924 False
0.9388426 0.8056715735396283 False
1.0785329 -0.02872850408905613 False
0.9388426 0.8650060057875117 False
0.8371098 0.9073327946958446 False
1.0145626 1.4212817917327483 False
0.6252558 0.7526025637523591 False
0.8371098 1.5373139150757726 False
0.6252558 1.1378641393927753 False
0.6252558 1.3164188513560102 False
1.3039193 0.7060704306742533 False
0.8714704 1.260523962235221 False
1.2674072 0.5454405481865666 False
0.6251803 4.863282970150442 True
0.7417918 4.863277219123542 True
0.6251803 0.10642043829049157 False
1.3309596 1.6389676950517542 False
0.83982897 1.1166927323793874 False
1.4535159 1.2189352777060032 False
1.2481424 0.6272818619518983 False
0.9150668 1.6948897908952043 False
1.04185 1.1684463959047897 False
1.0348916 0.7756461755398144 False
1.2040358 0.08437354583042797 False
1.2040358 1.4085287314949537 False
1.247308 1.428646068787429 False
1.1188787 1.2662701457765386 False
1.1063329 1.1376102313795529 False
1.254376 -1.0140846234831882 False
1.1404376 -0.29137415836458075 False
1.1404376 -0.2160607648101389 False
0.9385023 0.707963793591791 False
0.8308751 -0.025780122629014964 False
0.8308751 0.781531927551224 False
1.1570432 0.7784708557343755 False
1.4379749 0.20739552294315922 False
1.1144288 1.1401672543108206 False
1.2719166 0.8054651493609839 False
0.9394837 1.2814559249838555 False
0.89886 1.0837810770037444 False
0.8954163 1.027691514096015 False
1.1143602 0.8410732940401631 False
0.85482633 0.6763859814877051 False
1.0924376 0.07101649283568995 False
1.119046 0.7292854650937186 False
1.1061202 0.9288624166268484 False
1.1168046 1.1237063487772465 False
1.4477516 0.7013673183562836 False
1.1859754 0.46638555279742056 False
1.1594018 1.3589158797175125 False
1.079997 1.0351060749609944 False
1.0682735 0.8430073868070276 False
1.1623641 0.8713213623244345 False
1.2222649 0.7530417591578964 False
1.0113764 1.507327687115819 False
1.2714534 0.9751113757795289 False
1.3221216 0.8175124858318948 False
1.4232672 0.8313338345356867 False
1.2136985 1.3638088124564085 False
0.65918565 -0.18748890515537894 False
1.0263674 1.0997757917806068 False
1.3706286 0.6297261497942263 False
1.0041829 1.6494381682120052 False
1.3243221 0.728267806451828 False
1.6220953 0.4555812768535898 False
0.5334094 2.0816224116618196 False
1.1612486 0.5863989210168932 False
1.5245411 0.45832053466303496 False
1.2034602 0.9653572856101511 False
0.6742264 0.5937717397124711 False
1.1721603 1.6428401009167328 False
0.72013754 2.3728876605577565 False
1.1176153 1.179227621464642 False
1.0061629 -0.16536198262986496 False
0.78690314 1.5789690928669518 False
1.3028445 0.8496512243523626 False
1.118887 0.7638826755941713 False
1.297025 0.7994193122873579 False
1.3962827 1.276933839575937 False
1.2250198 1.4412166255349026 False
1.6153561 0.5167603300196121 False
0.8269668 0.6392518041900876 False
1.2927747 1.0138103239733909 False
0.9342618 1.0928794282828485 False
1.3962442 0.9421578247812709 False
1.4330882 0.3869156941855584 False
1.2166097 1.173998614357608 False
1.3734798 0.6267763790231764 False
0.89559835 1.5364980288097896 False
1.0333614 0.9334690582875517 False
0.8855125 1.3527611555251586 False
1.292189 -0.22413491592998075 False
0.5659044 1.4115092030411582 False
1.1423354 0.9739969670004106 False
1.0826845 1.2927463371513077 False
1.2968653 0.9030316967527202 False
1.1399899 1.5302532495022707 False
1.1399899 1.4133994430109316 False
1.42543 0.5479344431569698 False
1.1955676 1.0947733163928868 False
1.4407606 0.5548131660458893 False
1.2211411 0.8098238554318004 False
0.51185054 -0.38311996887814226 False
0.30623174 1.4613540910636094 False
1.3682735 1.5467157797767426 False
1.0271856 0.3280476530904668 False
0.95621306 1.0542861312777816 False
1.0984077 -0.6018022806840101 False
1.0699527 0.47221619064107623 False
1.1411625 0.4453408816786402 False
1.0097023 1.1357927507817505 False
0.41462442 1.251316409214291 False
0.9080006 0.8811334383009269 False
1.2799767 0.23408668399885724 False
1.2047969 -0.6731497442697317 False
0.913466 1.8073866225808835 False
1.3763025 1.0695053978108804 False
0.8981341 0.6764638080251536 False
1.1781782 -0.08575453559329818 False
1.3986448 1.6868048496811874 False
1.135442 1.3603861161779798 False
0.7650314 0.5867749357212868 False
1.3495175 0.8865895169584724 False
1.2256645 1.7580230571380204 False
1.1919184 0.6848028562964287 False
1.3820995 0.5290290501113082 False
1.2473079 0.7111388465873173 False
1.3096155 0.909340052062982 False
1.2018559 0.2849945230432893 False
1.2878416 1.3720556488934335 False
1.2629181 1.69334851969712 False
1.2629181 1.862755861741343 False
1.1849012 1.2772051046663697 False
1.2340132 -0.13020587025222707 False
1.2340132 0.7582934223067989 False
1.2635037 0.6981775642872136 False
1.1703072 -0.4235933508448335 False
1.0745791 1.0791836593797037 False
1.3284577 1.2252431829325263 False
1.18876 0.7250012559085062 False
1.2735882 0.1167651007242925 False
1.2387502 1.427961303242379 False
0.38047543 -0.2796973115688301 False
0.9827045 2.020379225358659 False
1.2592673 0.3332667149055465 False
1.3475138 0.6022085831846665 False
1.3475138 0.7762910477824501 False
1.3731976 0.9989502271305728 False
0.91086394 1.08672708312949 False
0.9198999 1.0385886650238891 False
0.91086394 1.3643721920834697 False
1.3807396 0.19058123396849191 False
1.2767143 0.25507941691728697 False
1.3862398 0.6529631583624572 False
1.2767143 -0.6050052164314937 False
1.3807396 0.4693125481424648 False
1.2767143 0.43107949963069625 False
1.1739491 0.8029510307946583 False
1.0673931 -0.18901506165539786 False
1.0468298 1.619658922823579 False
1.0906025 -0.36755463536295163 False
1.0468298 1.6263531069158643 False
1.0673931 -0.6612816462612353 False
1.0468298 1.6241691046973934 False
1.3515943 1.0474048819372554 False
1.3676847 0.5580700172823566 False
1.3515943 0.877277834338987 False
1.3731099 1.4577520359835394 False
1.3453335 0.6464351503925465 False
1.3731099 0.606157974974075 False
1.3453335 1.3849520356274216 False
1.385037 1.391920098154348 False
1.3453335 -0.4062666948045821 False
1.2888185 0.8508634595313671 False
1.2348802 0.7270751435852776 False
1.2888185 0.18701404612126085 False
1.2348802 0.24534408422714482 False
1.3343682 0.9361092068549618 False
1.2348802 0.8371209735634795 False
1.468494 0.22771944939847505 False
1.404412 -0.47114622320739574 False
1.4796997 0.29811202412252763 False
1.404412 0.3069156385387268 False
1.468494 0.5653679233223838 False
1.404412 0.21713060420854668 False
1.4241387 0.7231422007830417 False
1.4334502 0.49648676615804627 False
1.2857729 0.0992772471595696 False
1.4241387 0.33232157706432264 False
1.2857729 0.6052427625124589 False
1.2857729 0.27415488407365335 False
0.68225694 1.7176955407568961 False
0.8102786 1.4127227059800398 False
0.68225694 1.8925521239126797 False
1.2813436 1.1331704469928705 False
1.1985142 1.045613335904424 False
1.167433 1.513460118582061 False
1.1985142 0.3946539481473436 False
1.167433 1.2794526106037198 False
1.167433 1.3326723693696587 False
1.3114314 0.233738288244415 False
1.3578459 0.28488746979170504 False
1.3217945 0.5167908282332206 False
1.3114314 0.5610929724999761 False
1.3114314 0.19700447001585067 False
1.3217945 0.7171703499837605 False
1.4778612 0.544357490748604 False
1.112173 0.9358730955046247 False
1.112173 0.6140419222824952 False
1.1175902 1.1051282352843754 False
0.9390109 1.2742087790032313 False
0.91985655 1.2863162022246943 False
0.91985655 -0.2744287944585391 False
1.3685744 0.7943432052613282 False
1.2727407 0.972212525974631 False
1.2700769 1.2879332789150542 False
1.2727407 0.4986166815896067 False
1.2700769 1.119838985731286 False
1.2700769 1.0010997289324772 False
1.3156439 0.4898357246975393 False
1.4236128 1.1362232935139374 False
1.2510554 0.44924182931641576 False
1.2510554 1.247619255817229 False
1.2607994 1.3117377032060271 False
1.0680735 -0.239975454186757 False
1.1267068 0.8452779769329515 False
1.0680735 0.8795751607039454 False
1.57119 0.8885945489237 False
1.5426066 0.7362102024725543 False
1.5426066 0.3597727772813854 False
1.3440453 1.0740879395001806 False
1.2724289 1.6695782870910225 False
1.2724289 1.5424445790833683 False
0.97998077 1.8075994524347483 False
1.0544488 1.9193416724823218 False
0.97998077 1.2751938645345469 False
1.3677247 -0.3595275989850632 False
1.264017 -1.4067514066643936 False
1.264017 -0.32222261880997183 False
1.3127048 1.3757247011248335 False
1.378214 1.2528229280176841 False
1.3127048 0.767530272226201 False
1.3618885 0.7031555249649452 False
1.3618885 0.7013269309774111 False
1.3691082 1.00327949950309 False
0.9352044 1.7271964274897615 False
0.9253634 1.6366036716773888 False
0.9253634 1.0020736200951976 False
1.107768 1.4367726561314687 False
1.0326397 1.9243172439636052 False
1.0326397 1.753384921321161 False
1.3651047 0.03588279746304955 False
1.381656 0.8605659352179186 False
1.3651047 0.9211612721424512 False
0.94954246 1.3759863304568067 False
1.2259858 0.8127209739457044 False
0.94954246 1.2372713232269381 False
1.271092 0.8232594399411439 False
1.3244587 0.43594854820820417 False
1.271092 0.972441360624847 False
1.197116 1.1305161022851538 False
