desi_data/desi_elg_ts_zenodo/elg_lop-800efftime1200-0.6z1.6-catarp-zenodo.ecsv
# %ECSV 0.9
# ---
# datatype:
# - {name: LOG10_FOII_SNR, datatype: float32}
# - {name: LOG10_DV, datatype: float64}
# - {name: ISCATA, datatype: bool}
# schema: astropy-2.0
LOG10_FOII_SNR LOG10_DV ISCATA
[from data line 9128]
1.254176 0.8220620251893184 False
1.254176 0.7970976165249971 False
1.0701298 0.7088439866537178 False
1.0701298 1.1638842328146277 False
1.0701298 0.12714918361062394 False
1.0809184 0.9763092690018129 False
1.0809184 0.5768915521584863 False
1.085061 1.1220018979371817 False
1.2529382 0.9159148438369392 False
1.2529382 -1.201087581602258 False
1.227363 0.5332660856892687 False
1.2529382 -0.43639518661227045 False
1.2578349 0.9192314536123617 False
1.227363 0.6835763195634759 False
1.2990265 0.9348066994068742 False
1.227363 0.5411993683350412 False
1.2578349 -0.5183190797159671 False
1.227363 0.5775110472521868 False
1.255516 1.6017143553511322 False
1.2358207 1.2121156533780781 False
1.236855 1.3070035635784865 False
1.255516 0.7761323180924734 False
1.2358207 1.3742722830841576 False
1.236855 1.2943297526363962 False
1.27098 1.5314858043467685 False
1.2358207 0.5998732713066568 False
1.2358207 1.0139190370096787 False
1.236855 1.1555118158749866 False
1.2472458 0.2628797943303721 False
0.9232861 0.4178670376966975 False
1.1150674 1.049651114277643 False
1.098903 0.9578597476233701 False
0.9232861 0.9341810966086281 False
0.9232861 0.8100870180892865 False
1.098903 0.3295647803018259 False
1.4782996 0.6722398214935996 False
1.4782996 0.4560485664061098 False
1.4747367 0.913883199497476 False
1.5367286 0.26567974852259296 False
1.4747367 0.5440466697860868 False
1.4747367 0.7278217726464056 False
0.66829985 1.6885233983850503 False
0.98140216 0.6717010272231005 False
0.90744436 0.8513913784862016 False
0.98140216 0.7858417404538383 False
0.98140216 0.7080450327814558 False
0.90744436 0.3813732436798011 False
1.0593048 1.0335336237019794 False
0.9992911 0.9912762941601102 False
0.90744436 1.1208718000920281 False
0.90744436 1.0866254995814146 False
0.9992911 0.0007096522500476047 False
1.479116 0.7598232938232514 False
1.4446846 0.6963369309904139 False
1.4316372 0.19469075965553564 False
1.4446846 -0.1066287959657791 False
1.4316372 0.8643825985957645 False
1.4316372 0.8152802499637728 False
1.0053589 0.9586935403947329 False
0.9789172 0.6510754497094667 False
1.0286158 1.243057230482096 False
1.0539634 1.1256282341514539 False
0.9789172 0.6641663645797505 False
1.0053589 0.9247089103590087 False
1.0053589 0.6296066764649357 False
0.9789172 1.1147129265583129 False
0.9789172 0.9482535080402773 False
1.0286158 0.6176813038075807 False
1.3308812 0.8451596438837499 False
1.3308812 0.22989147813836858 False
1.3198894 0.2658427585359309 False
1.3955739 0.9394701047151041 False
1.3198894 0.9467246996359728 False
1.3198894 -0.8340812939997949 False
1.2105122 0.9223691508237148 False
1.2696335 1.0156776108323402 False
1.1926777 0.8716971076084038 False
1.2105122 0.3020071933407923 False
1.1926777 -0.03572433458457168 False
1.1926777 0.4662088306569832 False
1.3866194 0.9649339415086886 False
1.289048 1.038409922749349 False
1.3131258 1.0296778849917663 False
1.289048 0.2305642137711418 False
1.3131258 0.17113620236299482 False
1.289048 -0.6626016607776735 False
0.99652267 1.6965516174609883 False
0.99652267 -0.6105523629830426 False
0.99652267 1.2187563732791264 False
1.0397024 1.6987597059618487 False
1.0501515 1.5208689975749872 False
1.0397024 1.2251427443327005 False
1.4669651 0.8740993877536432 False
1.4669651 0.9354681259999087 False
1.4669651 0.5458346067629408 False
1.5300988 0.05529706464413859 False
1.5032822 0.5986857489801383 False
1.5032822 0.7079796338073036 False
1.4633894 0.9719218306697424 False
1.0903599 0.3695039235255833 False
1.1453576 0.9444411761673677 False
1.1223428 1.0706483063294379 False
1.1431293 0.9762400393404159 False
1.1223428 0.47238416637986713 False
1.1431293 -0.17492235430706587 False
1.1223428 0.3615417114676262 False
1.1075833 0.9517928669265151 False
1.077704 0.9505693289171697 False
1.0879467 0.4280973448398818 False
1.077704 -1.5989985687739905 False
1.0879467 1.0655349042457138 False
1.077704 1.0645936551588098 False
1.2123432 0.20784899464350023 False
1.2123432 0.0345601595370199 False
1.2123432 0.682561906999808 False
1.1661394 0.5460386304405289 False
1.2474283 -0.27493428690906757 False
1.2440748 0.8081016445887996 False
1.1661394 0.2792355272023558 False
1.2440748 0.7706625882248032 False
1.1661394 0.38615614655302777 False
1.1661394 0.9206799165172458 False
0.970775 0.8655652811320093 False
1.0507811 1.2953484361322507 False
1.005342 1.2284536155526689 False
0.970775 1.432603525534808 False
0.970775 1.384877750824861 False
1.005342 0.4499670485360229 False
1.2103274 0.6774059010830994 False
1.2103274 0.696046943881957 False
1.2103274 0.7968252004672105 False
1.2595953 0.9878633181325046 False
1.2188674 0.17778000204951058 False
1.2188674 1.0503755437972824 False
1.1228775 1.1741377896242837 False
1.1570383 1.7748594462891862 False
1.1181266 0.4506845047427118 False
1.1228775 1.6494520483579163 False
1.1181266 1.2493115108543673 False
1.1181266 1.7948878759916624 False
1.1498154 0.40374034720244895 False
1.10909 -0.0071388344292420015 False
1.1486181 -0.12327460731860745 False
1.10909 0.19031205891811365 False
1.1486181 0.5167363504748975 False
1.10909 0.23969520762055535 False
1.1991816 0.8249601122311432 False
1.0363445 1.158499051864231 False
1.0363445 0.8904661064209742 False
1.0091597 0.8434927672153675 False
1.1221443 0.821736397425514 False
1.0091597 0.870988687313275 False
1.0091597 -0.09875302467250657 False
1.3937229 -0.3313317562191866 False
1.2143389 1.4429804570589324 False
1.2747897 1.7225723572918108 False
1.2675536 1.6724419094915888 False
1.2143389 1.3990309913045536 False
1.2143389 1.28571662774502 False
1.2675536 0.7601419697913516 False
1.4897689 0.20936259127150852 False
1.4897689 0.12422698258453406 False
1.32647 0.7880589438220054 False
1.5020189 -0.5401807679206416 False
1.32647 0.6550467625062172 False
1.32647 0.6819034397403517 False
1.1287184 -1.0650398161696304 False
1.1293876 0.53559981760625 False
1.1287184 0.5245678280120585 False
1.4172114 1.1021973389494177 False
1.4172114 0.05348856357238721 False
1.4172114 0.3073507475240085 False
1.4578898 1.0615478600025794 False
1.4347141 1.166816346289473 False
1.4347141 0.4997421243243042 False
0.9233614 1.3586459081232427 False
0.83258504 1.868552140872949 False
0.73014116 0.9852311757537865 False
0.6710941 2.164673036873905 False
0.73014116 1.698674902281706 False
0.6710941 2.134962158332935 False
0.8129946 1.7754911137153868 False
0.6710941 2.292631085811227 False
1.0030533 0.7039201924183407 False
1.2017753 0.8343075700974206 False
1.2017753 0.29563466186726833 False
1.2227173 0.6860124645563977 False
1.0247498 1.0744044151415435 False
1.0201604 0.7923935323614367 False
1.0201604 0.7535012957986478 False
0.83649343 1.4899414712471675 False
1.027444 1.0648479180500023 False
1.4687601 0.07596486940683154 False
1.4687601 -0.34464149953453543 False
1.5548371 -0.13140632845802 False
1.3746425 0.354523910850074 False
1.3746425 0.6691581102700327 False
1.4062126 0.8407585415290505 False
0.94634223 1.5272334739713396 False
0.9952104 1.2146317427959747 False
0.94634223 1.23752364902516 False
1.4481986 0.5816565777558702 False
1.39379 0.3159258568109941 False
1.39379 0.7698303420669517 False
1.335402 0.17922249582030353 False
1.335402 0.4367510469402384 False
1.3368948 0.08737001623718707 False
1.15114 0.9019638254846776 False
1.1785197 0.7817888122544222 False
1.1785197 0.40970143837812356 False
1.1956819 0.5418171373316256 False
1.2305385 0.9783125889100296 False
1.2552567 0.7010574596056807 False
1.2305385 0.6521442235191551 False
1.0953681 1.8337433504618723 False
1.1864418 1.690660582035937 False
1.0953681 1.2820661858748499 False
1.1742297 1.4092790207490504 False
1.1742351 1.0511567146091005 False
1.2875197 0.30212883856706046 False
0.9158962 0.42122345651550797 False
0.8935194 -0.8913942467140203 False
0.8935194 0.4418640936758543 False
1.1389596 0.13092502909990278 False
1.3742009 0.6296913565602488 False
1.3742009 0.6833340653459201 False
1.4716029 -0.2514786857031371 False
1.2380282 1.2248780161691597 False
1.302958 1.2115064631396364 False
1.2380282 1.519298009463582 False
1.4481702 1.0442223045881447 False
1.300282 0.6554136748007555 False
1.2800856 1.0833010902648446 False
1.2800856 1.4807745125003107 False
1.2635692 0.47048207257636293 False
1.2989028 1.2585968773946201 False
1.2635692 0.9618727198766892 False
1.2635692 1.436101889152247 False
1.0286016 1.2756511506330415 False
1.3388892 0.22495119598741947 False
1.3388892 -0.1195715125004669 False
1.3676686 -0.036545507848098 False
1.2876494 0.7153119819932936 False
1.2876494 0.9873943053258604 False
1.3502772 0.655340951729112 False
1.4797901 0.8596020343666954 False
1.0054015 0.35194792629192245 False
1.0054015 0.25424923209541783 False
1.0322704 -0.34387834051287647 False
0.9626276 0.05820604194209087 False
1.0993834 0.07739432493192842 False
1.2788078 1.0224262245192979 False
1.0655595 1.4767536718619585 False
0.86498576 0.43626805219438763 False
0.9621404 1.2480998428671355 False
0.86498576 1.3103960699266368 False
0.84929127 0.3365136209395477 False
0.995856 1.200690094661042 False
0.41482806 1.4079013645927247 False
0.41482806 1.8598391924294275 False
0.47737235 1.6705494974137194 False
1.3217599 1.281734053861956 False
1.1837809 1.8185547033336134 False
1.003225 1.8280193138357477 False
1.003225 1.8664382844089658 False
1.0562836 0.7940343289115135 False
1.4911815 0.9245640598098716 False
1.0824196 0.9403795994860068 False
1.2475381 1.375641195430585 False
0.6050932 1.4105506200371607 False
0.70605123 1.3009546917967274 False
0.6050932 0.7589518114696512 False
1.358258 0.21784399191218956 False
1.3792988 0.6949033195752153 False
1.358258 0.8198599310378379 False
1.0460575 1.3753280218068809 False
1.0210001 0.5853175799949796 False
1.4987432 0.06898023443287986 False
1.0206406 0.5895258976359351 False
1.2038502 0.8966190197206982 False
0.89451116 0.578249858449619 False
1.2076532 -0.06783348673607888 False
1.2444903 1.1719076899183132 False
0.8917109 1.426438435505039 False
1.1066746 1.2853772928639104 False
1.1076071 1.1098986210234987 False
0.9207379 -0.27047096653320846 False
1.2956798 0.9955936847121023 False
1.2208405 0.32198896058891946 False
1.2208405 0.7312891237731436 False
1.231297 0.5168489715282193 False
1.1595905 1.0219054803466199 False
1.4193563 0.8315231214245694 False
0.64824337 2.259973927480742 False
1.0321841 0.6078991810243541 False
1.390712 0.8425638609730636 False
1.0507096 1.0758924830795067 False
1.3061099 0.07005454244225759 False
1.2043395 0.09350703954013304 False
1.3729113 0.6380439234161885 False
1.3354394 0.35240683222802127 False
1.3973613 0.2318936614151338 False
1.1887771 -0.3818870914664677 False
0.9983135 1.823243999406933 False
0.9530162 0.6952856000823564 False
0.8045817 1.429472428985216 False
1.0730871 0.5618825867641744 False
1.2846152 0.7666050132350112 False
1.3035846 -0.5136792189106726 False
1.1697634 0.2743427080114618 False
1.2907182 0.4341676480176362 False
1.2213069 1.232542750958095 False
1.1538783 1.2276156235206288 False
1.2122035 0.3147197820296271 False
1.2553056 0.5057312749795082 False
1.236333 1.5420088967303298 False
1.236333 1.5802213795874742 False
1.148566 0.2605095930767336 False
1.1477989 1.72070698053508 False
1.1477989 1.7053855749461178 False
1.0426476 1.4168075247279988 False
1.0883213 1.6830195124857315 False
1.0426476 1.3440970583979082 False
1.2769935 0.8090256888110217 False
1.2984846 0.9040451431104926 False
1.2769935 0.19743884631134115 False
0.922028 1.6636664312709124 False
1.064433 1.2846068415981693 False
0.922028 1.815339927537666 False
1.1772097 0.6339582064294322 False
0.9628142 0.4710552723371331 False
0.9043067 1.3430434137931284 False
0.9440768 0.8810566284134705 False
0.9440768 1.4321773628622616 False
0.9043067 1.4717835844301883 False
0.9043067 0.7005992814950315 False
0.96244293 1.5397754518855775 False
1.1544877 1.4419600526647585 False
1.1930474 1.1962522950772059 False
1.0881964 0.9312834879776976 False
1.0881964 0.8559161955650098 False
1.1959779 1.4271690554431502 False
1.1704837 0.9014832929237537 False
0.82968336 0.7239135520796351 False
1.0737549 1.097300242800812 False
1.0809227 0.6257764483328615 False
1.0936078 0.7399746017900835 False
1.0809227 0.9876422009633872 False
1.1945567 -0.09294346001695356 False
0.80350685 1.2198202512858547 False
0.87987614 1.2410599338878678 False
0.80350685 -0.08012888340574645 False
1.1382155 0.903841329613796 False
1.4747682 0.6906388715042181 False
1.409532 -0.4430930257811613 False
0.93422145 1.608823313337938 False
1.1032107 0.6307169681125658 False
1.0238249 0.21662034019319845 False
1.0415299 0.4207470647838518 False
1.0483564 1.20126457663562 False
0.95252067 1.318718451681985 False
0.95252067 0.6934203201431285 False
0.69123584 0.48149226779810056 False
1.0709536 0.21329260099553538 False
1.0249525 1.0014256516144442 False
1.0370525 1.5356820844089538 False
1.4323659 -0.5948092354762696 False
1.1668961 1.1245294642060746 False
1.048531 1.1177170661505198 False
1.0143865 0.16261515445616698 False
1.0845085 1.6010100509522598 False
1.0845085 0.8818190665760162 False
1.188084 1.676828038841416 False
0.88967943 -0.021120860918726423 False
1.1651659 1.6014677852170982 False
1.054158 0.5985251198565172 False
0.9532236 0.53918972820024 False
1.3597809 0.8079396171520219 False
1.2483255 0.4642667328356313 False
1.2635552 0.8120335671215394 False
1.199441 0.5942886019449741 False
0.9163091 1.8458650382312407 False
1.0583569 0.23244672485060694 False
0.8742631 0.8684030441998642 False
0.98370475 0.025382689886889066 False
1.1138786 1.4569943649373458 False
1.4876032 0.648092964908975 False
1.3058563 -0.09188549223624262 False
1.1707734 0.8550456136101215 False
1.3888404 1.0073599771255708 False
1.3941431 0.8993283884373311 False
1.1399999 0.29263357470555273 False
1.189574 1.5670943549501335 False
1.1719159 0.6655623202319448 False
1.2411504 0.21326701393416925 False
1.2089893 -0.29399650326897064 False
1.613042 0.12495105598426412 False
1.3648373 1.155417615496139 False
1.1564952 0.5731562296440106 False
0.9225015 1.6559985340914825 False
1.2097273 0.007248649124513681 False
1.2112559 1.441945470531177 False
1.198721 -0.6252410991646324 False
0.9591723 1.802714255153638 False
1.1194488 1.097352985325289 False
1.0321858 0.7964779235243875 False
1.1472701 1.302226897763263 False
1.0658652 1.2677013724876338 False
0.8112463 1.0105406515663855 False
0.8644796 1.1801412283053416 False
0.8112463 0.6897252948496817 False
1.1138558 0.9415053906700112 False
1.2927184 -0.27309975375684276 False
1.2398357 1.1223031872645532 False
1.1288975 1.03696958003972 False
1.210484 0.9932178639147381 False
1.1288975 0.37365138005580034 False
1.210484 0.5324313755225797 False
1.1288975 0.018472365847142343 False
1.2717307 0.43543109216609055 False
1.1319107 1.5918815096040335 False
1.1455053 0.7618876173786036 False
1.1319107 1.56047683746529 False
1.1455053 0.48487353862356214 False
1.1319107 1.5223088903120194 False
1.1619713 0.8759973184046435 False
1.1749438 1.2243833913599782 False
1.1749438 1.0919393710186749 False
1.1619713 0.9660387646912799 False
1.1619713 1.298272901740404 False
1.1782174 1.4641964737980662 False
0.97565126 0.15512991056679223 False
0.97565126 1.5165502250301723 False
0.97565126 0.45660497172876263 False
1.0019132 1.4972331569991812 False
1.0057101 0.6325499968829659 False
1.0019132 1.552870245067544 False
1.1152666 0.8086569276777625 False
1.1353261 0.8493597301402781 False
1.1152666 1.130505667671989 False
0.8998759 1.4042004356517865 False
0.8998759 0.8697782189012649 False
0.9110953 1.2541900159092043 False
1.3822494 0.8561891411815986 False
1.3822494 0.752164560859263 False
1.3678789 0.7097770335391359 False
1.4071872 0.18455580234630892 False
1.3678789 1.090143603741663 False
1.3678789 1.0325095332909815 False
1.1953843 0.5472816128766932 False
1.1644413 0.33733996145515527 False
1.1085328 -0.038933601161188394 False
1.1644413 0.7558999926988047 False
1.1085328 0.4169250565530382 False
1.1085328 0.48977263838507884 False
