desi_data/desi_elg_ts_zenodo/mag-zenodo.ecsv
# %ECSV 0.9
# ---
# datatype:
# - {name: MAG, datatype: float64}
# - {name: GFIB_ELG_LOP, datatype: float64}
# - {name: GTOT_ELG_LOP, datatype: float64}
# - {name: GFIB_ELG_VLO, datatype: float64}
# - {name: GTOT_ELG_VLO, datatype: float64}
# - {name: RTOT_ELG_LOP, datatype: float64}
# - {name: RTOT_ELG_VLO, datatype: float64}
# - {name: ZTOT_ELG_LOP, datatype: float64}
# - {name: ZTOT_ELG_VLO, datatype: float64}
# schema: astropy-2.0
MAG GFIB_ELG_LOP GTOT_ELG_LOP GFIB_ELG_VLO GTOT_ELG_VLO RTOT_ELG_LOP RTOT_ELG_VLO ZTOT_ELG_LOP ZTOT_ELG_VLO
[from data line 394]
20.923423423423422 0.005365430813734256 0.010483742064282878 0.00028397415032696376 0.0013359131767555427 0.011916574521596907 0.002809967660755554 0.023788570440135187 0.030005727326477525
20.93843843843844 0.005526816520126779 0.01073479876166459 0.0002960121849603894 0.0013777376304178292 0.012186699096825002 0.002912137078639894 0.02437638091767389 0.031403374014173716
20.953453453453452 0.0056926912954157645 0.010983574128951375 0.0003057352129335409 0.0014282047756118059 0.012470512044479855 0.003020171206312157 0.024970078698899993 0.03284793817018479
20.96846846846847 0.005866035586983291 0.011234189278572778 0.00031530390712934073 0.0014766655817002117 0.01276172112884917 0.0031360763918576845 0.025595089576613446 0.03440223364189286
20.983483483483482 0.006040446952304895 0.011497756495829877 0.00032687894043071156 0.0015286760646677044 0.013052783026418196 0.003253216253148038 0.026226723670975224 0.03601779962320952
20.9984984984985 0.0062147479306864225 0.01175709221371736 0.00033675630218121463 0.0015806865476351972 0.013341232358282114 0.003367578094012533 0.02687557812862264 0.03768738242659925
21.013513513513512 0.00639523057771226 0.01202209446119546 0.00034755966659582736 0.0016364010412591287 0.013635973925858334 0.0034899653272183963 0.027545553288248602 0.039462220866142775
21.02852852852853 0.006580165497987869 0.012296111642113179 0.0003609867052254175 0.0016904178633321925 0.013941644113355918 0.0036108092157432275 0.028240475897249914 0.04129678647752137
21.043543543543542 0.006759323501732782 0.012566154893188127 0.00037626574918322693 0.0017448976867373111 0.014245474465849907 0.003743691192780111 0.028948902509084197 0.04323382971706144
21.05855855855856 0.006942271457087005 0.012843336499721386 0.00038953845403546546 0.0017953648319312878 0.014550482312746197 0.003879968528115265 0.029680583970483704 0.04529387697715074
21.073573573573572 0.007127868699003075 0.01313376453906388 0.00040389149532916524 0.0018540116673248998 0.014867375493765723 0.004019486887280588 0.030438463933292133 0.04743525813790434
21.08858858858859 0.007317918214168916 0.013417274996828217 0.0004163925312946457 0.0019214555280275536 0.0151869548338905 0.004162709273680387 0.031220739410755222 0.0496880682859058
21.103603603603602 0.00750421457337214 0.013706635962416634 0.0004308999063656971 0.0019887450549528557 0.015515365382032544 0.00431087036305949 0.032035836606275556 0.05205138141849101
21.11861861861862 0.007694227292891289 0.014001479479362207 0.0004418576045576615 0.0020574235858743226 0.015850436132887606 0.004476625581802362 0.03288254126346761 0.05452689520721085
21.133633633633632 0.007889133833420516 0.014294152053152933 0.00045559331074195486 0.002123787110135515 0.01619161513595461 0.004639602780119376 0.03373561156777167 0.05711275764673709
21.14864864864865 0.008091877846695208 0.014588149270224582 0.0004714896898091708 0.0021966326530454753 0.016540889413037444 0.004811840046522583 0.034626949346043816 0.059849712854290554
21.163663663663662 0.008290537543187051 0.014893663524710929 0.00048507106221611253 0.002274879878162742 0.016890899624121714 0.004995189394629223 0.035544669603965115 0.06268667634956786
21.17867867867868 0.008483530710088278 0.015199950487777813 0.0005017391101700864 0.002347725421072702 0.017246392543516703 0.005180082087416896 0.03649627865373701 0.0656370751711986
21.193693693693692 0.008689107988158279 0.015517276144852394 0.0005196418283428733 0.002417638622212982 0.017610311907228164 0.00538318624744075 0.037467021440492944 0.06868809961566259
21.20870870870871 0.008892919075187048 0.015841556179151825 0.0005383162154024182 0.0024985095215452257 0.017982952088856675 0.0055898401002309785 0.038472720092892806 0.07191136055565098
21.223723723723722 0.009097429279502972 0.016164217204996792 0.0005543669282469857 0.0025827757639792052 0.018364901835603388 0.00581717477174704 0.03951841561471894 0.0752965176280812
21.23873873873874 0.009303484900979972 0.016491919234438608 0.0005727326477518274 0.002669357013073459 0.01875351178506312 0.006043892105390689 0.040587071620925924 0.07878523266511436
21.253753753753752 0.009516237330154975 0.01682193938962204 0.0005921787036981303 0.0027574815999412286 0.019146353355031124 0.006283110530950699 0.041696423613872054 0.08248600231222863
21.26876876876877 0.009727554729108977 0.017163402990926786 0.0006102357556482688 0.002851779537903063 0.019544861616810207 0.00653621905864 0.042852947627613464 0.08628816925106292
21.283783783783782 0.009942956444845828 0.017507442287499994 0.000627984140043704 0.0029442254705366777 0.019954040921610152 0.0067928772790956755 0.044043985959222244 0.09028525975069229
21.2987987987988 0.01015902048222314 0.017851591971013277 0.0006458868582164908 0.0030403754138267312 0.020367930204019304 0.0070612649191271965 0.04527270303443038 0.09445782775517045
21.313813813813812 0.010379610384143607 0.018202585644811333 0.000665641581717497 0.0031366796908941365 0.020790135540644714 0.007337677951500086 0.04655823259022191 0.09879692190541098
21.32882882882883 0.010600053103477305 0.018561306404414776 0.0006863223078826128 0.003243632998598803 0.02122474136519437 0.007650359583877235 0.04788596675432248 0.10329636885031984
21.343843843843842 0.010829363573663852 0.018923191589633757 0.000706848700270377 0.003358457328948401 0.021662217332349635 0.007959645857956114 0.04924854639712284 0.10793379019218104
21.35885885885886 0.011058416474323554 0.0193010828811639 0.0007289184304316574 0.003472664324188593 0.0221078253702208 0.008286680595866864 0.05067459853280296 0.11280348386895642
21.373873873873872 0.011288462857443948 0.019676803229539196 0.0007516054957023442 0.0035870256532061365 0.022567342560719156 0.008616956357607782 0.052131816582378254 0.11786131042032341
21.38888888888889 0.01152038581854565 0.020057932537978263 0.0007756815649691955 0.003711727345306238 0.02304330787614967 0.008973931982330558 0.05363918710024057 0.12311267152848931
21.403903903903903 0.011753302262108046 0.020445133128121563 0.0007994489666813436 0.0038444543938286235 0.023526595734894497 0.009355601121949853 0.05520211904665271 0.12854676382903954
21.41891891891892 0.011984268536395748 0.02084911253315656 0.0008230620346161401 0.003970699423702241 0.024016543796352346 0.00975316671178378 0.056833932446207415 0.13419646041654995
21.433933933933936 0.01222347703554253 0.021245070487212633 0.0008505334469847268 0.004107439150435768 0.024525074191346523 0.010161535714384932 0.058513396209982006 0.14003027720044084
21.44894894894895 0.012462501556455851 0.02166064052095571 0.0008735291798101168 0.004247882887825734 0.025044128442561275 0.010602469289755868 0.06025592771450785 0.14609991599612498
21.463963963963963 0.012707928519893635 0.022080294871481637 0.0008994572544051874 0.0043997473247397185 0.02557223468199372 0.011045254878744042 0.062069474819762945 0.15244704692348732
21.47897897897898 0.012956335930713499 0.022512827698349877 0.0009264656654417193 0.004555778773642197 0.026115464365155737 0.011524463402204579 0.06392213569889119 0.15900376312049314
21.493993993993996 0.013210483462417363 0.02294190173442904 0.0009545544129197125 0.004712581891431433 0.026669622668239117 0.012013549331623723 0.06584754157420686 0.16579074531330756
21.50900900900901 0.013460509881691689 0.02338127855158205 0.0009815628239562444 0.004883275049182315 0.027243062442160192 0.012548009594665217 0.06784300636340257 0.1728098455072588
21.524024024024023 0.013713038404941091 0.02382819847630699 0.001009497237656886 0.005048412190948539 0.027829601841306877 0.013097594635580828 0.06989465810716489 0.18004671066105318
21.53903903903904 0.013969908814500187 0.024283323830244313 0.0010377403189122307 0.00522774804023111 0.028426076349472983 0.013664928140328311 0.07203233807605931 0.1875376092123683
21.554054054054056 0.014238553831000826 0.024743343005191716 0.001066600735276982 0.005404923216630759 0.029035172125763765 0.014260659187206788 0.07425144681408008 0.1952113932898451
21.56906906906907 0.01450075960933031 0.02521870596480982 0.001096695821860546 0.00560139011519936 0.02966196711478915 0.014885405114088673 0.07655846035528331 0.20315603314657396
21.584084084084083 0.014761052014031793 0.025695871911115845 0.0011255562382252971 0.005798165681322663 0.030309625832755323 0.015539474589910172 0.07891474326922046 0.21133448867599053
21.5990990990991 0.015025943874569816 0.026191288498181264 0.001162905012344387 0.006006053279415283 0.030975535713957177 0.01625311717041952 0.08136422955965875 0.21977515729312747
21.614114114114116 0.015294883256243993 0.026693733053764913 0.0011988647824673123 0.006205143852198862 0.03166146299999816 0.016985434221569357 0.08389006681979297 0.22843714054698663
21.62912912912913 0.015574603762399022 0.027207915420643415 0.0012403805685748956 0.0064264584889210715 0.03236008514756397 0.017745068473573468 0.08649920942710389 0.23736951657876582
21.644144144144143 0.01585064470388482 0.027733357255409766 0.0012777293426939854 0.00667447286912511 0.03308302991387733 0.01856350415792491 0.08919607285935705 0.24664235292338266
21.65915915915916 0.01612609691502354 0.02825865190758935 0.0013149237830357237 0.006916776899567139 0.03381819118461457 0.019405398681428043 0.09197992120359152 0.25613125655629176
21.674174174174176 0.016413102959223647 0.028810623403620866 0.0013519638896001102 0.00718223099661191 0.03458238505170857 0.020303007947916445 0.09488092689120523 0.2658799039364836
21.68918918918919 0.016698637177556062 0.02937046916804454 0.0013891583299418485 0.007446296089660516 0.03536126080213127 0.021249695575261674 0.09787686535077823 0.27597317864150156
21.704204204204203 0.0169807126050994 0.02993785804004014 0.0014286677769438608 0.0077308875750968864 0.03616758689080764 0.02223697316771805 0.10095669788789667 0.28629039165745673
21.71921921921922 0.017278168612960127 0.030525999656770206 0.001469874895496741 0.00802149807784997 0.036998051614731194 0.023251259292092496 0.10414908831238856 0.2968636444100382
21.734234234234236 0.01757415279495316 0.031125879084795124 0.0015120080167137307 0.008331091635217301 0.037862442896121076 0.02432465551775048 0.1074471926337173 0.3076438587580482
21.74924924924925 0.01787558273265666 0.031746253688027665 0.0015561474770362915 0.008654266564991573 0.038748397043753116 0.02545577283447907 0.11081524548198195 0.3187676200944429
21.764264264264263 0.018174657748971847 0.03237233161649752 0.0016059972871208617 0.008988244859180459 0.03965591405762731 0.026630103802276567 0.11431767603691147 0.33014063048126047
21.77927927927928 0.018476713212669114 0.03301820560288784 0.0016604771105259803 0.009337039195995099 0.040598314343169704 0.027884688693487744 0.11793288525310272 0.3418224627565586
21.794294294294296 0.018780387684820845 0.033685384268713016 0.0017112529232746602 0.009699877906548736 0.04157114549967159 0.029177394198320418 0.12168604135381933 0.3536198910310931
21.80930930930931 0.019087410560821576 0.034362755328671966 0.001762491737355395 0.010078612996169588 0.04257429713703276 0.030516863046988373 0.12553405663519915 0.365676908719133
21.824324324324323 0.019398775323132 0.035067502349770005 0.0018137305514361298 0.010478183145732909 0.04360787964535341 0.031926862747579506 0.12951656001018796 0.3779737610971773
21.83933933933934 0.01971179588954358 0.035786489286137965 0.0018658953681809742 0.010904916040110112 0.04466446009121903 0.03341032565498778 0.13361474890263417 0.39054316692602453
21.854354354354356 0.020026766625229852 0.036510296452222625 0.001922690198246367 0.011339211289577544 0.04576641086827334 0.03495938071133992 0.13784952324062802 0.4033829655327918
21.86936936936937 0.020352371302810205 0.03726339295307437 0.0019827260376361435 0.011800823617636211 0.046897578225184776 0.03659362839408505 0.14218769334963183 0.41642771939588197
21.884384384384383 0.020679337419318173 0.03804765536667451 0.002045231217463546 0.012278177990984743 0.04807485184728635 0.03831430337896799 0.14667992683700523 0.4296127626625848
21.8993993993994 0.021016311951726454 0.03884630487813135 0.002107119062181542 0.012774978420279578 0.04929274902626734 0.04011214559790254 0.1513081202439095 0.44314567426343815
21.914414414414416 0.021355751792463122 0.03967520041116928 0.0021745629228841963 0.013309744958802909 0.050541150669607966 0.04203515307046882 0.15609567560250204 0.45674371471833386
21.92942942942943 0.021688752395028633 0.040528123501497294 0.0022403091120359823 0.013863803219495192 0.05184272354455254 0.04401264061027554 0.16099380188347354 0.4706118392835949
21.944444444444443 0.022028633783525608 0.04140639879239632 0.00231099398206302 0.014469717629377616 0.05319739405770092 0.046085043847965745 0.16605438095056918 0.4846685597247796
21.95945945945946 0.022373960927733045 0.04230296151970143 0.0023861545316332545 0.015078101379697666 0.05456155811946786 0.048260851179285115 0.17126320968364314 0.4989299267547326
21.974474474474476 0.022720060780521023 0.0432346640895977 0.002460543412316731 0.015733556932109958 0.05600340001508666 0.05051104772423024 0.17660303092376173 0.5133422322189354
21.98948948948949 0.02307296782794708 0.04419186604265175 0.0025463529925242264 0.016414168890230563 0.05747239787535855 0.05284659123003646 0.18209643719882532 0.5279232245017835
22.004504504504503 0.023431394222376983 0.04517894606081997 0.0026215135420944607 0.0171125292327466 0.058995781258336766 0.05531825773670973 0.1877442012174429 0.5426392588398143
22.01951951951952 0.02379570792027766 0.04619619850927589 0.0027076317898566595 0.017854874701807848 0.06057417570792253 0.057914009155737994 0.19356534632965436 0.557477216861953
22.034534534534536 0.02416090471369895 0.04724601510505452 0.0028000777224902744 0.018627006589897955 0.06220647732311368 0.060624431084566964 0.19954504388929706 0.5722985068361376
22.04954954954955 0.024526947806994166 0.048329683695790084 0.0028860416364751215 0.019453618301393184 0.06389890474622237 0.06345276454702681 0.2056753828320411 0.587272432916123
22.064564564564563 0.02490848186754685 0.04945404827176735 0.0029784875691087364 0.020313257441241656 0.06563721765432078 0.06637771138651927 0.21201442669050338 0.6022715154018166
22.07957957957958 0.025293364331948533 0.05060258758762148 0.0030666121559765063 0.021220122716959722 0.06742053292660716 0.06947211747198907 0.2184910494770106 0.6172715238901744
22.094594594594597 0.02568670979508945 0.05179829892253516 0.0031621447641571533 0.022170201450336238 0.06927144373692569 0.0726529508595967 0.22515485172512903 0.6323062574784363
22.10960960960961 0.02607674365002806 0.053024182687736544 0.0032629247207677553 0.02317367967067641 0.07117887427855471 0.07598688403956272 0.23196697723052184 0.6473721664897232
22.124624624624623 0.026474872547238976 0.054304524010042564 0.003363241676046302 0.024235496058855492 0.07315331161101474 0.07945261885528891 0.23895531709440812 0.6625027413537204
22.13963963963964 0.0268863950598459 0.05563089668636068 0.0034615522922192784 0.02533142021182928 0.07521536188634605 0.08307376848039505 0.24610912698755835 0.6774782107714793
22.154654654654657 0.027303952058510366 0.056988876823187505 0.0035705119390295158 0.02647086649001622 0.07734015053530001 0.08681977469019671 0.2534349933309728 0.6923646295997062
22.16966966966967 0.027724121548089987 0.058383799789293415 0.0036748415725192047 0.027711401392368468 0.07953201956848512 0.09074835857576449 0.26092327566486334 0.7071511944739867
22.184684684684683 0.028154998570857074 0.059837191037993426 0.0037859618922123643 0.028991291407945374 0.08178784126639525 0.09477124082134335 0.2685569743998326 0.7218565797813802
22.1996996996997 0.028594081022836546 0.061335583362598145 0.003902175226558127 0.030330754261580006 0.08412487328136416 0.09899969657843571 0.2764109318840067 0.7362924983135178
