desi_data/desi_elg_ts_zenodo/mag-zenodo.ecsv
# %ECSV 0.9
# ---
# datatype:
# - {name: MAG, datatype: float64}
# - {name: GFIB_ELG_LOP, datatype: float64}
# - {name: GTOT_ELG_LOP, datatype: float64}
# - {name: GFIB_ELG_VLO, datatype: float64}
# - {name: GTOT_ELG_VLO, datatype: float64}
# - {name: RTOT_ELG_LOP, datatype: float64}
# - {name: RTOT_ELG_VLO, datatype: float64}
# - {name: ZTOT_ELG_LOP, datatype: float64}
# - {name: ZTOT_ELG_VLO, datatype: float64}
# schema: astropy-2.0
MAG GFIB_ELG_LOP GTOT_ELG_LOP GFIB_ELG_VLO GTOT_ELG_VLO RTOT_ELG_LOP RTOT_ELG_VLO ZTOT_ELG_LOP ZTOT_ELG_VLO
[from data line 481]
22.22972972972973 0.0294980764707735 0.06446946859138317 0.00416114730495413 0.03321695023183248 0.08903145565905653 0.10794754603565682 0.29263398592500234 0.7648173930463067
22.244744744744743 0.02995529917657229 0.0661302769004878 0.0042998933707932285 0.034789611423045395 0.09161072035059899 0.11272080246515359 0.3009982254562817 0.7786841286075715
22.25975975975976 0.030427350527988083 0.06785039979206045 0.004433083420647669 0.036426012464304526 0.09426199618418223 0.11759838899508815 0.3095503067708371 0.7922259915675113
22.274774774774777 0.030901352048678568 0.06963818987790028 0.004576150832252612 0.03812985736626631 0.09700898023465258 0.12273170773866976 0.31828051581758443 0.8053956014564789
22.28978978978979 0.031394376918708986 0.07148676637207582 0.004724928593619565 0.03992676553597112 0.09985759677072163 0.1280479128269537 0.3271515050137566 0.8181708885443132
22.304804804804803 0.0318974837959331 0.07339778507868823 0.004878953703416472 0.041804235937453464 0.10277851882243204 0.13357324111951754 0.33621155024959043 0.8306546391267303
22.31981981981982 0.03241530893183414 0.07535902984303566 0.005034059149654841 0.04377523260801088 0.10582672065969127 0.13927389336784665 0.345416239177894 0.8427201451725246
22.334834834834837 0.03292941770741926 0.0773997899998852 0.005195183613209923 0.04585102191339005 0.10895513930310734 0.14514153551066344 0.3548017419206968 0.8543317555791278
22.34984984984985 0.03346626619266023 0.07951760024090845 0.005362635761636421 0.04801879415007077 0.11221400224827842 0.1511611971045619 0.3643368925641037 0.8654576775884054
22.364864864864863 0.03401051060288636 0.08169071433891027 0.005530087910062919 0.05029444569712027 0.11554373563778805 0.15741807077593506 0.3740926699131958 0.8762770927158627
22.37987987987988 0.03456494740724626 0.08397141890784043 0.005703559075806129 0.052713473323329416 0.11897046512868731 0.1638803636243536 0.3839072467078658 0.8866839736564592
22.394894894894897 0.03513325617040917 0.08631180601570555 0.0058881422735186555 0.05522077987018369 0.12252682939394 0.17057755353322526 0.3938635235431619 0.8966077898739452
22.40990990990991 0.03571385467956731 0.0887430783709007 0.006068095457910634 0.05781250699324929 0.12620451237932986 0.1774884966804199 0.4039507928855026 0.9061195349059024
22.424924924924923 0.036309612995162686 0.09126391133014496 0.006257771670275763 0.06058773697758595 0.12996270654447714 0.18461859477232115 0.4141756043602402 0.9151489868836357
22.43993993993994 0.03691537972665838 0.09386094807368901 0.006462263925266647 0.06345448689189212 0.13384777573147244 0.19198220091446258 0.4245042531537643 0.9238055684552875
22.454954954954957 0.03755065656680131 0.09653945037900986 0.00667046019091397 0.0664382218094308 0.1378717892579394 0.19957684575535456 0.434980673269842 0.9319923580086811
22.46996996996997 0.03819097441054109 0.09930593107557206 0.006879582459225403 0.06961070693667051 0.14200748076912467 0.20734033250435147 0.44553800701597346 0.9395886665299273
22.484984984984983 0.03885432632911026 0.10218846524180185 0.0071069161132643255 0.0729044984129086 0.14627012089555813 0.21534025965848252 0.45621603048769654 0.94668693995166
22.5 0.03953063031531513 0.10515986089479358 0.007332552095752381 0.0763496913247286 0.15067899110807748 0.22359777103987788 0.4669883980010102 0.953316193024021
22.515015015015017 0.04022834936789493 0.10826040926767537 0.007574393124862355 0.07991819692465255 0.15519431417390495 0.23204094678640141 0.47781562782556086 0.959398487189448
22.53003003003003 0.040940676292211584 0.11144753779722419 0.007810832471765023 0.08364736398679952 0.15985148851850972 0.24077195631593748 0.48870504229530964 0.9650029639801944
22.545045045045043 0.04168332282940271 0.11473298429473489 0.008072273890598652 0.0875506195497991 0.1646501461748911 0.24969696427187932 0.49962470278775245 0.9701180483629588
22.56006006006006 0.042442122655491764 0.11814971765964379 0.008353007031601231 0.0916213272612252 0.1696218587117108 0.25886937038019064 0.5105687587948499 0.9748474526361215
22.575075075075077 0.0432312052988086 0.12168747190652374 0.008620776135306277 0.09584559708111613 0.17474377537822414 0.26829365034044644 0.5215871420110008 0.979152747689122
22.59009009009009 0.04404100389121321 0.12535165599543852 0.008911386638059359 0.10028732319329549 0.18000147186800294 0.2779355419007278 0.5326297367635661 0.9830124811269084
22.605105105105103 0.044880606957438604 0.12916070454538095 0.009217430518547603 0.10490869382231212 0.18537493077620806 0.2878087808286959 0.5436757167157515 0.9864690947382524
22.62012012012012 0.04574589338505524 0.13305316882637488 0.009531808423012834 0.1097697448075558 0.19093815026668415 0.2979068850766904 0.5547228005373784 0.9895421889128777
22.635135135135137 0.0466273698972165 0.13710782831798857 0.009855137686564458 0.11478173422704936 0.19665230982085533 0.3082201315732208 0.5657542094129376 0.9922038292370836
22.65015015015015 0.04753717905733084 0.14129675512438253 0.010196061000734166 0.11999574656109618 0.20252572549293785 0.3187574717174371 0.5768289635618953 0.9943567854311386
22.665165165165163 0.04848271679038343 0.14561067674259032 0.010544546669994102 0.12542459151321644 0.20857815711087035 0.3295170534957221 0.5879151611573954 0.9960445796202558
22.68018018018018 0.049455593688928406 0.15008811821469878 0.010914330400528562 0.1310199626110991 0.21478712189090887 0.34056061069531696 0.5989951034927276 0.9972542477671378
22.695195195195197 0.05046545021239917 0.1547181512336403 0.011292293821262657 0.13690594421173483 0.22118772388492206 0.35181931014344775 0.610071991789272 0.9980881131661685
22.71021021021021 0.05151876239461357 0.15951104178484204 0.011695104980150361 0.1429917880540409 0.2277507097163527 0.3632650629669197 0.6211238222494968 0.9986512771197246
22.725225225225223 0.05259179704345505 0.16445155647057336 0.01212137487319551 0.14923412634658148 0.23448167248361174 0.3748528035010466 0.6320671423436334 0.9990258451973569
22.74024024024024 0.05371332835463701 0.16955264735846998 0.012569405828847236 0.15577834150762182 0.24137343683018514 0.3866658723586042 0.6428828551303455 0.9992783352571042
22.755255255255257 0.0548630083355386 0.17479418722979118 0.013022375465374214 0.1624972625046242 0.24848204413028246 0.398733284419596 0.6535863779861647 0.9994496457499644
22.77027027027027 0.05605595999695036 0.18025808319407408 0.013511767873356171 0.1695197580416772 0.25578416527605813 0.41097818111890644 0.6642113053377571 0.9995572163927785
22.785285285285283 0.057292992843099515 0.18589830389730658 0.014019989002175026 0.17674535682972492 0.26322309655270126 0.4235377657986794 0.6746836043412536 0.9996405566325484
22.8003003003003 0.05858992900206377 0.19169549482932854 0.014562472229565937 0.18425662743965046 0.2708514572413147 0.43618192576697296 0.6849892926503969 0.9997025988110437
22.815315315315317 0.05990949448374381 0.19769572413979875 0.015138754554196852 0.19200804140713512 0.2786703512429006 0.44897285781443264 0.6951867649586361 0.9997478186078077
22.83033033033033 0.061294997764296484 0.203882507378999 0.015731396259227037 0.20004682486804848 0.28668088245846124 0.46189929552488695 0.7051997438875715 0.9997860933845909
22.845345345345343 0.06272300001677879 0.21027516226144277 0.016369412094798596 0.20831896100031747 0.2948942370848183 0.4750263680438755 0.7150969637077533 0.9998103237876351
22.86036036036036 0.06420832988680773 0.21684760067362524 0.017041844362719563 0.21687846662601515 0.3033088696605689 0.48825406663606735 0.7248273888553416 0.9998348628582341
22.875375375375377 0.0657572794299677 0.22364942314728764 0.017754094745197246 0.22567580060261166 0.3118769444756195 0.5016932034495606 0.7343814892574922 0.9998538459128483
22.89039039039039 0.06736580112512254 0.2306154277964912 0.01849427954137557 0.23471651894609166 0.32064397904795905 0.5152024081115727 0.7437775891469324 0.9998686619554741
22.905405405405403 0.06902631506905363 0.23784308628932385 0.019279992801872623 0.2440799492180139 0.32963061632632795 0.5287376952986943 0.7530007862862031 0.9998820889941037
22.92042042042042 0.0707587645022682 0.24530980609871653 0.020113549533348672 0.2537384656722324 0.3388113194008762 0.542361261801571 0.762087177206038 0.9998945900300692
22.935435435435437 0.0725687791587102 0.25301003108201864 0.02100822244065596 0.26364885485108874 0.3481498803187331 0.556093171101056 0.7709769321827138 0.9999047760593744
22.95045045045045 0.0744276216383129 0.26092690883304515 0.021944102466516128 0.27391266838008027 0.35769531228439444 0.5698554842907575 0.7796846958841529 0.9999141904197929
22.965465465465464 0.07635891474625278 0.2690491062926148 0.02292273294870269 0.2843834435045003 0.36743874729314285 0.5837537661468579 0.7882073406802713 0.9999200551033323
22.98048048048048 0.07838422073149155 0.2774231331581467 0.023989333683979673 0.29524236807895965 0.377336544458693 0.5976636230880661 0.7965658400904555 0.9999256111193169
22.995495495495497 0.08047873932815858 0.28605929221071474 0.025099919545801864 0.30634760936207217 0.38742189440450986 0.6115512558658673 0.8047467269075205 0.9999297781313053
23.01051051051051 0.08265660006458371 0.2949185064735316 0.026294308648725978 0.3177087360480336 0.39771768467803814 0.625375148508342 0.8127345469592868 0.9999356428148447
23.025525525525527 0.08492369024423772 0.3040849643862294 0.02754965959370398 0.329322661461297 0.40812831745249095 0.6392473478393329 0.8205220515030894 0.9999408901632747
23.04054054054054 0.08729351386945669 0.313420424704185 0.02891520485571103 0.3412897025571409 0.4187090613713763 0.6531354436205384 0.8281436444698516 0.9999452115090406
23.055555555555557 0.08976279612768501 0.3230371877411034 0.030313623212293975 0.3534053670805744 0.42947485589492346 0.6668056191327822 0.8355439852049116 0.9999479895170329
23.07057057057057 0.0923218229681959 0.3329247667376773 0.03181081518638195 0.36588016630390513 0.4404241555617293 0.6803973927352296 0.8427603476997404 0.999951539193912
23.085585585585587 0.0949842823715589 0.34304018437857003 0.03340353976865058 0.37844540512076386 0.4515301355774415 0.6938886945989418 0.8497639577575659 0.9999543172019043
23.1006006006006 0.0977622801055358 0.3534491944844208 0.03510723033683501 0.3913811993370438 0.4627890058819526 0.7073299920949885 0.8566059245335241 0.9999586385476702
23.115615615615617 0.10065662567435381 0.3641220661727022 0.0368933351421252 0.40471100768690244 0.474166177577195 0.7205688027688838 0.8632849969755817 0.9999611078881078
23.13063063063063 0.10365289518450956 0.3750551934700384 0.03882374202923915 0.4182161392078325 0.4856573086525601 0.7336719534453163 0.8697556220714574 0.9999638858961001
23.145645645645647 0.10680028441563066 0.38622970020967623 0.04084273650455292 0.4319262259850855 0.49724830597192055 0.7464531624212856 0.876018535734112 0.9999657379014283
23.16066066066066 0.11006059948645051 0.39767115936606684 0.04299785337149081 0.44590732287536794 0.5089820008941599 0.7588877361818949 0.882098685412921 0.9999688245769753
23.175675675675677 0.11344112593501417 0.4094161458120224 0.04527983260341173 0.46012887179076417 0.5208278889549186 0.7710736771143899 0.8879879760653141 0.9999711395836356
23.19069069069069 0.11698116151198903 0.4213380825229214 0.04766382646216206 0.4745618579811321 0.532745751361018 0.782990613068981 0.8936554257556364 0.9999726829214091
23.205705705705707 0.12065425014740334 0.4335739596913992 0.05025833159321998 0.4892061271126944 0.5447305837612483 0.7945658525111915 0.8991597235425217 0.9999742262591825
23.22072072072072 0.12447411661747332 0.4460331128440061 0.05301735653093473 0.5039721655945871 0.5567808774909067 0.8058399854061327 0.9044738614203041 0.9999754609294014
23.235735735735737 0.12843652942282935 0.45877654916295785 0.05591049752116802 0.5189660007318508 0.5688793013042591 0.8167946459521 0.9095849609121672 0.9999783932711711
23.25075075075075 0.13260341563685463 0.47175499927733344 0.05897309699893338 0.5341150956491303 0.5810103637905754 0.8274005106001542 0.9145067099991844 0.9999797822751673
23.265765765765767 0.1369241812453472 0.4849491086769727 0.06223247204282205 0.5493807125683101 0.5931798788284668 0.8376083466549701 0.9192550044013116 0.9999808626116087
23.28078078078078 0.1414364313992266 0.49838732039676886 0.06569140066082635 0.5648921831948112 0.6053166080065941 0.847597953771888 0.9238190629936712 0.9999816342804955
23.295795795795797 0.1461178311409506 0.5120303366860545 0.0693466418436219 0.580447021612748 0.6174580103656306 0.8571543440368401 0.9282002472152411 0.9999825602831596
23.31081081081081 0.15098431298553697 0.525880144509751 0.07321578964182678 0.5961490944542782 0.6295890728519469 0.8664438900064417 0.9323768108380258 0.9999842579547105
23.325825825825827 0.1560646143330524 0.5399577909777663 0.07734205751309944 0.6118977760965686 0.6416913603188068 0.8754087162551542 0.9363835625450772 0.9999858012924839
23.34084084084084 0.1613637761870938 0.5542125716889584 0.0816973567099619 0.6276983138880492 0.6537080218645994 0.884027370291911 0.9402023252862602 0.9999868816289254
23.355855855855857 0.1668766471571242 0.5686210846120311 0.08627458787865597 0.6434374268361438 0.6656998088411433 0.8922652811958572 0.9438454991949666 0.9999878076315895
23.37087087087087 0.17262397998787804 0.58325368302346 0.09110400043954257 0.6591944425024112 0.6775996040675074 0.9000766116299661 0.9473181620706267 0.9999887336342536
23.385885885885887 0.17860640020534915 0.5980413750856971 0.09630319673096363 0.6749952889614464 0.6894547648966842 0.9073307946342224 0.9506463284364092 0.9999899683044724
23.4009009009009 0.18481500326303796 0.6129016649588581 0.10172092965111458 0.6907376429188654 0.7012230855136913 0.9141590145065137 0.9538145441201347 0.9999904313058045
23.415915915915917 0.19127105704473263 0.6279261002119135 0.10737942326393404 0.706394650297409 0.7128657086032526 0.9205205269472608 0.9567989655418692 0.9999912029746912
23.43093093093093 0.19800716249340256 0.6430295725140641 0.11350076387503098 0.7219301969931768 0.7243846579838722 0.9264625583037034 0.9596254600421892 0.9999916659760233
23.445945945945947 0.2050330704554212 0.6581970692414593 0.1199178080035336 0.7372884141787677 0.7357658773161225 0.9320148951281853 0.9622942851906311 0.9999924376449101
23.46096096096096 0.2123325172549506 0.6734256835380104 0.12667747311775682 0.7525527964277288 0.7469330134473543 0.9372210597407116 0.9648108131518096 0.9999929006462421
23.475975975975977 0.21995756873206032 0.6887081298656723 0.13385461109971614 0.7675526505823091 0.7578626636763217 0.9420324367838299 0.967176037408222 0.9999933636475742
23.49099099099099 0.22787838361728294 0.7039198549603917 0.14143919025388368 0.782356037838321 0.7686759995363618 0.9464678550626486 0.9693872350819128 0.999994135316461
23.506006006006007 0.2361497138328966 0.7191446057140402 0.14935296335514223 0.7968998356808273 0.779208613371553 0.9505850356682386 0.9714437070555692 0.9999947526515703
23.52102102102102 0.24474447778293576 0.734292048813988 0.1577300464560103 0.8111096552291448 0.7894744511312227 0.95443521764401 0.9733825065467736 0.9999949069853477
23.536036036036037 0.25366878354475136 0.7493377519508316 0.16649095766115182 0.8249908981654808 0.7994975410605178 0.9579898491133636 0.9751716949330221 0.9999952156529024
23.55105105105105 0.2629536130528583 0.7642575771803408 0.1757878700750355 0.8384707189469252 0.8092334695424516 0.9612268602473608 0.9768535504139197 0.9999952156529024
23.566066066066067 0.27262365618618717 0.7789764613832633 0.18553358511345766 0.8514818280465527 0.8187138449423857 0.9642777440128255 0.9784320469194554 0.9999953699866797
23.58108108108108 0.2827220006470147 0.7934370401464056 0.19575650019145102 0.8639660416303019 0.8278654786238772 0.9670857053254958 0.9798833040740472 0.999995524320457
