desi_data/desi_elg_ts_zenodo/mag-zenodo.ecsv
# %ECSV 0.9
# ---
# datatype:
# - {name: MAG, datatype: float64}
# - {name: GFIB_ELG_LOP, datatype: float64}
# - {name: GTOT_ELG_LOP, datatype: float64}
# - {name: GFIB_ELG_VLO, datatype: float64}
# - {name: GTOT_ELG_VLO, datatype: float64}
# - {name: RTOT_ELG_LOP, datatype: float64}
# - {name: RTOT_ELG_VLO, datatype: float64}
# - {name: ZTOT_ELG_LOP, datatype: float64}
# - {name: ZTOT_ELG_VLO, datatype: float64}
# schema: astropy-2.0
MAG GFIB_ELG_LOP GTOT_ELG_LOP GFIB_ELG_VLO GTOT_ELG_VLO RTOT_ELG_LOP RTOT_ELG_VLO ZTOT_ELG_LOP ZTOT_ELG_VLO
[from data line 573]
23.61111111111111 0.30411024299550715 0.8216204081608625 0.21784475040601356 0.8873494609043991 0.8452750645322129 0.9720061968375631 0.9824942496681124 0.9999962959893437
23.626126126126128 0.315433882491189 0.8352213302303321 0.22965714905695114 0.8981018951724858 0.8534730013412398 0.9741972832812247 0.9836671845408824 0.999996450323121
23.64114114114114 0.32724156871910826 0.8484740550951522 0.24204336069208202 0.9082357596609473 0.8613602268148594 0.9762204538235899 0.9847467320589111 0.9999970676582304
23.656156156156158 0.33948660800361247 0.8613412351739301 0.25511990731330664 0.917684536511745 0.8688891260231784 0.9780911419114692 0.9857582444237022 0.9999973763257851
23.67117117117117 0.35219527243643994 0.8738741635981551 0.2688119370386095 0.9264608810946217 0.8760450170828681 0.9798091932103944 0.9866924491319482 0.9999973763257851
23.686186186186188 0.36546197964700317 0.8860750481066285 0.2830148115669462 0.9346885690990134 0.882880813648632 0.9813528465603629 0.987554092822247 0.9999973763257851
23.7012012012012 0.3792832708445131 0.8980438992670602 0.29790570607471634 0.9422316324670734 0.8893988707092748 0.9827608399128687 0.9883503138503197 0.9999976849933399
23.716216216216218 0.39363147570265705 0.9098683275142245 0.3134557601455552 0.9493103054990824 0.8955893267491771 0.9840472177045091 0.989092997210485 0.9999976849933399
23.73123123123123 0.40856370106510154 0.9216931237178557 0.32974985735700624 0.9561091713927529 0.901486991446607 0.9852588976135875 0.9897758140512791 0.9999978393271172
23.746246246246248 0.4240994486245935 0.9337070863411322 0.34677210133000214 0.9628339570732946 0.9070383256029599 0.986346338275843 0.9904048356546297 0.9999979936608945
23.76126126126126 0.44022893073911273 0.9461166389619978 0.36463855106511134 0.9697524316444126 0.9123391110285229 0.9873766751849001 0.990997061609934 0.9999983023284492
23.776276276276278 0.4569563421123822 0.9590411834539692 0.3831471836477806 0.9769207726010629 0.9173164534604537 0.9883133310718186 0.9915424835009233 0.9999983023284492
23.79129129129129 0.47439339432775973 0.9724925312196344 0.402517924710736 0.9844604406260211 0.922042474430893 0.9891646399978761 0.9920496379179446 0.9999983023284492
23.806306306306308 0.49247186825627787 0.986577794386515 0.4228720806029758 0.9923762200663853 0.9264970093482017 0.9899443377307336 0.9925192239783108 0.9999983023284492
23.82132132132132 0.5112374272954817 0.9999962468440374 0.44398849102155524 0.9999978393271172 0.9306774088499744 0.9906538132806042 0.9929518304123904 0.9999984566622265
23.836336336336338 0.5307237762577415 1.0 0.4659315131516299 1.0 0.9346306991189031 0.9913157538142989 0.9933492970025859 0.9999984566622265
23.85135135135135 0.5508837431239976 1.0 0.48886134545409077 1.0 0.9383704949340144 0.9919017617896869 0.9937156344745343 0.9999984566622265
23.866366366366368 0.571928166949797 1.0 0.5126995863700432 1.0 0.9418639736388441 0.9924431671037931 0.9940614399748728 0.9999986109960038
23.88138138138138 0.5937707619436462 1.0 0.537455341592351 1.0 0.9451584557896848 0.9929416674357665 0.9943851312907356 0.9999986109960038
23.896396396396398 0.6164159435831483 1.0 0.5631127147419469 1.0 0.9482476859475243 0.9934190239456098 0.9946877387002678 0.9999990739973359
23.91141141141141 0.6399233944072383 1.0 0.5897772701225394 1.0 0.9511591880440162 0.9938422090571488 0.9949673856254193 0.9999990739973359
23.926426426426428 0.6642421156496007 1.0 0.617484350169142 1.0 0.9538766611410289 0.994234218606131 0.9952204660926813 0.9999990739973359
23.94144144144144 0.6894627349880385 1.0 0.6463186841255208 1.0 0.9564625492385843 0.9945976762785141 0.9954577612269315 0.9999992283311132
23.956456456456458 0.7156597268114571 1.0 0.6763506481941481 1.0 0.9588726962965961 0.9949281063747232 0.9956828402060304 0.9999992283311132
23.97147147147147 0.7428112345057212 1.0 0.7072975028949158 1.0 0.9611287019780066 0.9952415596794408 0.9958927961737822 0.9999992283311132
23.986486486486488 0.7709717892192288 1.0 0.739389822891187 1.0 0.9632558456157652 0.9955148860224516 0.9960866724433379 0.9999992283311132
24.0015015015015 0.8001027187273063 1.0 0.7725718936893381 1.0 0.9652492700454623 0.9957811129799297 0.9962652417233063 0.9999992283311132
24.016516516516518 0.830267973863905 1.0 0.8070617889167666 1.0 0.9671260121392313 0.9960244984361285 0.996436120712833 0.9999992283311132
24.03153153153153 0.8615265380506727 1.0 0.8426550163184818 1.0 0.9688636259100284 0.9962456597289204 0.9965934589038787 0.9999993826648905
24.046546546546548 0.8938616324727175 1.0 0.879609776303993 1.0 0.9705142154851553 0.996458795629371 0.9967430700088348 0.9999993826648905
24.06156156156156 0.9273595429215332 1.0 0.9176865428508503 1.0 0.9720481963177542 0.9966574240898198 0.9968795450674383 0.9999993826648905
24.076576576576578 0.9620155227586963 1.0 0.9569612481775108 1.0 0.9734894862628719 0.9968427797860118 0.9970063796662536 0.9999993826648905
24.09159159159159 0.9978032630968218 1.0 0.9975269555517177 1.0 0.9748448927100217 0.9970069916600736 0.9971301602262812 0.9999993826648905
24.106606606606608 1.0 1.0 0.9999999999999999 1.0 0.9761221797629188 0.9971639498141346 0.9972454777872581 0.9999993826648905
24.12162162162162 1.0 1.0 0.9999999999999999 1.0 0.9773130313673469 0.9973088698796835 0.9973472913454021 0.9999993826648905
24.136636636636638 1.0 1.0 0.9999999999999999 1.0 0.9784549801573794 0.9974482339043806 0.997448295399289 0.9999993826648905
24.15165165165165 1.0 1.0 0.9999999999999999 1.0 0.9795233723439681 0.9975761771784383 0.9975463925969803 0.9999993826648905
24.166666666666668 1.0 1.0 0.9999999999999999 1.0 0.9805231018882226 0.997686526323132 0.9976341870132186 0.9999993826648905
24.18168168168168 1.0 1.0 0.9999999999999999 1.0 0.9814568549492481 0.997795640792081 0.9977150638476242 0.9999993826648905
24.196696696696698 1.0 1.0 0.9999999999999999 1.0 0.982336627251268 0.997904600926562 0.9977906053130632 0.9999995369986678
24.21171171171171 1.0 1.0 0.9999999999999999 1.0 0.9831563841354707 0.9979948865904024 0.9978634974918428 0.9999995369986678
24.226726726726728 1.0 1.0 0.9999999999999999 1.0 0.9839239632989712 0.9980848635853066 0.9979340347491474 0.9999995369986678
24.24174174174174 1.0 1.0 0.9999999999999999 1.0 0.9846546353722997 0.998164654505316 0.9980030633848822 0.9999995369986678
24.256756756756758 1.0 1.0 0.9999999999999999 1.0 0.9853382444662362 0.9982430564151125 0.9980647328910077 0.9999995369986678
24.27177177177177 1.0 1.0 0.9999999999999999 1.0 0.9859842473326991 0.998315593615121 0.9981244522277868 0.9999995369986678
24.286786786786788 1.0 1.0 0.9999999999999999 1.0 0.9866035357949098 0.9983898284942787 0.9981843187471581 0.9999995369986678
24.3018018018018 1.0 1.0 0.9999999999999999 1.0 0.9871852916230471 0.9984552663087545 0.9982374516629369 0.9999995369986678
24.316816816816818 1.0 1.0 0.9999999999999999 1.0 0.9877218979001962 0.9985191607785492 0.9982883032485368 0.9999995369986678
24.33183183183183 1.0 1.0 0.9999999999999999 1.0 0.9882364997507022 0.9985765732006836 0.9983392284254328 0.9999995369986678
24.346846846846848 1.0 1.0 0.9999999999999999 1.0 0.988722878532253 0.9986304359300516 0.9983851125985465 0.9999996913324452
24.36186186186186 1.0 1.0 0.9999999999999999 1.0 0.9891812550250492 0.9986824466458024 0.9984298929022187 0.9999998456662225
24.376876876876878 1.0 1.0 0.9999999999999999 1.0 0.9896181790417033 0.9987293643241058 0.9984721343061758 0.9999998456662225
24.39189189189189 1.0 1.0 0.9999999999999999 1.0 0.9900185639351861 0.9987735039819833 0.9985142653231887 0.9999998456662225
24.406906906906908 1.0 1.0 0.9999999999999999 1.0 0.9904093816866502 0.9988198043224142 0.998551944066788 0.9999998456662225
24.42192192192192 1.0 1.0 0.9999999999999999 1.0 0.9907785629784719 0.9988622463011426 0.9985911314319573 0.9999999999999998
24.436936936936938 1.0 1.0 0.9999999999999999 1.0 0.9911278740522548 0.9988997495768918 0.9986281846495398 0.9999999999999998
24.45195195195195 1.0 1.0 0.9999999999999999 1.0 0.9914518689963882 0.9989341661632788 0.998663324493424 0.9999999999999998
24.466966966966968 1.0 1.0 0.9999999999999999 1.0 0.9917694981114091 0.9989676567428571 0.9986965509636098 0.9999999999999998
24.48198198198198 1.0 1.0 0.9999999999999999 1.0 0.9920658219370885 0.9990025363326485 0.9987285999730581 0.9999999999999998
24.496996996996998 1.0 1.0 0.9999999999999999 1.0 0.9923463231817369 0.9990338662296734 0.9987599498651935 0.9999999999999998
24.51201201201201 1.0 1.0 0.9999999999999999 1.0 0.9926134672242591 0.9990633441130811 0.9987914469399211 0.9999999999999998
24.527027027027028 1.0 1.0 0.9999999999999999 1.0 0.9928653406362515 0.9990912786518078 0.998821692962615 0.9999999999999998
24.54204204204204 1.0 1.0 0.9999999999999999 1.0 0.9931076469062252 0.9991179785147897 0.9988484801943927 0.9999999999999998
24.557057057057058 1.0 1.0 0.9999999999999999 1.0 0.9933322539634644 0.9991429806986224 0.9988761505217234 0.9999999999999998
24.57207207207207 1.0 1.0 0.9999999999999999 1.0 0.9935483241862868 0.9991713782407534 0.998902054657948 0.9999999999999998
24.587087087087088 1.0 1.0 0.9999999999999999 1.0 0.9937518099376846 0.9991982324382034 0.9989261926030664 0.9999999999999998
24.6021021021021 1.0 1.0 0.9999999999999999 1.0 0.9939437047285598 0.9992226172841637 0.9989527958566038 0.9999999999999998
24.617117117117118 1.0 1.0 0.9999999999999999 1.0 0.9941263267510168 0.9992449957820387 0.9989769705973701 0.9999999999999998
24.63213213213213 1.0 1.0 0.9999999999999999 1.0 0.9943062994110686 0.999266293938637 0.9990001150599912 0.9999999999999998
24.647147147147148 1.0 1.0 0.9999999999999999 1.0 0.9944740923633967 0.9992863574194903 0.9990231859313162 0.9999999999999998
24.66216216216216 1.0 1.0 0.9999999999999999 1.0 0.994631803019905 0.999303797214386 0.9990448217723674 0.9999999999999998
24.677177177177178 1.0 1.0 0.9999999999999999 1.0 0.9947860915833066 0.9993226260194946 0.9990659056786979 0.9999999999999998
24.69219219219219 1.0 1.0 0.9999999999999999 1.0 0.9949324688561927 0.9993417634935394 0.9990878726805815 0.9999999999999998
24.707207207207208 1.0 1.0 0.9999999999999999 1.0 0.9950740257613694 0.9993547275888601 0.9991084046521913 0.9999999999999998
24.72222222222222 1.0 1.0 0.9999999999999999 1.0 0.9952107990955368 0.999374019397373 0.9991295253541699 0.9999999999999998
24.737237237237238 1.0 1.0 0.9999999999999999 1.0 0.9953420897213935 0.9993866748237575 0.9991491006389305 0.9999999999999998
24.75225225225225 1.0 1.0 0.9999999999999999 1.0 0.9954661681940361 0.9994002562569506 0.9991685655367469 0.9999999999999998
24.76726726726727 1.0 1.0 0.9999999999999999 1.0 0.9955813786619614 0.9994146093624842 0.9991879200476192 0.9999999999999998
24.78228228228228 1.0 1.0 0.9999999999999999 1.0 0.9956954116354844 0.9994294254714221 0.9992063914629384 0.9999999999999998
24.7972972972973 1.0 1.0 0.9999999999999999 1.0 0.9958012757415913 0.9994453219216367 0.9992248260826097 0.9999999999999998
24.81231231231231 1.0 1.0 0.9999999999999999 1.0 0.995906992660898 0.9994587490203617 0.9992427087675602 0.9999999999999998
24.82732732732733 1.0 1.0 0.9999999999999999 1.0 0.9960055342236906 0.9994721761190867 0.9992605914525107 0.9999999999999998
24.84234234234234 1.0 1.0 0.9999999999999999 1.0 0.9961032662590817 0.9994863748901521 0.9992778118157963 0.9999999999999998
24.85735735735736 1.0 1.0 0.9999999999999999 1.0 0.9961962883168636 0.999499647654409 0.9992940754922328 0.9999999999999998
24.87237237237237 1.0 1.0 0.9999999999999999 1.0 0.9962840484465352 0.9995124574152616 0.9993100448034848 0.9999999999999998
24.88738738738739 1.0 1.0 0.9999999999999999 1.0 0.9963716981861065 0.9995258845139866 0.9993258301364967 0.9999999999999998
24.9024024024024 1.0 1.0 0.9999999999999999 1.0 0.9964541227942676 0.9995374595990943 0.9993415418782124 0.9999999999999998
24.91741741741742 1.0 1.0 0.9999999999999999 1.0 0.9965312118809183 0.9995467196671806 0.9993555978157661 0.9999999999999998
24.93243243243243 1.0 1.0 0.9999999999999999 1.0 0.9966056148084638 0.9995555167318625 0.9993711991705377 0.9999999999999998
24.94744744744745 1.0 1.0 0.9999999999999999 1.0 0.9966796497690085 0.9995657028067573 0.9993866901383652 0.9999999999999998
24.96246246246246 1.0 1.0 0.9999999999999999 1.0 0.9967529119988517 0.9995755802127159 0.9994010036454553 0.9999999999999998
24.97747747747748 1.0 1.0 0.9999999999999999 1.0 0.9968207283170843 0.9995848402808021 0.9994146180352323 0.9999999999999998
24.99249249249249 1.0 1.0 0.9999999999999999 1.0 0.9968815900590033 0.9995942546833564 0.9994273493294563 0.9999999999999998
25.00750750750751 1.0 1.0 0.9999999999999999 1.0 0.9969481920861335 0.9996019714067615 0.9994408533322893 0.9999999999999998
25.02252252252252 1.0 1.0 0.9999999999999999 1.0 0.9970079499270503 0.9996112314748478 0.9994532902613289 0.9999999999999998
25.03753753753754 1.0 1.0 0.9999999999999999 1.0 0.9970634025540588 0.9996201828739978 0.9994671254249943 0.9999999999999998
25.05255255255255 1.0 1.0 0.9999999999999999 1.0 0.9971220196972734 0.9996285169352753 0.999479599149682 0.9999999999999998
25.06756756756757 1.0 1.0 0.9999999999999999 1.0 0.997175522099178 0.9996374683344253 0.999491594530945 0.9999999999999998
25.08258258258258 1.0 1.0 0.9999999999999999 1.0 0.9972293556713833 0.9996441047165537 0.9995021916775824 0.9999999999999998
25.0975975975976 1.0 1.0 0.9999999999999999 1.0 0.9972821589359865 0.9996515127710227 0.9995135983284767 0.9999999999999998
25.11261261261261 1.0 1.0 0.9999999999999999 1.0 0.9973321656513843 0.9996584578220874 0.9995239011099297 0.9999999999999998
25.12762762762763 1.0 1.0 0.9999999999999999 1.0 0.9973823563502824 0.9996643225318753 0.9995343878696229 0.9999999999999998
25.14264264264264 1.0 1.0 0.9999999999999999 1.0 0.997429198549474 0.9996703415761313 0.9995450218119083 0.9999999999999998
25.15765765765766 1.0 1.0 0.9999999999999999 1.0 0.9974750104410636 0.9996758976169831 0.9995563548715065 0.9999999999999998
25.17267267267267 1.0 1.0 0.9999999999999999 1.0 0.9975198656184513 0.9996820709957072 0.9995672095876802 0.9999999999999998
25.18768768768769 1.0 1.0 0.9999999999999999 1.0 0.9975645000156386 0.9996871640331546 0.9995792049689433 0.9999999999999998
25.2027027027027 1.0 1.0 0.9999999999999999 1.0 0.9976064114570206 0.9996931830774106 0.9995895813416923 0.9999999999999998
25.21771771771772 1.0 1.0 0.9999999999999999 1.0 0.9976477341512013 0.9996984304493262 0.9995988538449999 0.9999999999999998
25.23273273273273 1.0 1.0 0.9999999999999999 1.0 0.9976875113839792 0.9997021344765606 0.9996086414873803 0.9999999999999998
25.24774774774775 1.0 1.0 0.9999999999999999 1.0 0.9977277669738579 0.9997075361829443 0.9996182451515203 0.9999999999999998
25.262762762762762 1.0 1.0 0.9999999999999999 1.0 0.9977653732013314 0.999713092223796 0.9996274072678838 0.9999999999999998
25.27777777777778 1.0 1.0 0.9999999999999999 1.0 0.9978044880935079 0.9997174135889029 0.9996359438582305 0.9999999999999998
25.292792792792792 1.0 1.0 0.9999999999999999 1.0 0.9978404752661783 0.9997223522918822 0.9996456211136667 0.9999999999999998
25.30780780780781 1.0 1.0 0.9999999999999999 1.0 0.9978757265048471 0.999727908332734 0.999653752951885 0.9999999999999998
25.322822822822822 1.0 1.0 0.9999999999999999 1.0 0.9979092482986127 0.999730840687628 0.9996620687683434 0.9999999999999998
25.33783783783784 1.0 1.0 0.9999999999999999 1.0 0.9979419237682766 0.9997377857386927 0.9996710469064667 0.9999999999999998
25.352852852852852 1.0 1.0 0.9999999999999999 1.0 0.9979752247818418 0.999741181096991 0.9996791419490368 0.9999999999999998
25.36786786786787 1.0 1.0 0.9999999999999999 1.0 0.9980073115043044 0.9997462741344384 0.9996868322394785 0.9999999999999998
25.382882882882882 1.0 1.0 0.9999999999999999 1.0 0.9980384047158652 0.9997507498340134 0.9996946697125124 0.9999999999999998
