desi_data/desi_elg_ts_zenodo/mag-zenodo.ecsv
# %ECSV 0.9
# ---
# datatype:
# - {name: MAG, datatype: float64}
# - {name: GFIB_ELG_LOP, datatype: float64}
# - {name: GTOT_ELG_LOP, datatype: float64}
# - {name: GFIB_ELG_VLO, datatype: float64}
# - {name: GTOT_ELG_VLO, datatype: float64}
# - {name: RTOT_ELG_LOP, datatype: float64}
# - {name: RTOT_ELG_VLO, datatype: float64}
# - {name: ZTOT_ELG_LOP, datatype: float64}
# - {name: ZTOT_ELG_VLO, datatype: float64}
# schema: astropy-2.0
MAG GFIB_ELG_LOP GTOT_ELG_LOP GFIB_ELG_VLO GTOT_ELG_VLO RTOT_ELG_LOP RTOT_ELG_VLO ZTOT_ELG_LOP ZTOT_ELG_VLO
[from data line 949]
29.256756756756758 1.0 1.0 0.9999999999999999 1.0 0.9999730648155476 0.9999961416382946 0.9999997424304645 0.9999999999999998
29.27177177177177 1.0 1.0 0.9999999999999999 1.0 0.9999737271561489 0.9999962959727627 0.9999997424304645 0.9999999999999998
29.286786786786788 1.0 1.0 0.9999999999999999 1.0 0.9999747942604509 0.9999962959727627 0.9999997424304645 0.9999999999999998
29.3018018018018 1.0 1.0 0.9999999999999999 1.0 0.9999754198043521 0.9999964503072308 0.9999997424304645 0.9999999999999998
29.316816816816818 1.0 1.0 0.9999999999999999 1.0 0.9999764501119541 0.9999966046416989 0.9999997424304645 0.9999999999999998
29.33183183183183 1.0 1.0 0.9999999999999999 1.0 0.9999774436228561 0.999996758976167 0.9999997424304645 0.9999999999999998
29.346846846846848 1.0 1.0 0.9999999999999999 1.0 0.9999782163535577 0.9999969133106351 0.9999997424304645 0.9999999999999998
29.36186186186186 1.0 1.0 0.9999999999999999 1.0 0.9999790258809592 0.9999972219795713 0.9999997792261126 0.9999999999999998
29.376876876876878 1.0 1.0 0.9999999999999999 1.0 0.9999798722050609 0.9999973763140394 0.9999997792261126 0.9999999999999998
29.39189189189189 1.0 1.0 0.9999999999999999 1.0 0.9999804977489621 0.9999973763140394 0.9999997792261126 0.9999999999999998
29.406906906906908 1.0 1.0 0.9999999999999999 1.0 0.9999811968862635 0.9999979936519118 0.9999997792261126 0.9999999999999998
29.42192192192192 1.0 1.0 0.9999999999999999 1.0 0.9999819696169651 0.9999979936519118 0.9999997792261126 0.9999999999999998
29.436936936936938 1.0 1.0 0.9999999999999999 1.0 0.9999824847707661 0.9999979936519118 0.9999997792261126 0.9999999999999998
29.45195195195195 1.0 1.0 0.9999999999999999 1.0 0.9999830735179672 0.9999979936519118 0.9999997792261126 0.9999999999999998
29.466966966966968 1.0 1.0 0.9999999999999999 1.0 0.9999834046882679 0.9999981479863799 0.9999997792261126 0.9999999999999998
29.48198198198198 1.0 1.0 0.9999999999999999 1.0 0.9999839198420689 0.9999981479863799 0.9999998160217607 0.9999999999999998
29.496996996996998 1.0 1.0 0.9999999999999999 1.0 0.9999846925727705 0.9999981479863799 0.9999998160217607 0.9999999999999998
29.51201201201201 1.0 1.0 0.9999999999999999 1.0 0.9999853917100718 0.9999981479863799 0.9999998160217607 0.9999999999999998
29.527027027027028 1.0 1.0 0.9999999999999999 1.0 0.9999858332704727 0.9999981479863799 0.9999998160217607 0.9999999999999998
29.54204204204204 1.0 1.0 0.9999999999999999 1.0 0.9999863484242738 0.9999981479863799 0.9999998528174088 0.9999999999999998
29.557057057057058 1.0 1.0 0.9999999999999999 1.0 0.9999866060011743 0.9999981479863799 0.9999999264087048 0.9999999999999998
29.57207207207207 1.0 1.0 0.9999999999999999 1.0 0.9999870843582752 0.999998302320848 0.9999999264087048 0.9999999999999998
29.587087087087088 1.0 1.0 0.9999999999999999 1.0 0.9999878938856768 0.999998302320848 0.9999999264087048 0.9999999999999998
29.6021021021021 1.0 1.0 0.9999999999999999 1.0 0.9999885930229782 0.9999984566553161 0.9999999264087048 0.9999999999999998
29.617117117117118 1.0 1.0 0.9999999999999999 1.0 0.9999891081767792 0.9999984566553161 0.9999999264087048 0.9999999999999998
29.63213213213213 1.0 1.0 0.9999999999999999 1.0 0.99998947614378 0.9999986109897842 0.9999999264087048 0.9999999999999998
29.647147147147148 1.0 1.0 0.9999999999999999 1.0 0.9999901016876812 0.9999986109897842 0.9999999264087048 0.9999999999999998
29.66216216216216 1.0 1.0 0.9999999999999999 1.0 0.9999908376216826 0.9999987653242522 0.9999999264087048 0.9999999999999998
29.677177177177178 1.0 1.0 0.9999999999999999 1.0 0.9999912423853834 0.9999987653242522 0.9999999264087048 0.9999999999999998
29.69219219219219 1.0 1.0 0.9999999999999999 1.0 0.9999917575391845 0.9999987653242522 0.9999999632043529 0.9999999999999998
29.707207207207208 1.0 1.0 0.9999999999999999 1.0 0.9999921623028852 0.9999987653242522 0.9999999632043529 0.9999999999999998
29.72222222222222 1.0 1.0 0.9999999999999999 1.0 0.9999926774566863 0.9999989196587203 0.9999999632043529 0.9999999999999998
29.737237237237238 1.0 1.0 0.9999999999999999 1.0 0.999993045423687 0.9999989196587203 0.9999999632043529 0.9999999999999998
29.75225225225225 1.0 1.0 0.9999999999999999 1.0 0.9999936341708882 0.9999992283276565 0.9999999632043529 0.9999999999999998
29.76726726726727 1.0 1.0 0.9999999999999999 1.0 0.9999941493246892 0.9999992283276565 0.9999999632043529 0.9999999999999998
29.78228228228228 1.0 1.0 0.9999999999999999 1.0 0.99999455408839 0.9999992283276565 0.9999999632043529 0.9999999999999998
29.7972972972973 1.0 1.0 0.9999999999999999 1.0 0.9999951796322912 0.9999992283276565 0.9999999632043529 0.9999999999999998
29.81231231231231 1.0 1.0 0.9999999999999999 1.0 0.9999954740058918 0.9999992283276565 0.9999999632043529 0.9999999999999998
29.82732732732733 1.0 1.0 0.9999999999999999 1.0 0.9999960259563929 0.9999992283276565 0.9999999632043529 0.9999999999999998
29.84234234234234 1.0 1.0 0.9999999999999999 1.0 0.999996577906894 0.9999993826621246 0.9999999632043529 0.9999999999999998
29.85735735735736 1.0 1.0 0.9999999999999999 1.0 0.9999969458738948 0.9999995369965927 0.9999999632043529 0.9999999999999998
29.87237237237237 1.0 1.0 0.9999999999999999 1.0 0.9999973874342957 0.9999995369965927 0.9999999632043529 0.9999999999999998
29.88738738738739 1.0 1.0 0.9999999999999999 1.0 0.9999977186045963 0.9999998456655289 0.9999999632043529 0.9999999999999998
29.9024024024024 1.0 1.0 0.9999999999999999 1.0 0.9999979761814968 0.999999999999997 0.9999999632043529 0.9999999999999998
29.91741741741742 1.0 1.0 0.9999999999999999 1.0 0.9999983441484975 0.999999999999997 0.9999999632043529 0.9999999999999998
29.93243243243243 1.0 1.0 0.9999999999999999 1.0 0.999998601725398 0.999999999999997 0.9999999632043529 0.9999999999999998
29.94744744744745 1.0 1.0 0.9999999999999999 1.0 0.9999987857088983 0.999999999999997 1.0000000000000009 0.9999999999999998
29.96246246246246 1.0 1.0 0.9999999999999999 1.0 0.9999990064890988 0.999999999999997 1.0000000000000009 0.9999999999999998
29.97747747747748 1.0 1.0 0.9999999999999999 1.0 0.9999995952362999 0.999999999999997 1.0000000000000009 0.9999999999999998
29.99249249249249 1.0 1.0 0.9999999999999999 1.0 1.0000000000000007 0.999999999999997 1.0000000000000009 0.9999999999999998
