desi_data/desi_elg_ts_zenodo/main-200efftime1600-0.6z1.6-oii-dchi2-meanz-zenodo.ecsv
# %ECSV 0.9
# ---
# datatype:
# - {name: LOG10_DELTACHI2, datatype: float64}
# - {name: LOG10_FOII_SNR, datatype: float64}
# - {name: MEAN_Z, datatype: float64}
# - {name: ALPHA, datatype: float64}
# schema: astropy-2.0
LOG10_DELTACHI2 LOG10_FOII_SNR MEAN_Z ALPHA
[from data line 957]
2.3000000005999994 1.1964285714285712 0.9934209699897044 0.8745415074921368
2.3000000005999994 1.3035714285714284 1.1181797658464558 0.8587283112889601
2.3000000005999994 1.4107142857142856 1.2177168576114 0.844192587315331
2.3000000005999994 1.5178571428571428 1.3399197677998314 0.45344014111971526
2.3000000005999994 1.625 1.2845386658259517 0.0
2.4200000008399996 -0.1964285714285715 0.7642087182594942 0.0
2.4200000008399996 0.017857142857142794 0.08164933759258688 0.0
2.4200000008399996 0.125 0.06631275788464584 0.0
2.4200000008399996 0.23214285714285698 0.6726876302821466 0.0
2.4200000008399996 0.3392857142857142 0.47445818858708255 0.0592549333370504
2.4200000008399996 0.4464285714285714 0.3859084447242177 0.136705913329922
2.4200000008399996 0.5535714285714284 0.18518438463035494 0.2247515428577626
2.4200000008399996 0.6607142857142856 0.3488559435266476 0.2760827138063364
2.4200000008399996 0.7678571428571428 0.3829497175198349 0.3823867602470583
2.4200000008399996 0.875 0.575487193996932 0.5107999268330222
2.4200000008399996 0.982142857142857 0.8340352339844234 0.780606778295035
2.4200000008399996 1.089285714285714 0.8653323663855759 0.9430978416897897
2.4200000008399996 1.1964285714285712 0.9329260587375117 0.8913071744954735
2.4200000008399996 1.3035714285714284 1.0363493384211813 0.7454478854368751
2.4200000008399996 1.4107142857142856 1.1468986545382323 0.7128500855214502
2.4200000008399996 1.5178571428571428 1.2928399973095326 0.574236545025772
2.4200000008399996 1.625 1.2691521478459005 0.0
2.5400000010799997 -0.8392857142857143 0.9225810512439935 0.0
2.5400000010799997 0.125 0.7644261934404988 0.0
2.5400000010799997 0.23214285714285698 0.2067629422591008 0.0
2.5400000010799997 0.3392857142857142 0.5217196628390294 0.0
2.5400000010799997 0.4464285714285714 0.377306539894509 0.08825090682589382
2.5400000010799997 0.5535714285714284 0.23682151210234031 0.2872209111619126
2.5400000010799997 0.6607142857142856 0.24782680738186783 0.29781556069688164
2.5400000010799997 0.7678571428571428 0.33763187104271486 0.36790491227940003
2.5400000010799997 0.875 0.496239822368481 0.40244537185104956
2.5400000010799997 0.982142857142857 0.7720218021151113 0.6632451350716319
2.5400000010799997 1.089285714285714 0.8455932607029167 0.9136474266518592
2.5400000010799997 1.1964285714285712 0.8868357708400342 0.9213928681374449
2.5400000010799997 1.3035714285714284 0.9513011358095911 0.7606925465108253
2.5400000010799997 1.4107142857142856 1.0911680592917765 0.6689349079433813
2.5400000010799997 1.5178571428571428 1.2275520435767822 0.6278415298497062
2.5400000010799997 1.625 1.3674366811938978 0.1936775894833404
2.6600000013199994 0.017857142857142794 0.7645995618784888 0.0
2.6600000013199994 0.125 0.641687555473488 0.0
2.6600000013199994 0.23214285714285698 0.5185382025115403 0.0
2.6600000013199994 0.3392857142857142 0.23627718524887 0.0
2.6600000013199994 0.4464285714285714 0.7255006965491424 0.0
2.6600000013199994 0.5535714285714284 0.3949603535288892 0.08825090682589382
2.6600000013199994 0.6607142857142856 0.15876019406135322 0.2387659046578844
2.6600000013199994 0.7678571428571428 0.3534999051672661 0.17629653635373438
2.6600000013199994 0.875 0.407636239130191 0.3823867602470583
2.6600000013199994 0.982142857142857 0.661887315440371 0.4818039533441788
2.6600000013199994 1.089285714285714 0.8272371628395974 0.8259048638039908
2.6600000013199994 1.1964285714285712 0.8652074891318562 0.9393584364004768
2.6600000013199994 1.3035714285714284 0.9092730359653763 0.796779056385449
2.6600000013199994 1.4107142857142856 0.9707154255402983 0.5592549333370505
2.6600000013199994 1.5178571428571428 1.1598117853366068 0.5146433411661677
2.6600000013199994 1.625 1.2875798336388302 0.20976993116904097
2.6600000013199994 1.7321428571428572 1.304530772265851 0.0
2.7800000015599995 0.23214285714285698 0.7645251486210557 0.0
2.7800000015599995 0.3392857142857142 0.5185145387413417 0.0
2.7800000015599995 0.4464285714285714 0.46430938557573453 0.0
2.7800000015599995 0.5535714285714284 0.4441555943025803 0.0592549333370504
2.7800000015599995 0.6607142857142856 0.5071671742541664 0.136705913329922
2.7800000015599995 0.7678571428571428 0.29950001088796774 0.08825090682589382
2.7800000015599995 0.875 0.47381577628556154 0.3175698313387184
2.7800000015599995 0.982142857142857 0.6869602427467064 0.5068872580770439
2.7800000015599995 1.089285714285714 0.7999909505863797 0.6162266094904688
2.7800000015599995 1.1964285714285712 0.850157800829742 0.8886012548585125
2.7800000015599995 1.3035714285714284 0.8867422893000686 0.8147188419264834
2.7800000015599995 1.4107142857142856 0.9266571735569438 0.5827532146751622
2.7800000015599995 1.5178571428571428 1.068473793511287 0.4087399355050598
2.7800000015599995 1.625 1.207620266695022 0.2760827138063364
2.7800000015599995 1.7321428571428572 1.2990747181720994 0.0
2.9000000017999996 0.23214285714285698 0.7642917363077844 0.0
2.9000000017999996 0.3392857142857142 0.7145113187634871 0.0
2.9000000017999996 0.4464285714285714 0.46952860746377234 0.0
2.9000000017999996 0.5535714285714284 0.4554879445560145 0.0
2.9000000017999996 0.6607142857142856 0.44885513282077055 0.136705913329922
2.9000000017999996 0.7678571428571428 0.4268662108659558 0.25193037401905893
2.9000000017999996 0.875 0.32051541268281436 0.2247515428577626
2.9000000017999996 0.982142857142857 0.5037669447156456 0.3602849290010316
2.9000000017999996 1.089285714285714 0.725842033079776 0.4818039533441788
2.9000000017999996 1.1964285714285712 0.8519959575263353 0.7532039685259989
2.9000000017999996 1.3035714285714284 0.8683449264814189 0.8231619148149754
2.9000000017999996 1.4107142857142856 0.9115863548805141 0.6089472494050063
2.9000000017999996 1.5178571428571428 0.9802954498337667 0.3175698313387184
2.9000000017999996 1.625 1.1320290401588107 0.2760827138063364
2.9000000017999996 1.7321428571428572 1.2137078164003265 0.0
3.0200000020399993 -0.4107142857142857 0.08922352811329337 0.0
3.0200000020399993 0.017857142857142794 0.5642621839002422 0.0
3.0200000020399993 0.125 1.0562035446054554 0.0
3.0200000020399993 0.23214285714285698 0.5419095122218338 0.0
3.0200000020399993 0.3392857142857142 0.5161985830715257 0.0592549333370504
3.0200000020399993 0.4464285714285714 0.8511042207441553 0.0
3.0200000020399993 0.5535714285714284 0.5311399707773947 0.0592549333370504
3.0200000020399993 0.6607142857142856 0.3875082287359539 0.1574022559090345
3.0200000020399993 0.7678571428571428 0.411769097782565 0.08825090682589382
3.0200000020399993 0.875 0.4381665528589354 0.1936775894833404
3.0200000020399993 0.982142857142857 0.36807675091066266 0.2760827138063364
3.0200000020399993 1.089285714285714 0.6427421326495446 0.4773265320177156
3.0200000020399993 1.1964285714285712 0.8268047223221706 0.5529603696830402
3.0200000020399993 1.3035714285714284 0.8589190692237157 0.815673336830149
3.0200000020399993 1.4107142857142856 0.8971719367492377 0.6670548335067279
3.0200000020399993 1.5178571428571428 0.9444560085339473 0.344192587315331
3.0200000020399993 1.625 1.1000479767384266 0.17629653635373438
3.0200000020399993 1.7321428571428572 1.2018060072544805 0.0
3.1400000022799994 0.017857142857142794 0.7645305915984951 0.0
3.1400000022799994 0.23214285714285698 1.5534393559401067 0.0
3.1400000022799994 0.3392857142857142 0.03247456169597771 0.0
3.1400000022799994 0.4464285714285714 0.8499220805781743 0.0
3.1400000022799994 0.5535714285714284 0.5674909092368845 0.0
3.1400000022799994 0.6607142857142856 0.32366053934792266 0.0
3.1400000022799994 0.7678571428571428 0.2654282839605563 0.11382716804958443
3.1400000022799994 0.875 0.5354404188170898 0.0592549333370504
3.1400000022799994 0.982142857142857 0.41144606582230464 0.2247515428577626
3.1400000022799994 1.089285714285714 0.5252012824287775 0.35238779540941567
3.1400000022799994 1.1964285714285712 0.7636833193302313 0.389280902489875
3.1400000022799994 1.3035714285714284 0.8486181635207797 0.6278415298497062
3.1400000022799994 1.4107142857142856 0.8741598622294023 0.647300562864891
3.1400000022799994 1.5178571428571428 0.9152549102657391 0.45344014111971526
3.1400000022799994 1.625 0.8599408875940312 0.0
3.1400000022799994 1.7321428571428572 1.1397469977779904 0.025781538521743808
3.2600000025199996 0.017857142857142794 1.552263954395429 0.0
3.2600000025199996 0.23214285714285698 0.41906547893773843 0.025781538521743808
3.2600000025199996 0.3392857142857142 0.5641638131457248 0.0
3.2600000025199996 0.4464285714285714 0.6628711996009664 0.0
3.2600000025199996 0.5535714285714284 0.972432468052066 0.0
3.2600000025199996 0.6607142857142856 0.6069421188904962 0.0
3.2600000025199996 0.7678571428571428 0.2716907325910375 0.08825090682589382
3.2600000025199996 0.875 0.6087134996734648 0.11382716804958443
3.2600000025199996 0.982142857142857 0.38455797739340486 0.264342165881575
3.2600000025199996 1.089285714285714 0.4536428154370247 0.2247515428577626
3.2600000025199996 1.1964285714285712 0.6784504917141329 0.3752665406897532
3.2600000025199996 1.3035714285714284 0.7902960532716656 0.4988438481303165
3.2600000025199996 1.4107142857142856 0.8548068776829749 0.6593674027232507
3.2600000025199996 1.5178571428571428 0.8922644999222892 0.4584322515730157
3.2600000025199996 1.625 0.9761204597592021 0.2387659046578844
3.2600000025199996 1.7321428571428572 1.1322749456879255 0.0
3.3800000027599997 0.125 1.5562398376538908 0.0
3.3800000027599997 0.3392857142857142 0.49884267201773796 0.025781538521743808
3.3800000027599997 0.4464285714285714 1.555036120721679 0.0
3.3800000027599997 0.5535714285714284 0.5388661868512638 0.0
3.3800000027599997 0.6607142857142856 0.34311125526932235 0.0
3.3800000027599997 0.7678571428571428 0.35127189136714726 0.025781538521743808
3.3800000027599997 0.875 0.55793171977096 0.25193037401905893
3.3800000027599997 0.982142857142857 0.4705544289406032 0.11382716804958443
3.3800000027599997 1.089285714285714 0.42088086926326135 0.2247515428577626
3.3800000027599997 1.1964285714285712 0.6914298857491022 0.3602849290010316
3.3800000027599997 1.3035714285714284 0.813741075617996 0.3602849290010316
3.3800000027599997 1.4107142857142856 0.8577968993460612 0.5221319191509941
3.3800000027599997 1.5178571428571428 0.8829478112528458 0.5257815385217438
3.3800000027599997 1.625 0.9087951080155383 0.025781538521743808
3.3800000027599997 1.839285714285714 1.0968135119212439 0.0
3.500000003 0.3392857142857142 1.2247597518578461 0.0
3.500000003 0.4464285714285714 0.7569924834211976 0.0
3.500000003 0.5535714285714284 0.7570316086886677 0.0
3.500000003 0.7678571428571428 0.19541491370455713 0.08825090682589382
3.500000003 0.875 0.5035111294771052 0.0592549333370504
3.500000003 0.982142857142857 0.5018507955210757 0.1574022559090345
3.500000003 1.089285714285714 0.5451487374222991 0.20976993116904097
3.500000003 1.1964285714285712 0.5199531106375936 0.2872209111619126
3.500000003 1.3035714285714284 0.7230250643322964 0.2872209111619126
3.500000003 1.4107142857142856 0.841088535765601 0.45344014111971526
3.500000003 1.5178571428571428 0.8565322294329133 0.5068872580770439
3.500000003 1.625 0.910088710049329 0.17629653635373438
3.500000003 1.839285714285714 1.0967896548746783 0.0
3.620000003239999 0.3392857142857142 0.564242995485978 0.0
3.620000003239999 0.4464285714285714 1.5549937843670807 0.0
3.620000003239999 0.5535714285714284 0.03248172532414522 0.0
3.620000003239999 0.875 0.53461835790963 0.0
3.620000003239999 0.982142857142857 0.3675870467465312 0.17629653635373438
3.620000003239999 1.089285714285714 0.38787153813166025 0.20976993116904097
3.620000003239999 1.1964285714285712 0.44050625190549714 0.136705913329922
3.620000003239999 1.3035714285714284 0.45076850671556756 0.2247515428577626
3.620000003239999 1.4107142857142856 0.7510782756973429 0.2387659046578844
3.620000003239999 1.5178571428571428 0.8215570465767359 0.40244537185104956
3.620000003239999 1.625 0.8693636405134956 0.3356759176659408
3.620000003239999 1.7321428571428572 0.9057075865375899 0.0
3.740000003479999 0.3392857142857142 1.5524807882625928 0.0
3.740000003479999 0.4464285714285714 1.5527263796050914 0.0
3.740000003479999 0.982142857142857 0.7899086454831877 0.0
3.740000003479999 1.089285714285714 0.5638712944335053 0.0592549333370504
3.740000003479999 1.1964285714285712 0.403568816539952 0.2387659046578844
3.740000003479999 1.3035714285714284 0.5517362052799002 0.2247515428577626
3.740000003479999 1.4107142857142856 0.7105272114150726 0.2247515428577626
3.740000003479999 1.5178571428571428 0.8291688499141827 0.136705913329922
3.740000003479999 1.625 0.8518051959350593 0.36790491227940003
3.740000003479999 1.7321428571428572 0.8924684286236634 0.0
3.740000003479999 1.839285714285714 0.9070267399995177 0.0
3.740000003479999 1.9464285714285712 1.0968274703180663 0.0
3.8600000037199993 0.3392857142857142 0.38883759543261276 0.0
3.8600000037199993 0.982142857142857 0.7340558882534437 0.0
3.8600000037199993 1.089285714285714 0.7730974641786373 0.0
3.8600000037199993 1.1964285714285712 0.4336826045217355 0.08825090682589382
3.8600000037199993 1.3035714285714284 0.3427422526807935 0.0592549333370504
3.8600000037199993 1.4107142857142856 0.45010572260165116 0.25193037401905893
3.8600000037199993 1.5178571428571428 0.745390509107433 0.1574022559090345
3.8600000037199993 1.625 0.8224318881215458 0.25193037401905893
3.8600000037199993 1.7321428571428572 0.8588258953502115 0.08825090682589382
3.9800000039599994 0.5535714285714284 0.38882815456358466 0.0
3.9800000039599994 1.1964285714285712 0.4824579674279015 0.0
3.9800000039599994 1.3035714285714284 0.39825506335487726 0.0
3.9800000039599994 1.4107142857142856 0.09622307313307747 0.0
3.9800000039599994 1.5178571428571428 0.18398293694839307 0.11382716804958443
3.9800000039599994 1.625 0.8020595182294258 0.2247515428577626
3.9800000039599994 1.7321428571428572 0.8789258176041499 0.0
4.1000000042 0.4464285714285714 0.38881338018653616 0.0
4.1000000042 0.5535714285714284 0.38877135463025975 0.0
4.1000000042 1.3035714285714284 0.8449140328284667 0.0
4.1000000042 1.4107142857142856 0.4688086892385663 0.0
4.1000000042 1.5178571428571428 0.09537082784577443 0.08825090682589382
4.1000000042 1.625 0.6237460996780485 0.0592549333370504
4.1000000042 1.7321428571428572 0.8170460357899231 0.0
4.220000004439999 0.5535714285714284 0.3888386974469858 0.0
4.220000004439999 0.6607142857142856 0.3888322192346129 0.0
4.220000004439999 0.7678571428571428 0.38880205181267674 0.0
4.220000004439999 1.5178571428571428 0.09042684604663975 0.0
4.220000004439999 1.625 0.6781776654415544 0.0
4.220000004439999 1.7321428571428572 0.7925179963566664 0.0
4.34000000468 0.5535714285714284 0.3888102994071686 0.0
4.34000000468 0.6607142857142856 0.38880457545920677 0.0
4.34000000468 1.4107142857142856 0.8449203059689103 0.0
4.34000000468 1.625 0.7775042830350434 0.0
4.34000000468 1.7321428571428572 0.6934366241327317 0.08825090682589382
4.34000000468 1.839285714285714 0.7583787530105669 0.0
4.4600000049199995 0.6607142857142856 0.38880169643002976 0.0
4.4600000049199995 1.7321428571428572 0.7938920199924396 0.0
4.4600000049199995 1.839285714285714 0.7583727911648283 0.0
4.580000005159999 1.7321428571428572 0.7775031348846119 0.0
4.580000005159999 1.839285714285714 0.7775003223847333 0.0
