desi_data/desi_elg_ts_zenodo/main-800efftime1200-oii-z-zenodo.ecsv
# %ECSV 0.9
# ---
# datatype:
# - {name: Z, datatype: float64}
# - {name: LOG10_FOII_SNR, datatype: float64}
# - {name: ZOK_FRAC, datatype: float64}
# - {name: ALPHA, datatype: float64}
# schema: astropy-2.0
Z LOG10_FOII_SNR ZOK_FRAC ALPHA
[from data line 9700]
0.6499999991000001 0.06395348837209291 0.0 0.3010661408801486
0.6499999991000001 0.09883720930232553 0.0 0.045124460390711385
0.6499999991000001 0.13372093023255816 0.0 0.18162509642258018
0.6499999991000001 0.16860465116279078 0.0 0.1666434847338586
0.6499999991000001 0.20348837209302317 0.0 0.3891117704079892
0.6499999991000001 0.2383720930232558 0.05 0.2440944647267302
0.6499999991000001 0.2732558139534884 0.11764705882352941 0.20880392758387656
0.6499999991000001 0.3081395348837208 0.0 0.22121571944639262
0.6499999991000001 0.34302325581395343 0.2 0.3321400942545708
0.6499999991000001 0.37790697674418605 0.3333333333333333 0.07070072161440205
0.6499999991000001 0.41279069767441867 0.52 0.2925494712307584
0.6499999991000001 0.44767441860465107 0.3684210526315789 0.2329562673711541
0.6499999991000001 0.4825581395348837 0.6666666666666666 0.07070072161440205
0.6499999991000001 0.5174418604651163 0.7368421052631579 0.2329562673711541
0.6499999991000001 0.5523255813953487 0.8571428571428571 0.016128486901868022
0.6499999991000001 0.5872093023255813 1.0 0.15055114304815798
0.6499999991000001 0.622093023255814 1.0 0.11427580947385213
0.6499999991000001 0.6569767441860466 1.0 0.0
0.6499999991000001 0.691860465116279 1.0 0.15055114304815798
0.6499999991000001 0.7267441860465116 1.0 0.2546891142616992
0.6499999991000001 0.7616279069767442 1.0 0.2836850877505426
0.6499999991000001 0.7965116279069768 1.0 0.133170089918552
0.6499999991000001 0.8313953488372092 1.0 0.22121571944639262
0.6499999991000001 0.8662790697674418 1.0 0.3834712652031447
0.6499999991000001 0.9011627906976745 1.0 0.22121571944639262
0.6499999991000001 0.9360465116279069 1.0 0.4597763468062238
0.6499999991000001 0.9709302325581395 1.0 0.3171584825658492
0.6499999991000001 1.005813953488372 1.0 0.39460946255872076
0.6499999991000001 1.0406976744186047 1.0 0.49666945388668315
0.6499999991000001 1.0755813953488373 1.0 0.4103136946845328
0.6499999991000001 1.1104651162790695 1.0 0.30926134897423324
0.6499999991000001 1.1453488372093021 1.0 0.2836850877505426
0.6499999991000001 1.1802325581395348 1.0 0.09357946689473956
0.6499999991000001 1.2151162790697674 1.0 0.22121571944639262
0.6499999991000001 1.25 1.0 0.195639458222702
0.6499999991000001 1.2848837209302326 1.0 0.27444338490353604
0.6499999991000001 1.3197674418604652 1.0 0.0
0.6499999991000001 1.3546511627906979 1.0 0.0
0.6499999991000001 1.38953488372093 1.0 0.0
0.65666666578 -0.8430232558139534 0.0 0.0
0.65666666578 -0.6686046511627908 0.0 0.0
0.65666666578 -0.6337209302325582 0.0 0.0
0.65666666578 -0.4593023255813954 0.0 0.0
0.65666666578 -0.38953488372093026 0.0 0.0
0.65666666578 -0.35465116279069764 0.0 0.0
0.65666666578 -0.31976744186046513 0.0 0.0
0.65666666578 -0.2848837209302326 0.0 0.07070072161440205
0.65666666578 -0.25 0.0 0.0
0.65666666578 -0.2151162790697675 0.0 0.09357946689473956
0.65666666578 -0.18023255813953487 0.0 0.18162509642258018
0.65666666578 -0.14534883720930236 0.0 0.1666434847338586
0.65666666578 -0.11046511627906974 0.0 0.27444338490353604
0.65666666578 -0.07558139534883723 0.0 0.27444338490353604
0.65666666578 -0.04069767441860461 0.0 0.016128486901868022
0.65666666578 -0.005813953488372103 0.0 0.016128486901868022
0.65666666578 0.029069767441860517 0.0 0.11427580947385213
0.65666666578 0.06395348837209291 0.0 0.195639458222702
0.65666666578 0.09883720930232553 0.0 0.09357946689473956
0.65666666578 0.13372093023255816 0.0 0.07070072161440205
0.65666666578 0.16860465116279078 0.0 0.133170089918552
0.65666666578 0.20348837209302317 0.0 0.09357946689473956
0.65666666578 0.2383720930232558 0.0 0.195639458222702
0.65666666578 0.2732558139534884 0.12 0.2925494712307584
0.65666666578 0.3081395348837208 0.0 0.11427580947385213
0.65666666578 0.34302325581395343 0.0 0.2925494712307584
0.65666666578 0.37790697674418605 0.3 0.2440944647267302
0.65666666578 0.41279069767441867 0.0 0.0
0.65666666578 0.44767441860465107 0.375 0.195639458222702
0.65666666578 0.4825581395348837 0.6521739130434783 0.27444338490353604
0.65666666578 0.5174418604651163 0.7857142857142857 0.1666434847338586
0.65666666578 0.5523255813953487 0.5 0.3461544560546926
0.65666666578 0.5872093023255813 0.6 0.09357946689473956
0.65666666578 0.622093023255814 0.7857142857142857 0.1666434847338586
0.65666666578 0.6569767441860466 1.0 0.27444338490353604
0.65666666578 0.691860465116279 0.8571428571428571 0.2546891142616992
0.65666666578 0.7267441860465116 1.0 0.30926134897423324
0.65666666578 0.7616279069767442 1.0 0.30926134897423324
0.65666666578 0.7965116279069768 1.0 0.2546891142616992
0.65666666578 0.8313953488372092 1.0 0.33926031381187594
0.65666666578 0.8662790697674418 1.0 0.3528364368336834
0.65666666578 0.9011627906976745 1.0 0.3321400942545708
0.65666666578 0.9360465116279069 1.0 0.3461544560546926
0.65666666578 0.9709302325581395 1.0 0.39460946255872076
0.65666666578 1.005813953488372 1.0 0.5396267682399798
0.65666666578 1.0406976744186047 1.0 0.44736455494370775
0.65666666578 1.0755813953488373 1.0 0.4342000855825332
0.65666666578 1.1104651162790695 1.0 0.3776803289282371
0.65666666578 1.1453488372093021 1.0 0.4103136946845328
0.65666666578 1.1802325581395348 1.0 0.33926031381187594
0.65666666578 1.2151162790697674 1.0 0.27444338490353604
0.65666666578 1.25 1.0 0.18162509642258018
0.65666666578 1.2848837209302326 1.0 0.0
0.65666666578 1.3197674418604652 1.0 0.07070072161440205
0.65666666578 1.38953488372093 1.0 0.0
0.65666666578 1.4244186046511627 1.0 0.016128486901868022
0.65666666578 1.494186046511628 1.0 0.0
0.65666666578 1.633720930232558 1.0 0.0
0.66333333246 -0.7383720930232558 0.0 0.0
0.66333333246 -0.563953488372093 0.0 0.0
0.66333333246 -0.5290697674418605 0.0 0.0
0.66333333246 -0.4941860465116279 0.0 0.09357946689473956
0.66333333246 -0.4593023255813954 0.0 0.0
0.66333333246 -0.35465116279069764 0.0 0.0
0.66333333246 -0.2848837209302326 0.0 0.0
0.66333333246 -0.2151162790697675 0.0 0.0
0.66333333246 -0.14534883720930236 0.0 0.11427580947385213
0.66333333246 -0.11046511627906974 0.0 0.07070072161440205
0.66333333246 -0.07558139534883723 0.0 0.0
0.66333333246 -0.04069767441860461 0.0 0.0
0.66333333246 -0.005813953488372103 0.0 0.045124460390711385
0.66333333246 0.029069767441860517 0.0 0.09357946689473956
0.66333333246 0.06395348837209291 0.0 0.195639458222702
0.66333333246 0.09883720930232553 0.0 0.07070072161440205
0.66333333246 0.13372093023255816 0.0 0.11427580947385213
0.66333333246 0.16860465116279078 0.0 0.11427580947385213
0.66333333246 0.20348837209302317 0.0 0.07070072161440205
0.66333333246 0.2383720930232558 0.0 0.11427580947385213
0.66333333246 0.2732558139534884 0.0 0.195639458222702
0.66333333246 0.3081395348837208 0.04 0.2925494712307584
0.66333333246 0.34302325581395343 0.13043478260869565 0.27444338490353604
0.66333333246 0.37790697674418605 0.0 0.2440944647267302
0.66333333246 0.41279069767441867 0.2857142857142857 0.2546891142616992
0.66333333246 0.44767441860465107 0.6 0.18162509642258018
0.66333333246 0.4825581395348837 0.3 0.09357946689473956
0.66333333246 0.5174418604651163 0.7272727272727273 0.2647908073058427
0.66333333246 0.5523255813953487 1.0 0.0
0.66333333246 0.5872093023255813 0.9473684210526315 0.2329562673711541
0.66333333246 0.622093023255814 0.9473684210526315 0.2329562673711541
0.66333333246 0.6569767441860466 1.0 0.195639458222702
0.66333333246 0.691860465116279 1.0 0.016128486901868022
0.66333333246 0.7267441860465116 1.0 0.35931892541586713
0.66333333246 0.7616279069767442 1.0 0.2440944647267302
0.66333333246 0.7965116279069768 1.0 0.4052041120936898
0.66333333246 0.8313953488372092 1.0 0.37173071727838325
0.66333333246 0.8662790697674418 1.0 0.2440944647267302
0.66333333246 0.9011627906976745 1.0 0.27444338490353604
0.66333333246 0.9360465116279069 1.0 0.4296283958625983
0.66333333246 0.9709302325581395 1.0 0.2546891142616992
0.66333333246 1.005813953488372 1.0 0.4597763468062238
0.66333333246 1.0406976744186047 1.0 0.37173071727838325
0.66333333246 1.0755813953488373 1.0 0.5192086412542772
0.66333333246 1.1104651162790695 1.0 0.3891117704079892
0.66333333246 1.1453488372093021 1.0 0.3010661408801486
0.66333333246 1.1802325581395348 1.0 0.22121571944639262
0.66333333246 1.2151162790697674 1.0 0.33926031381187594
0.66333333246 1.25 1.0 0.2836850877505426
0.66333333246 1.2848837209302326 1.0 0.20880392758387656
0.66333333246 1.3197674418604652 1.0 0.20880392758387656
0.66333333246 1.3546511627906979 1.0 0.09357946689473956
0.66333333246 1.38953488372093 1.0 0.0
0.66333333246 1.4244186046511627 1.0 0.016128486901868022
0.66333333246 1.4593023255813953 1.0 0.0
0.66333333246 1.494186046511628 1.0 0.0
0.6699999991400001 -0.8081395348837209 0.0 0.0
0.6699999991400001 -0.5988372093023255 0.0 0.0
0.6699999991400001 -0.42441860465116277 0.0 0.0
0.6699999991400001 -0.38953488372093026 0.0 0.0
0.6699999991400001 -0.35465116279069764 0.0 0.0
0.6699999991400001 -0.2848837209302326 0.0 0.07070072161440205
0.6699999991400001 -0.25 0.0 0.133170089918552
0.6699999991400001 -0.2151162790697675 0.0 0.07070072161440205
0.6699999991400001 -0.18023255813953487 0.0 0.016128486901868022
0.6699999991400001 -0.14534883720930236 0.0 0.0
0.6699999991400001 -0.11046511627906974 0.0 0.0
0.6699999991400001 -0.07558139534883723 0.0 0.07070072161440205
0.6699999991400001 -0.04069767441860461 0.0 0.045124460390711385
0.6699999991400001 -0.005813953488372103 0.0 0.15055114304815798
0.6699999991400001 0.029069767441860517 0.0 0.15055114304815798
0.6699999991400001 0.06395348837209291 0.0 0.0
0.6699999991400001 0.09883720930232553 0.0 0.18162509642258018
0.6699999991400001 0.13372093023255816 0.0 0.15055114304815798
0.6699999991400001 0.16860465116279078 0.0 0.2440944647267302
0.6699999991400001 0.20348837209302317 0.0 0.18162509642258018
0.6699999991400001 0.2383720930232558 0.0 0.3321400942545708
0.6699999991400001 0.2732558139534884 0.0 0.2440944647267302
0.6699999991400001 0.3081395348837208 0.1111111111111111 0.07070072161440205
0.6699999991400001 0.34302325581395343 0.0 0.045124460390711385
0.6699999991400001 0.37790697674418605 0.3076923076923077 0.15055114304815798
0.6699999991400001 0.41279069767441867 0.42857142857142855 0.2546891142616992
0.6699999991400001 0.44767441860465107 0.6 0.0
0.6699999991400001 0.4825581395348837 0.8181818181818182 0.11427580947385213
0.6699999991400001 0.5174418604651163 0.8888888888888888 0.22121571944639262
0.6699999991400001 0.5523255813953487 0.6 0.18162509642258018
0.6699999991400001 0.5872093023255813 0.6666666666666666 0.07070072161440205
0.6699999991400001 0.622093023255814 1.0 0.195639458222702
0.6699999991400001 0.6569767441860466 0.8421052631578947 0.2329562673711541
0.6699999991400001 0.691860465116279 1.0 0.2647908073058427
0.6699999991400001 0.7267441860465116 1.0 0.22121571944639262
0.6699999991400001 0.7616279069767442 1.0 0.32477846584421766
0.6699999991400001 0.7965116279069768 1.0 0.3461544560546926
0.6699999991400001 0.8313953488372092 1.0 0.3010661408801486
0.6699999991400001 0.8662790697674418 1.0 0.3010661408801486
0.6699999991400001 0.9011627906976745 1.0 0.3528364368336834
0.6699999991400001 0.9360465116279069 1.0 0.4790054727158117
0.6699999991400001 0.9709302325581395 1.0 0.39997139525460734
0.6699999991400001 1.005813953488372 1.0 0.4052041120936898
0.6699999991400001 1.0406976744186047 1.0 0.32477846584421766
0.6699999991400001 1.0755813953488373 1.0 0.39460946255872076
0.6699999991400001 1.1104651162790695 1.0 0.4597763468062238
0.6699999991400001 1.1453488372093021 1.0 0.3528364368336834
0.6699999991400001 1.1802325581395348 1.0 0.4201857237824114
0.6699999991400001 1.2151162790697674 1.0 0.22121571944639262
0.6699999991400001 1.25 1.0 0.3171584825658492
0.6699999991400001 1.2848837209302326 1.0 0.2925494712307584
0.6699999991400001 1.3197674418604652 1.0 0.07070072161440205
0.6699999991400001 1.3546511627906979 1.0 0.0
0.6699999991400001 1.4244186046511627 1.0 0.07070072161440205
0.6699999991400001 1.4593023255813953 1.0 0.0
0.6699999991400001 1.7732558139534884 1.0 0.0
0.67666666582 -0.8430232558139534 0.0 0.0
0.67666666582 -0.6337209302325582 0.0 0.0
0.67666666582 -0.5988372093023255 0.0 0.0
0.67666666582 -0.4941860465116279 0.0 0.0
0.67666666582 -0.42441860465116277 0.0 0.0
0.67666666582 -0.35465116279069764 0.0 0.045124460390711385
0.67666666582 -0.25 0.0 0.0
0.67666666582 -0.2151162790697675 0.0 0.0
0.67666666582 -0.18023255813953487 0.0 0.09357946689473956
0.67666666582 -0.14534883720930236 0.0 0.15055114304815798
0.67666666582 -0.11046511627906974 0.0 0.0
0.67666666582 -0.07558139534883723 0.0 0.15055114304815798
0.67666666582 -0.04069767441860461 0.0 0.0
0.67666666582 -0.005813953488372103 0.0 0.20880392758387656
0.67666666582 0.029069767441860517 0.0 0.09357946689473956
0.67666666582 0.06395348837209291 0.0 0.016128486901868022
0.67666666582 0.09883720930232553 0.0 0.0
0.67666666582 0.13372093023255816 0.0 0.1666434847338586
0.67666666582 0.16860465116279078 0.0 0.20880392758387656
0.67666666582 0.20348837209302317 0.0 0.1666434847338586
0.67666666582 0.2383720930232558 0.0 0.133170089918552
0.67666666582 0.2732558139534884 0.0625 0.3461544560546926
0.67666666582 0.3081395348837208 0.0 0.30926134897423324
0.67666666582 0.34302325581395343 0.2 0.18162509642258018
0.67666666582 0.37790697674418605 0.0 0.3171584825658492
0.67666666582 0.41279069767441867 0.0 0.2329562673711541
0.67666666582 0.44767441860465107 0.2 0.09357946689473956
0.67666666582 0.4825581395348837 0.6666666666666666 0.22121571944639262
0.67666666582 0.5174418604651163 0.7142857142857143 0.2546891142616992
0.67666666582 0.5523255813953487 1.0 0.20880392758387656
0.67666666582 0.5872093023255813 0.7777777777777778 0.07070072161440205
0.67666666582 0.622093023255814 1.0 0.20880392758387656
0.67666666582 0.6569767441860466 1.0 0.22121571944639262
0.67666666582 0.691860465116279 1.0 0.30926134897423324
0.67666666582 0.7267441860465116 1.0 0.11427580947385213
0.67666666582 0.7616279069767442 1.0 0.2925494712307584
0.67666666582 0.7965116279069768 1.0 0.20880392758387656
0.67666666582 0.8313953488372092 1.0 0.3528364368336834
0.67666666582 0.8662790697674418 1.0 0.2546891142616992
0.67666666582 0.9011627906976745 1.0 0.49666945388668315
0.67666666582 0.9360465116279069 1.0 0.3321400942545708
0.67666666582 0.9709302325581395 1.0 0.4201857237824114
0.67666666582 1.005813953488372 1.0 0.4715168947309853
0.67666666582 1.0406976744186047 1.0 0.37173071727838325
0.67666666582 1.0755813953488373 1.0 0.4597763468062238
0.67666666582 1.1104651162790695 1.0 0.49324974162153046
0.67666666582 1.1453488372093021 1.0 0.3891117704079892
0.67666666582 1.1802325581395348 1.0 0.3891117704079892
0.67666666582 1.2151162790697674 1.0 0.3834712652031447
0.67666666582 1.25 1.0 0.27444338490353604
0.67666666582 1.2848837209302326 1.0 0.2925494712307584
0.67666666582 1.3197674418604652 1.0 0.07070072161440205
0.67666666582 1.3546511627906979 1.0 0.07070072161440205
0.67666666582 1.38953488372093 1.0 0.0
0.67666666582 1.4244186046511627 1.0 0.0
0.67666666582 1.4593023255813953 1.0 0.0
0.67666666582 1.494186046511628 1.0 0.0
0.6833333325000001 -0.9476744186046512 0.0 0.0
0.6833333325000001 -0.9127906976744186 0.0 0.0
0.6833333325000001 -0.8430232558139534 0.0 0.0
0.6833333325000001 -0.6686046511627908 0.0 0.0
0.6833333325000001 -0.4593023255813954 0.0 0.0
0.6833333325000001 -0.42441860465116277 0.0 0.0
0.6833333325000001 -0.38953488372093026 0.0 0.18162509642258018
0.6833333325000001 -0.31976744186046513 0.0 0.0
0.6833333325000001 -0.2848837209302326 0.0 0.0
0.6833333325000001 -0.25 0.0 0.0
0.6833333325000001 -0.2151162790697675 0.0 0.016128486901868022
0.6833333325000001 -0.18023255813953487 0.0 0.11427580947385213
0.6833333325000001 -0.14534883720930236 0.0 0.016128486901868022
0.6833333325000001 -0.11046511627906974 0.0 0.0
0.6833333325000001 -0.07558139534883723 0.0 0.0
0.6833333325000001 -0.04069767441860461 0.0 0.0
0.6833333325000001 -0.005813953488372103 0.0 0.11427580947385213
