desi_data/desi_elg_ts_zenodo/main_subsample_sgtstr-ebv0.1-gdepthmax24.5-100efftime1600-zok-efftime-all-zenodo.ecsv
# %ECSV 0.9
# ---
# datatype:
# - {name: SELNAME, datatype: string}
# - {name: SURVEY, datatype: string}
# - {name: EFFTIME_SPEC, datatype: float64}
# - {name: EFFICIENCY_06Z16, datatype: float64}
# - {name: EFFICIENCY_06Z16_ERR, datatype: float64}
# - {name: EFFICIENCY_11Z16, datatype: float64}
# - {name: EFFICIENCY_11Z16_ERR, datatype: float64}
# schema: astropy-2.0
SELNAME SURVEY EFFTIME_SPEC EFFICIENCY_06Z16 EFFICIENCY_06Z16_ERR EFFICIENCY_11Z16 EFFICIENCY_11Z16_ERR
ELG_LOP all 118.75 0.3414704144253352 0.00833127698969267 0.15460792484279112 0.005200889491125455
ELG_LOP all 156.25 0.3853829510723737 0.006752825211302661 0.17388440885011502 0.004175392714943866
ELG_LOP all 193.75 0.4353998343357883 0.007723605872473644 0.2023980266906846 0.004819664334639465
ELG_LOP all 231.25 0.4726999187885654 0.007403633689158454 0.22099714791488814 0.004609413685049466
ELG_LOP all 268.75 0.4955880900945462 0.007354525444467501 0.24015100360505745 0.004661951089470984
ELG_LOP all 306.25 0.5131488934527871 0.007532467073295282 0.24306224060447282 0.0046987235824234
ELG_LOP all 343.75 0.5223993963163657 0.007196185685278718 0.2552202271262655 0.004567244234594986
ELG_LOP all 381.25 0.5479566503563552 0.0070394104406450615 0.26390853450928964 0.0044143659214989405
ELG_LOP all 418.75 0.5634688107559761 0.007010880684560701 0.2747226573209797 0.004420263060564593
ELG_LOP all 456.25 0.5762983047650746 0.007107103510866104 0.27898889198845656 0.004454270709059421
ELG_LOP all 493.75 0.5767115449002276 0.007177923943951641 0.27867286005290237 0.00449335226094633
ELG_LOP all 531.25 0.5874769197549415 0.007206103682298364 0.29325225813481726 0.004595298180818186
ELG_LOP all 568.75 0.5946482425247993 0.0072495901047599015 0.29811414223448013 0.004631254668495604
ELG_LOP all 606.25 0.5973718371379826 0.0072777022027217565 0.29384748436112273 0.00459379307147346
ELG_LOP all 643.75 0.6114449462202053 0.007757780214883153 0.30754853374892455 0.004956062729360741
ELG_LOP all 681.25 0.6085392786485535 0.008175061631609673 0.3031266473480244 0.00519321453014752
ELG_LOP all 718.75 0.6199299241217154 0.008509018987913402 0.3147277584284131 0.005461922318834072
ELG_LOP all 756.25 0.6218211252864848 0.00804618324435605 0.32115305147513623 0.0052190120407283585
ELG_LOP all 793.75 0.6319200440931082 0.007219515142357904 0.3180542930508625 0.0046030406342334506
ELG_LOP all 831.25 0.6290278413793554 0.005989797087579656 0.31997644764378225 0.0038455195201886412
ELG_LOP all 868.75 0.6281104416504897 0.004962326136988878 0.3162064032254828 0.003165721430526505
ELG_LOP all 906.25 0.6308967604040285 0.0042557758600904345 0.3178846978960251 0.002715562996340169
ELG_LOP all 943.75 0.6333351499455874 0.0037976362302082458 0.31981864437813085 0.00242587227183794
ELG_LOP all 981.25 0.6338644768000947 0.003490158216806445 0.32459541564572325 0.0022488045310786967
ELG_LOP all 1018.75 0.635301051469674 0.0033683742076405527 0.32671067854049946 0.002175712291885071
ELG_LOP all 1056.25 0.6321945598716157 0.003370938038866482 0.3220824268036631 0.0021654701964745507
ELG_LOP all 1093.75 0.6381127051219967 0.0035143749126996062 0.3278364384517508 0.0022679235333698936
ELG_LOP all 1131.25 0.6360072717331919 0.003719902417304038 0.3250748083182717 0.002393424587734425
ELG_LOP all 1168.75 0.6349307899139198 0.003991041046252171 0.3218302760154356 0.0025549041416501376
ELG_LOP all 1206.25 0.6342213267685586 0.004340878631183106 0.31841897083159343 0.002762663401865473
ELG_LOP all 1243.75 0.6322707719509103 0.004696721179655199 0.32241747632062095 0.0030188442078442263
ELG_LOP all 1281.25 0.6357014941392859 0.005189597802297207 0.3204295420579149 0.0033103883916444084
ELG_LOP all 1318.75 0.6363014529059997 0.00582923565448646 0.32481111504012355 0.003747493773326756
ELG_LOP all 1356.25 0.6313320326659128 0.006503269763739576 0.31174670551175576 0.004097864578216633
ELG_LOP all 1393.75 0.6348400251083772 0.007635969907435383 0.3234899116201078 0.004904391323942138
ELG_LOP all 1431.25 0.6290570808848798 0.0089677752553457 0.3201251364815269 0.00575889255264825
ELG_LOP all 1468.75 0.6502263447331776 0.011252912295666904 0.33438752389718907 0.00725649523392646
ELG_LOP all 1506.25 0.636396798210473 0.013345307124433109 0.31821413271470605 0.008469796640742948
ELG_LOP all 1543.75 0.6306213151102921 0.01611383736274438 0.3368012865818692 0.01066248403446413
ELG_LOP all 1581.25 0.6550538693431985 0.019726351640991444 0.3269377583591072 0.012478431859988169
ELG_LOP all 118.75 0.3414704144253352 0.00833127698969267 0.15460792484279112 0.005200889491125455
ELG_LOP all 156.25 0.3853829510723737 0.006752825211302661 0.17388440885011502 0.004175392714943866
ELG_LOP all 193.75 0.4353998343357883 0.007723605872473644 0.2023980266906846 0.004819664334639465
ELG_LOP all 231.25 0.4726999187885654 0.007403633689158454 0.22099714791488814 0.004609413685049466
ELG_LOP all 268.75 0.4955880900945462 0.007354525444467501 0.24015100360505745 0.004661951089470984
ELG_LOP all 306.25 0.5131488934527871 0.007532467073295282 0.24306224060447282 0.0046987235824234
ELG_LOP all 343.75 0.5223993963163657 0.007196185685278718 0.2552202271262655 0.004567244234594986
ELG_LOP all 381.25 0.5479566503563552 0.0070394104406450615 0.26390853450928964 0.0044143659214989405
ELG_LOP all 418.75 0.5634688107559761 0.007010880684560701 0.2747226573209797 0.004420263060564593
ELG_LOP all 456.25 0.5762983047650746 0.007107103510866104 0.27898889198845656 0.004454270709059421
ELG_LOP all 493.75 0.5767115449002276 0.007177923943951641 0.27867286005290237 0.00449335226094633
ELG_LOP all 531.25 0.5874769197549415 0.007206103682298364 0.29325225813481726 0.004595298180818186
ELG_LOP all 568.75 0.5946482425247993 0.0072495901047599015 0.29811414223448013 0.004631254668495604
ELG_LOP all 606.25 0.5973718371379826 0.0072777022027217565 0.29384748436112273 0.00459379307147346
ELG_LOP all 643.75 0.6114449462202053 0.007757780214883153 0.30754853374892455 0.004956062729360741
ELG_LOP all 681.25 0.6085392786485535 0.008175061631609673 0.3031266473480244 0.00519321453014752
ELG_LOP all 718.75 0.6199299241217154 0.008509018987913402 0.3147277584284131 0.005461922318834072
ELG_LOP all 756.25 0.6218211252864848 0.00804618324435605 0.32115305147513623 0.0052190120407283585
ELG_LOP all 793.75 0.6319200440931082 0.007219515142357904 0.3180542930508625 0.0046030406342334506
ELG_LOP all 831.25 0.6290278413793554 0.005989797087579656 0.31997644764378225 0.0038455195201886412
ELG_LOP all 868.75 0.6281104416504897 0.004962326136988878 0.3162064032254828 0.003165721430526505
ELG_LOP all 906.25 0.6308967604040285 0.0042557758600904345 0.3178846978960251 0.002715562996340169
ELG_LOP all 943.75 0.6333351499455874 0.0037976362302082458 0.31981864437813085 0.00242587227183794
ELG_LOP all 981.25 0.6338644768000947 0.003490158216806445 0.32459541564572325 0.0022488045310786967
ELG_LOP all 1018.75 0.635301051469674 0.0033683742076405527 0.32671067854049946 0.002175712291885071
ELG_LOP all 1056.25 0.6321945598716157 0.003370938038866482 0.3220824268036631 0.0021654701964745507
ELG_LOP all 1093.75 0.6381127051219967 0.0035143749126996062 0.3278364384517508 0.0022679235333698936
ELG_LOP all 1131.25 0.6360072717331919 0.003719902417304038 0.3250748083182717 0.002393424587734425
ELG_LOP all 1168.75 0.6349307899139198 0.003991041046252171 0.3218302760154356 0.0025549041416501376
ELG_LOP all 1206.25 0.6342213267685586 0.004340878631183106 0.31841897083159343 0.002762663401865473
ELG_LOP all 1243.75 0.6322707719509103 0.004696721179655199 0.32241747632062095 0.0030188442078442263
ELG_LOP all 1281.25 0.6357014941392859 0.005189597802297207 0.3204295420579149 0.0033103883916444084
ELG_LOP all 1318.75 0.6363014529059997 0.00582923565448646 0.32481111504012355 0.003747493773326756
ELG_LOP all 1356.25 0.6313320326659128 0.006503269763739576 0.31174670551175576 0.004097864578216633
ELG_LOP all 1393.75 0.6348400251083772 0.007635969907435383 0.3234899116201078 0.004904391323942138
ELG_LOP all 1431.25 0.6290570808848798 0.0089677752553457 0.3201251364815269 0.00575889255264825
ELG_LOP all 1468.75 0.6502263447331776 0.011252912295666904 0.33438752389718907 0.00725649523392646
ELG_LOP all 1506.25 0.636396798210473 0.013345307124433109 0.31821413271470605 0.008469796640742948
ELG_LOP all 1543.75 0.6306213151102921 0.01611383736274438 0.3368012865818692 0.01066248403446413
ELG_LOP all 1581.25 0.6550538693431985 0.019726351640991444 0.3269377583591072 0.012478431859988169
ELG_VLO all 118.75 0.48821490407194773 0.025231540107886384 0.11186903735481113 0.010439680017643699
ELG_VLO all 156.25 0.5919310527004809 0.02095256514564691 0.13867682048180927 0.00857712399629106
ELG_VLO all 193.75 0.6870038259888213 0.024517126522682207 0.17296508687956044 0.010257788117356875
ELG_VLO all 231.25 0.7327890913772023 0.023619431904550157 0.17070073824586315 0.0093701758875784
ELG_VLO all 268.75 0.7645303366007763 0.022473729264327877 0.17415475414058715 0.008749707929984144
ELG_VLO all 306.25 0.7941621010663917 0.0232004314096739 0.19111452274539686 0.009273298667127079
ELG_VLO all 343.75 0.8086494531706988 0.02428182602633798 0.2002077745746648 0.00984221121496849
ELG_VLO all 381.25 0.8312024361433036 0.024367654664927733 0.2038986563137338 0.009785754036185701
ELG_VLO all 418.75 0.8495861935897925 0.0232476859324932 0.21380668535614036 0.009447657098145816
ELG_VLO all 456.25 0.8547268389576513 0.022069567905734496 0.20705304376813688 0.008762825608742586
ELG_VLO all 493.75 0.879105897100872 0.02369604008950117 0.208692897455734 0.009259581764139794
ELG_VLO all 531.25 0.8717387734399846 0.023775873906971907 0.21269921778372747 0.009453229116127207
ELG_VLO all 568.75 0.8778120424309115 0.024153907275859927 0.23305925936675 0.010085228047863498
ELG_VLO all 606.25 0.8841307672312225 0.023714056535280716 0.22240590640096414 0.009580164276698905
ELG_VLO all 643.75 0.895851271438887 0.024411345440415812 0.2290168900640614 0.00993766400839582
ELG_VLO all 681.25 0.8968706483130293 0.025320970978928478 0.20965996777749513 0.009776558498774264
ELG_VLO all 718.75 0.9037180805441988 0.026558423239387865 0.23464725629205427 0.010898423315054775
ELG_VLO all 756.25 0.8999451564934935 0.025205654721969235 0.22063178530476418 0.010003357857718831
ELG_VLO all 793.75 0.9061840913793661 0.023377823904893767 0.22905715513319197 0.009437814059988133
ELG_VLO all 831.25 0.9085587878041338 0.02003744815250328 0.2187387268905598 0.00785653898605706
ELG_VLO all 868.75 0.9095107176871873 0.01738936933368704 0.229476207970665 0.007008866172981771
ELG_VLO all 906.25 0.915656143555615 0.015589603833560216 0.2174156176254443 0.0060558470374517835
ELG_VLO all 943.75 0.9299150434668502 0.01405591898963617 0.23753118771813794 0.005688619812328454
ELG_VLO all 981.25 0.9282043308518297 0.01278302685908555 0.23170030812835649 0.005104476513973511
ELG_VLO all 1018.75 0.9275829436493356 0.012206585842202567 0.2370065935582431 0.004942850971491995
ELG_VLO all 1056.25 0.9331941464212611 0.01205129770263844 0.23139223031757575 0.00478941716993705
ELG_VLO all 1093.75 0.9258621054137512 0.012087267593702303 0.22919986175439183 0.004804639588219739
ELG_VLO all 1131.25 0.9364138424691494 0.012517269777033999 0.2388243105387685 0.005056159162660413
ELG_VLO all 1168.75 0.9325545756886453 0.013146445088132317 0.23702947528318752 0.005302693446715008
ELG_VLO all 1206.25 0.9393120338578588 0.013943091794830496 0.23098814556591063 0.005508737508478266
ELG_VLO all 1243.75 0.9372094579816804 0.01502909338057309 0.2325165955585436 0.005971033761098754
ELG_VLO all 1281.25 0.9394577048787073 0.016528078510581714 0.2314778554079583 0.0065374988079709585
ELG_VLO all 1318.75 0.9377128981029026 0.01756198091318504 0.2303108507504944 0.0069351916628086615
ELG_VLO all 1356.25 0.9314677254631271 0.02039334620795207 0.22710509075761492 0.008026296004116718
ELG_VLO all 1393.75 0.9446099631387178 0.02395752466314848 0.21394042014425177 0.009008335201475929
ELG_VLO all 1431.25 0.9387067953324704 0.028385388829108474 0.2557507345036987 0.011924329433165367
ELG_VLO all 1468.75 0.9506746914252242 0.0326826787607663 0.23810815683414865 0.01303093814827105
ELG_VLO all 1506.25 0.9388816943931463 0.039368867007786586 0.22826219296744427 0.01545020905470433
ELG_VLO all 1543.75 0.947432773014293 0.04684535961119663 0.21402974174894235 0.017579756899007346
ELG_VLO all 1581.25 0.9597019778086119 0.05358004978259405 0.2274289098621777 0.020642434312703333
ELG_VLO all 118.75 0.48821490407194773 0.025231540107886384 0.11186903735481113 0.010439680017643699
ELG_VLO all 156.25 0.5919310527004809 0.02095256514564691 0.13867682048180927 0.00857712399629106
ELG_VLO all 193.75 0.6870038259888213 0.024517126522682207 0.17296508687956044 0.010257788117356875
ELG_VLO all 231.25 0.7327890913772023 0.023619431904550157 0.17070073824586315 0.0093701758875784
ELG_VLO all 268.75 0.7645303366007763 0.022473729264327877 0.17415475414058715 0.008749707929984144
ELG_VLO all 306.25 0.7941621010663917 0.0232004314096739 0.19111452274539686 0.009273298667127079
ELG_VLO all 343.75 0.8086494531706988 0.02428182602633798 0.2002077745746648 0.00984221121496849
ELG_VLO all 381.25 0.8312024361433036 0.024367654664927733 0.2038986563137338 0.009785754036185701
ELG_VLO all 418.75 0.8495861935897925 0.0232476859324932 0.21380668535614036 0.009447657098145816
ELG_VLO all 456.25 0.8547268389576513 0.022069567905734496 0.20705304376813688 0.008762825608742586
ELG_VLO all 493.75 0.879105897100872 0.02369604008950117 0.208692897455734 0.009259581764139794
ELG_VLO all 531.25 0.8717387734399846 0.023775873906971907 0.21269921778372747 0.009453229116127207
ELG_VLO all 568.75 0.8778120424309115 0.024153907275859927 0.23305925936675 0.010085228047863498
ELG_VLO all 606.25 0.8841307672312225 0.023714056535280716 0.22240590640096414 0.009580164276698905
ELG_VLO all 643.75 0.895851271438887 0.024411345440415812 0.2290168900640614 0.00993766400839582
ELG_VLO all 681.25 0.8968706483130293 0.025320970978928478 0.20965996777749513 0.009776558498774264
ELG_VLO all 718.75 0.9037180805441988 0.026558423239387865 0.23464725629205427 0.010898423315054775
ELG_VLO all 756.25 0.8999451564934935 0.025205654721969235 0.22063178530476418 0.010003357857718831
ELG_VLO all 793.75 0.9061840913793661 0.023377823904893767 0.22905715513319197 0.009437814059988133
ELG_VLO all 831.25 0.9085587878041338 0.02003744815250328 0.2187387268905598 0.00785653898605706
ELG_VLO all 868.75 0.9095107176871873 0.01738936933368704 0.229476207970665 0.007008866172981771
ELG_VLO all 906.25 0.915656143555615 0.015589603833560216 0.2174156176254443 0.0060558470374517835
ELG_VLO all 943.75 0.9299150434668502 0.01405591898963617 0.23753118771813794 0.005688619812328454
ELG_VLO all 981.25 0.9282043308518297 0.01278302685908555 0.23170030812835649 0.005104476513973511
ELG_VLO all 1018.75 0.9275829436493356 0.012206585842202567 0.2370065935582431 0.004942850971491995
ELG_VLO all 1056.25 0.9331941464212611 0.01205129770263844 0.23139223031757575 0.00478941716993705
ELG_VLO all 1093.75 0.9258621054137512 0.012087267593702303 0.22919986175439183 0.004804639588219739
ELG_VLO all 1131.25 0.9364138424691494 0.012517269777033999 0.2388243105387685 0.005056159162660413
ELG_VLO all 1168.75 0.9325545756886453 0.013146445088132317 0.23702947528318752 0.005302693446715008
ELG_VLO all 1206.25 0.9393120338578588 0.013943091794830496 0.23098814556591063 0.005508737508478266
ELG_VLO all 1243.75 0.9372094579816804 0.01502909338057309 0.2325165955585436 0.005971033761098754
ELG_VLO all 1281.25 0.9394577048787073 0.016528078510581714 0.2314778554079583 0.0065374988079709585
ELG_VLO all 1318.75 0.9377128981029026 0.01756198091318504 0.2303108507504944 0.0069351916628086615
ELG_VLO all 1356.25 0.9314677254631271 0.02039334620795207 0.22710509075761492 0.008026296004116718
ELG_VLO all 1393.75 0.9446099631387178 0.02395752466314848 0.21394042014425177 0.009008335201475929
ELG_VLO all 1431.25 0.9387067953324704 0.028385388829108474 0.2557507345036987 0.011924329433165367
ELG_VLO all 1468.75 0.9506746914252242 0.0326826787607663 0.23810815683414865 0.01303093814827105
ELG_VLO all 1506.25 0.9388816943931463 0.039368867007786586 0.22826219296744427 0.01545020905470433
ELG_VLO all 1543.75 0.947432773014293 0.04684535961119663 0.21402974174894235 0.017579756899007346
ELG_VLO all 1581.25 0.9597019778086119 0.05358004978259405 0.2274289098621777 0.020642434312703333
