desi_data/desi_elg_ts_zenodo/main-200efftime1600-0.6z1.6-oii-dchi2-meanz-zenodo.ecsv
# %ECSV 0.9
# ---
# datatype:
# - {name: LOG10_DELTACHI2, datatype: float64}
# - {name: LOG10_FOII_SNR, datatype: float64}
# - {name: MEAN_Z, datatype: float64}
# - {name: ALPHA, datatype: float64}
# schema: astropy-2.0
LOG10_DELTACHI2 LOG10_FOII_SNR MEAN_Z ALPHA
[from data line 726]
0.7399999974799998 0.3392857142857142 0.6707906502952159 0.0
0.7399999974799998 0.4464285714285714 1.34822217227052 0.17629653635373438
0.7399999974799998 0.5535714285714284 0.9171632289459632 0.29781556069688164
0.7399999974799998 0.6607142857142856 1.3012127140144238 0.48619091549793136
0.7399999974799998 0.7678571428571428 1.3833114773318858 0.4773265320177156
0.7399999974799998 0.875 1.2996626773573994 0.5029027932414062
0.7399999974799998 0.982142857142857 1.3332496693585492 0.4584322515730157
0.7399999974799998 1.089285714285714 1.3619902472255465 0.2387659046578844
0.7399999974799998 1.1964285714285712 1.2203339129994395 0.025781538521743808
0.7399999974799998 1.3035714285714284 1.2426173683937658 0.0
0.8599999977199997 -0.5178571428571429 0.05128022480011146 0.0
0.8599999977199997 -0.3035714285714286 0.5547891092194139 0.0
0.8599999977199997 -0.0892857142857143 0.0906425699641375 0.0
0.8599999977199997 0.017857142857142794 0.04441207014426476 0.0
0.8599999977199997 0.125 0.3483609944456919 0.0
0.8599999977199997 0.23214285714285698 0.28458938951913143 0.0
0.8599999977199997 0.3392857142857142 0.6120968991574263 0.136705913329922
0.8599999977199997 0.4464285714285714 0.9468331500539058 0.1936775894833404
0.8599999977199997 0.5535714285714284 1.2246876323414317 0.4208067753634195
0.8599999977199997 0.6607142857142856 1.3005620491926229 0.4904910013788902
0.8599999977199997 0.7678571428571428 1.3427249013264841 0.5855194589751427
0.8599999977199997 0.875 1.3569286842373145 0.6574022559090344
0.8599999977199997 0.982142857142857 1.3543115710421394 0.5683673433901499
0.8599999977199997 1.089285714285714 1.3151411846785117 0.344192587315331
0.8599999977199997 1.1964285714285712 1.3282266518715349 0.0592549333370504
0.8599999977199997 1.3035714285714284 1.276397606876115 0.0
0.9799999979599998 -0.4107142857142857 0.10430648024721036 0.0
0.9799999979599998 -0.3035714285714286 0.7780528618021767 0.0
0.9799999979599998 -0.1964285714285715 0.6020466810721284 0.0
0.9799999979599998 0.017857142857142794 0.1170453067979543 0.0
0.9799999979599998 0.125 0.11174780990476485 0.0
0.9799999979599998 0.23214285714285698 0.5187929307557282 0.17629653635373438
0.9799999979599998 0.3392857142857142 0.909340627277529 0.1936775894833404
0.9799999979599998 0.4464285714285714 0.6402444721501193 0.11382716804958443
0.9799999979599998 0.5535714285714284 1.185172813011555 0.3823867602470583
0.9799999979599998 0.6607142857142856 1.2776750609501237 0.5683673433901499
0.9799999979599998 0.7678571428571428 1.3144599977738485 0.6651583389981583
0.9799999979599998 0.875 1.3339354139179715 0.7247515428577627
0.9799999979599998 0.982142857142857 1.3198692506682674 0.6513978021725269
0.9799999979599998 1.089285714285714 1.3638672593024541 0.46808482917070904
0.9799999979599998 1.1964285714285712 1.301667539231492 0.20976993116904097
0.9799999979599998 1.3035714285714284 1.3892107236522504 0.0
1.0999999982 -0.0892857142857143 0.167112733305875 0.0
1.0999999982 0.017857142857142794 0.573174870850774 0.0
1.0999999982 0.125 0.7396747379282952 0.0
1.0999999982 0.23214285714285698 0.3300650680876243 0.17629653635373438
1.0999999982 0.3392857142857142 0.7011297258202787 0.25193037401905893
1.0999999982 0.4464285714285714 0.86342655544892 0.3175698313387184
1.0999999982 0.5535714285714284 1.1035589479138603 0.3823867602470583
1.0999999982 0.6607142857142856 1.1557433459083053 0.5882509068258938
1.0999999982 0.7678571428571428 1.3068592430845343 0.7480641489037136
1.0999999982 0.875 1.3312736407874617 0.7726267165981715
1.0999999982 0.982142857142857 1.3136246951616823 0.7655452007645143
1.0999999982 1.089285714285714 1.365094626916803 0.6185998270026997
1.0999999982 1.1964285714285712 1.3067538443949416 0.1936775894833404
1.0999999982 1.3035714285714284 1.3341661979215336 0.08825090682589382
1.2199999984399996 -0.4107142857142857 -0.00019682844994669876 0.0
1.2199999984399996 -0.1964285714285715 0.383599587560714 0.0
1.2199999984399996 -0.0892857142857143 0.03367921093245462 0.0
1.2199999984399996 0.017857142857142794 0.49858003497813747 0.0
1.2199999984399996 0.125 0.20971030640976418 0.08825090682589382
1.2199999984399996 0.23214285714285698 0.5368683143787197 0.11382716804958443
1.2199999984399996 0.3392857142857142 0.31643854720426423 0.264342165881575
1.2199999984399996 0.4464285714285714 0.7492873769864586 0.32681153418572495
1.2199999984399996 0.5535714285714284 1.0351663068571955 0.4727548422977807
1.2199999984399996 0.6607142857142856 1.118393762511103 0.5713217731954101
1.2199999984399996 0.7678571428571428 1.2675147604517933 0.7760827138063364
1.2199999984399996 0.875 1.3034847987578408 0.8531905587671249
1.2199999984399996 0.982142857142857 1.3100886456408323 0.8312889555121883
1.2199999984399996 1.089285714285714 1.3202656673823059 0.723299047536059
1.2199999984399996 1.1964285714285712 1.3735869956847766 0.4322382168431716
1.2199999984399996 1.3035714285714284 1.4150224453945126 0.08825090682589382
1.3399999986799997 -0.7321428571428572 0.08045914569504903 0.0
1.3399999986799997 -0.4107142857142857 1.0900081707406286 0.0
1.3399999986799997 -0.3035714285714286 0.27682937052023227 0.0
1.3399999986799997 -0.1964285714285715 1.5732987762517567 0.0
1.3399999986799997 -0.0892857142857143 0.11159688003583991 0.0
1.3399999986799997 0.017857142857142794 0.07369889877300201 0.0
1.3399999986799997 0.125 0.2974600596379431 0.1574022559090345
1.3399999986799997 0.23214285714285698 0.4275281379986248 0.17629653635373438
1.3399999986799997 0.3392857142857142 0.38427511999883196 0.2872209111619126
1.3399999986799997 0.4464285714285714 0.5734120154223346 0.3602849290010316
1.3399999986799997 0.5535714285714284 0.8489613599599666 0.4818039533441788
1.3399999986799997 0.6607142857142856 1.088926615965857 0.5855194589751427
1.3399999986799997 0.7678571428571428 1.1836145128487154 0.761915914484369
1.3399999986799997 0.875 1.2488646104382055 0.8992283168483446
1.3399999986799997 0.982142857142857 1.2927335556989539 0.9254518132485346
1.3399999986799997 1.089285714285714 1.32539551365614 0.8483288502983259
1.3399999986799997 1.1964285714285712 1.3296688292731613 0.574236545025772
1.3399999986799997 1.3035714285714284 1.3497673526593588 0.29781556069688164
1.3399999986799997 1.4107142857142856 1.4215396333094437 0.0
1.4599999989199999 -0.3035714285714286 0.531981053697515 0.0
1.4599999989199999 -0.0892857142857143 0.6006091112269691 0.0592549333370504
1.4599999989199999 0.017857142857142794 0.122336374500612 0.0592549333370504
1.4599999989199999 0.125 0.23067104101640024 0.025781538521743808
1.4599999989199999 0.23214285714285698 0.4649958308305216 0.2760827138063364
1.4599999989199999 0.3392857142857142 0.45298320523500096 0.3602849290010316
1.4599999989199999 0.4464285714285714 0.3552283669479275 0.3752665406897532
1.4599999989199999 0.5535714285714284 0.7393874044515513 0.4148571637135656
1.4599999989199999 0.6607142857142856 0.9996325761679636 0.6278415298497062
1.4599999989199999 0.7678571428571428 1.132618624085253 0.7749368154165441
1.4599999989199999 0.875 1.209547946756354 0.9202190964094521
1.4599999989199999 0.982142857142857 1.2545999500545129 0.9861909154979314
1.4599999989199999 1.089285714285714 1.2979782734312724 0.9393584364004768
1.4599999989199999 1.1964285714285712 1.3104415058016423 0.7050661969081253
1.4599999989199999 1.3035714285714284 1.3352704049754502 0.4087399355050598
1.4599999989199999 1.4107142857142856 1.3386906025079448 0.025781538521743808
1.4599999989199999 1.5178571428571428 1.2853100484126754 0.0
1.5799999991599996 -0.8392857142857143 0.10339092581222185 0.0
1.5799999991599996 -0.5178571428571429 0.830861570288496 0.0
1.5799999991599996 -0.4107142857142857 0.494719970554128 0.0
1.5799999991599996 -0.3035714285714286 0.10339653833736223 0.0
1.5799999991599996 -0.1964285714285715 0.8403027827578565 0.0
1.5799999991599996 -0.0892857142857143 0.07597303742658273 0.0
1.5799999991599996 0.017857142857142794 0.8671572369445354 0.0
1.5799999991599996 0.125 0.38811286021136 0.1574022559090345
1.5799999991599996 0.23214285714285698 0.24957936237656816 0.2872209111619126
1.5799999991599996 0.3392857142857142 0.3269043035034643 0.264342165881575
1.5799999991599996 0.4464285714285714 0.25081638760858727 0.389280902489875
1.5799999991599996 0.5535714285714284 0.6512288350270998 0.42659771163832705
1.5799999991599996 0.6607142857142856 0.8789773353453396 0.5827532146751622
1.5799999991599996 0.7678571428571428 1.0672234775161646 0.761915914484369
1.5799999991599996 0.875 1.146027654854687 0.9190389454559666
1.5799999991599996 0.982142857142857 1.21442675759151 1.0
1.5799999991599996 1.089285714285714 1.271943072818373 1.0
1.5799999991599996 1.1964285714285712 1.307650924242213 0.8892809024898749
1.5799999991599996 1.3035714285714284 1.3325605508045455 0.5529603696830402
1.5799999991599996 1.4107142857142856 1.3182496816583318 0.136705913329922
1.6999999993999997 -0.8392857142857143 0.11919570675209598 0.0
1.6999999993999997 -0.7321428571428572 0.0901115612354797 0.0
1.6999999993999997 -0.625 0.09319766924994342 0.0
1.6999999993999997 -0.1964285714285715 1.2733496939203768 0.0
1.6999999993999997 -0.0892857142857143 0.10834961865373743 0.0
1.6999999993999997 0.017857142857142794 0.266932869544184 0.0
1.6999999993999997 0.125 0.271041614761741 0.136705913329922
1.6999999993999997 0.23214285714285698 0.1922987758436078 0.17629653635373438
1.6999999993999997 0.3392857142857142 0.38406934233896506 0.3175698313387184
1.6999999993999997 0.4464285714285714 0.33386300110193656 0.36790491227940003
1.6999999993999997 0.5535714285714284 0.412706526662429 0.5029027932414062
1.6999999993999997 0.6607142857142856 0.8071621203334896 0.5882509068258938
1.6999999993999997 0.7678571428571428 0.9679274534700216 0.7401188513458469
1.6999999993999997 0.875 1.0875493273642438 0.9024453718510496
1.6999999993999997 0.982142857142857 1.1383826894733537 1.0
1.6999999993999997 1.089285714285714 1.2366254126323732 1.0
1.6999999993999997 1.1964285714285712 1.2907348962943188 0.9840085127967063
1.6999999993999997 1.3035714285714284 1.322757824237405 0.6834167559110396
1.6999999993999997 1.4107142857142856 1.3432840393520318 0.25193037401905893
1.8199999996399998 -0.3035714285714286 1.049040672634396 0.0
1.8199999996399998 -0.0892857142857143 0.10832829645391696 0.0
1.8199999996399998 0.017857142857142794 0.19397637248489324 0.0592549333370504
1.8199999996399998 0.125 0.4538375708160299 0.0
1.8199999996399998 0.23214285714285698 0.2867261863906492 0.2247515428577626
1.8199999996399998 0.3392857142857142 0.3314282253851822 0.3079172537410251
1.8199999996399998 0.4464285714285714 0.4127668145884392 0.39596288326886575
1.8199999996399998 0.5535714285714284 0.38497336848979125 0.3823867602470583
1.8199999996399998 0.6607142857142856 0.6969659609306912 0.5329017580790489
1.8199999996399998 0.7678571428571428 0.9018776765701284 0.72036458070401
1.8199999996399998 0.875 1.0156811740437426 0.8679049122794
1.8199999996399998 0.982142857142857 1.0849291921327973 0.970432389774899
1.8199999996399998 1.089285714285714 1.1698097444514348 1.0
1.8199999996399998 1.1964285714285712 1.2462500799068874 1.0
1.8199999996399998 1.3035714285714284 1.3308051538219368 0.8483288502983259
1.8199999996399998 1.4107142857142856 1.324482342324206 0.4148571637135656
1.8199999996399998 1.5178571428571428 1.2850781880996789 0.0
1.9399999998799995 -0.8392857142857143 0.01753798536637838 0.0
1.9399999998799995 -0.3035714285714286 1.0056350986163478 0.0
1.9399999998799995 -0.1964285714285715 0.8695076891368606 0.0
1.9399999998799995 0.017857142857142794 0.30623985872216675 0.0
1.9399999998799995 0.125 0.8240274767168391 0.0
1.9399999998799995 0.23214285714285698 0.185558559971531 0.17629653635373438
1.9399999998799995 0.3392857142857142 0.4000959861481833 0.25193037401905893
1.9399999998799995 0.4464285714285714 0.32922705909288114 0.3602849290010316
1.9399999998799995 0.5535714285714284 0.378599076494893 0.40244537185104956
1.9399999998799995 0.6607142857142856 0.4713192479313267 0.4483305585288722
1.9399999998799995 0.7678571428571428 0.7984143375557392 0.6886077738079004
1.9399999998799995 0.875 0.9162224251856699 0.8458565589897947
1.9399999998799995 0.982142857142857 1.0107994214272311 0.9430978416897897
1.9399999998799995 1.089285714285714 1.1167915192984266 1.0
1.9399999998799995 1.1964285714285712 1.2177174108951239 1.0
1.9399999998799995 1.3035714285714284 1.275538267483851 0.9393584364004768
1.9399999998799995 1.4107142857142856 1.3315076952379645 0.5855194589751427
1.9399999998799995 1.5178571428571428 1.3270045497632998 0.025781538521743808
2.0600000001199996 -0.1964285714285715 1.123078502536313 0.0
2.0600000001199996 -0.0892857142857143 0.09844599144030565 0.0
2.0600000001199996 0.017857142857142794 0.8221907594508611 0.0
2.0600000001199996 0.125 0.32368329458057626 0.0
2.0600000001199996 0.23214285714285698 0.46587247210146676 0.0592549333370504
2.0600000001199996 0.3392857142857142 0.2669514164219047 0.1936775894833404
2.0600000001199996 0.4464285714285714 0.3308171071370859 0.40244537185104956
2.0600000001199996 0.5535714285714284 0.24282567690403964 0.3602849290010316
2.0600000001199996 0.6607142857142856 0.4393795948833328 0.4087399355050598
2.0600000001199996 0.7678571428571428 0.7387998293094449 0.574236545025772
2.0600000001199996 0.875 0.851116539248244 0.8137601329036224
2.0600000001199996 0.982142857142857 0.9328808157652935 0.9316807139927759
2.0600000001199996 1.089285714285714 1.0371642805212768 0.9478129248130697
2.0600000001199996 1.1964285714285712 1.1549798695205566 0.9984337493475148
2.0600000001199996 1.3035714285714284 1.2495681885938155 0.9818039533441788
2.0600000001199996 1.4107142857142856 1.2970035269580427 0.72036458070401
2.0600000001199996 1.5178571428571428 1.3223894121901116 0.344192587315331
2.0600000001199996 1.625 1.337398902641316 0.0
2.1800000003599997 -0.9464285714285714 0.7902258452208618 0.0
2.1800000003599997 -0.5178571428571429 0.1556377984896393 0.0
2.1800000003599997 -0.1964285714285715 0.3014030464269372 0.0
2.1800000003599997 0.017857142857142794 0.6171382084663527 0.0
2.1800000003599997 0.125 0.5314129695911785 0.0
2.1800000003599997 0.23214285714285698 0.623840989768921 0.08825090682589382
2.1800000003599997 0.3392857142857142 0.572070809990934 0.136705913329922
2.1800000003599997 0.4464285714285714 0.23710593630354362 0.3079172537410251
2.1800000003599997 0.5535714285714284 0.29554863593969977 0.3356759176659408
2.1800000003599997 0.6607142857142856 0.3807212697408649 0.40244537185104956
2.1800000003599997 0.7678571428571428 0.6204678876882115 0.48619091549793136
2.1800000003599997 0.875 0.8194614949661984 0.7569805374712218
2.1800000003599997 0.982142857142857 0.8743567059576467 0.9294362780841723
2.1800000003599997 1.089285714285714 0.9666999386388339 0.9184464560271273
2.1800000003599997 1.1964285714285712 1.0781352604801535 0.9305613958393777
2.1800000003599997 1.3035714285714284 1.1955784585335176 0.9322382168431715
2.1800000003599997 1.4107142857142856 1.2509276956819182 0.8231619148149754
2.1800000003599997 1.5178571428571428 1.316599289415018 0.3602849290010316
2.3000000005999994 -0.1964285714285715 0.10372981200957021 0.0
2.3000000005999994 -0.0892857142857143 0.16332619937868723 0.0
2.3000000005999994 0.017857142857142794 0.19877562096739895 0.0
2.3000000005999994 0.125 0.2163134534825144 0.0
2.3000000005999994 0.23214285714285698 0.44470982663502767 0.0
2.3000000005999994 0.3392857142857142 0.42892577202571536 0.17629653635373438
2.3000000005999994 0.4464285714285714 0.3335376399961809 0.264342165881575
2.3000000005999994 0.5535714285714284 0.2714609455831255 0.3823867602470583
2.3000000005999994 0.6607142857142856 0.3721831537702117 0.344192587315331
2.3000000005999994 0.7678571428571428 0.45088395654496005 0.389280902489875
2.3000000005999994 0.875 0.7652164734730987 0.6114009166523784
2.3000000005999994 0.982142857142857 0.8292123713652807 0.901805762431463
