desi_data/desi_elg_ts_zenodo/main-800efftime1200-oii-z-skylines-zenodo.ecsv
# %ECSV 0.9
# ---
# datatype:
# - {name: SKY_ZMIN, datatype: float64}
# - {name: SKY_ZMAX, datatype: float64}
# schema: astropy-2.0
SKY_ZMIN SKY_ZMAX
-0.0614132881491416 -0.06076471143240336
-0.06119716109442064 -0.06054843502950635
-0.06098103403701716 -0.060332158626609345
-0.06076463883315453 -0.06011561389216735
-0.060548511775751046 -0.05989933748927034
-0.060332116571888306 -0.05968279275214583
-0.06011572136802579 -0.05946624801502154
-0.05989932616416305 -0.059249703280579324
-0.05968266281384116 -0.05903289021190983
-0.05946626760997864 -0.058816345474785425
-0.05924960425697423 -0.05859953240611593
-0.05903294090665234 -0.05838271933744632
-0.058816277553648044 -0.058165906268776824
-0.058599614203326156 -0.05794909319742492
-0.0583826827038626 -0.057732011797210214
-0.0581660193508583 -0.05751519872854072
-0.05794908785139474 -0.057298117325643716
-0.057732156354613706 -0.057081035922746826
-0.05751522485515015 -0.056863954519849824
-0.057298025206545034 -0.05664660478540773
-0.05708082556062233 -0.05642925505096563
-0.05686389406115877 -0.05621217364806874
-0.056646694412553655 -0.055994823913626535
-0.05642949476663095 -0.05577747417918455
-0.056212026971566464 -0.05555985611051506
-0.05599482732564376 -0.055342506376072964
-0.055777359530579385 -0.055124888307403475
-0.05555989173551501 -0.054907270238733874
-0.055342423940450636 -0.054689652170064385
-0.05512495614538626 -0.054472034104077194
-0.05490722020386263 -0.05425414770118031
-0.05468975240879825 -0.05403652963519312
-0.05447201646459232 -0.053818643232296126
-0.05425428052306869 -0.05360075683208154
-0.04945121869903435 -0.048794376021995656
-0.04923241016630897 -0.048575416290235984
-0.049013333484442034 -0.04835618822424892
-0.0487942568025751 -0.048136960158261854
-0.04747926042113737 -0.04682105509388412
-0.047259915592811175 -0.04660155869635196
-0.04704057076448498 -0.046382062296137394
-0.046821225936158783 -0.046162565898605123
-0.04660161295869092 -0.04594280116416305
-0.046381999981223165 -0.0457230364324035
-0.04616238700643782 -0.04550327170064372
-0.04594277402896996 -0.04528350696888417
-0.0457231610541845 -0.045063742237124504
-0.04550327992757508 -0.044843709171137336
-0.045283666952789736 -0.04462394443937767
-0.04506378582886261 -0.044403911373390614
-0.0448439047049356 -0.044183878310085856
-0.04462375543186692 -0.043963576909871294
-0.04440387430794002 -0.043743543846566535
-0.044183725034871335 -0.04352324244903427
-0.04396357576448506 -0.04330294104881971
-0.04374342649141638 -0.04308263965128756
-0.04352327722103 -0.042862338253755405
-0.04330312794796143 -0.04264203685622314
-0.04308271052843349 -0.042421467124463486
-0.04286229310890555 -0.04220089739270394
-0.04264187568937772 -0.04198032766094417
-0.04242145826984978 -0.04175975792918463
-0.04220104085032195 -0.04153918820010738
-0.04198035528433475 -0.04131835013412011
-0.04175966971566525 -0.04109751207081547
0.08536138445547214 0.08611138454935618
0.0856112981223176 0.08636147091201707
0.16835390589055788 0.16916125499195278
0.16862285804721022 0.16943039299892715
0.16889207835032205 0.1696997993374465
0.16916129865343343 0.16996920567596585
0.16943051895654504 0.17023861201448498
0.16969973925965665 0.1705080183503218
0.4641122519554721 0.4651239742650215
0.4644495817784333 0.465461537186159
0.4647866434522532 0.4657988317757511
0.4651239732752146 0.4661363946968884
0.4654615712446353 0.4664742259522532
0.49477011620976397 0.49580302353809014
0.49511441787285393 0.49614756311963526
0.49545871953594434 0.49649210269849786
0.4958030211990343 0.496836642280043
0.49614759100858374 0.4971814501931331
0.4964921608208155 0.4975262581062232
0.49683673063036493 0.4978710660193133
0.49718130043991415 0.4982158739324034
0.5257186525858368 0.5267729457913091
0.5786083755311158 0.5796992162848713
0.5789719838277898 0.5800630758395924
0.5793355921271459 0.5804269353969957
0.5796992004238197 0.5807907949543991
0.5800630768696351 0.5811549228433477
0.5804269533154507 0.581519050732296
0.5807908297612663 0.5818831786212446
0.5811549743562232 0.5822475748444207
0.5815188508020386 0.5826117027333693
0.5818832635434548 0.5829763672907724
0.5822474081357296 0.5833407635112662
0.6725319384629829 0.6736876817274677
0.6887851757537553 0.6899521502387338
0.6891739899383047 0.690341233098176
0.6895630722693133 0.6907305842891631
0.6899521546003218 0.6911199354828326
0.6903412369286481 0.6915092866738197
0.6907305874087983 0.6918989061990344
0.6911199378862662 0.692288525724249
0.6915092883637339 0.6926781452494635
0.6918989069903434 0.6930680331062231
0.6977525715531117 0.69892574263412
0.7063745930981757 0.7075537221190988
0.7067676976448498 0.7079470983047211
0.7071608021915237 0.7083404744930257
0.7075539067381975 0.708733850678648
0.7429078418803647 0.7441122158932403
0.7433092590048285 0.7445139104023606
0.7578200724624464 0.7590347510380899
0.8309412721620171 0.8322064785219956
0.8313628003648068 0.8326282980069741
0.8317845967167381 0.8330503858261802
0.8322063930686696 0.8334724736453862
0.8326284575670602 0.8338948297961373
0.833050522068133 0.8343171859495708
0.8334725865665236 0.8347395421003219
0.8402398303835839 0.8415114621807942
0.8406635037687766 0.8419354283288627
0.8410874453031116 0.8423596628138412
0.8415113868374464 0.8427838972961375
0.8419353283690987 0.8432081317784335
0.8423595380498927 0.843632634594957
0.8427837477306865 0.8440571374114807
0.8568397826689915 0.8581228852682403
0.8572672101233905 0.858550608079399
0.8636931019018241 0.8649809402414164
0.864122406389485 0.8654105413841202
0.8714337219179185 0.8727269091335836
0.8718646352896997 0.8731581202736052
0.9407716255391629 0.9421127262312232
0.9412183596298285 0.9425597690182403
0.9416656300134119 0.9430073484737125
0.9421126322505364 0.9434546595949571
0.9425599026341203 0.943902239050429
0.9430071730177039 0.9443498185032191
0.9434547115504293 0.9447976662929185
0.9439022500831546 0.9452455140799356
0.9443497886158798 0.9456933618669527
0.9452454019742489 0.9465895941067597
0.9456934768025751 0.9470379785622318
0.9506276628567596 0.951975574208691
0.9510770784227469 0.9524253003272531
0.9515262258422748 0.9528747581142702
0.9519756414082619 0.9533244842328326
0.9524253251207082 0.9537744786829401
0.9528747406866953 0.9542242048015022
0.9533246925482832 0.954674467585837
0.9537743762634121 0.9551244620386266
0.954224328125 0.9555747248229614
0.9587292096942059 0.960082719329399
0.9591802341443134 0.960534055445279
0.9614372334415238 0.9627926143589056
0.9618887941872316 0.9632444871405581
0.962340623084764 0.9636966282564376
0.9627924519796138 0.9641487693723176
0.9632445490236052 0.9646011788224249
0.9655061068293991 0.9668642993964591
0.965958740166309 0.9673172455123391
0.9664113735059014 0.9677701916255366
0.9682235157457082 0.9695835860810085
0.9686766853809012 0.970037068862661
0.9691301231625535 0.9704908199758584
0.9695835609442061 0.9709445710890556
0.9700369987258584 0.9713983222049356
0.9732150854130901 0.9745786049946352
0.9736693276368027 0.9750331611078327
0.9741238380096566 0.9754879855525751
0.9759429520922747 0.9773083566657725
0.9763979987580473 0.9777637177789698
0.9768530454265023 0.9782190788894851
0.9773083602440986 0.9786747083342275
0.982322990611588 0.9836928038841202
0.9827793780203864 0.9841495066630901
0.9832360335729613 0.9846064777709227
0.9846065365316523 0.9859779277682403
0.985063460233369 0.9864351672103004
0.9855206520842275 0.9868926749865881
0.9859778439324034 0.9873501827601929
0.9928491290638413 0.9942262160461375
0.9946854045976394 0.9960637604747855
0.9951447416309012 0.9965234149141631
0.9956040786614806 0.9969830693535409
1.0038925244527896 1.0052772425777898
1.0043540066657726 1.0057390436802573
1.0048154888787555 1.0062008447854076
1.0057389896003222 1.0071249836587985
1.006200739959764 1.0075870530954938
1.0066627584683476 1.0080493908664163
1.0071247769769314 1.0085117286346565
1.0075870636319744 1.0089743347371245
1.0173181441174894 1.0187121395359444
1.017782844101395 1.0191771606357296
1.0182472759415235 1.0196419134039698
1.0187122440745706 1.0201072028353004
1.0191772122076181 1.0205724922693133
1.0196421803406652 1.021037781700644
1.0201071484737123 1.0215030711346569
1.030366479951717 1.031769491955472
1.0308338614136265 1.03223719638412
1.0313015110246782 1.0327051691469955
1.0373911455713518 1.0387990117194206
1.0378604040692059 1.0392685944822961
1.03832966256706 1.0397381772424894
1.0387989210622317 1.0402077600026822
1.039268447706545 1.0406776110971028
1.0397379743508584 1.0411474621915238
1.0402077691443132 1.0416175816174893
1.0406775639350858 1.0420877010461376
1.041147626875 1.0425580888063304
1.041617689814914 1.0430284765665236
1.0420877527548282 1.043498864326717
1.0449110800187769 1.0463241425482832
1.0453819474034334 1.0467953353084765
1.0458528147854076 1.047266528065987
1.0463239503165238 1.0477379891577252
1.0467953539940988 1.0482097185836912
1.0472664895252146 1.0486811796754294
1.0676374030901288 1.0690661698310087
1.0681136334281116 1.0695427292489272
1.0685898637634121 1.0700192886695281
1.0690663622478542 1.070496116421674
1.0695428607349786 1.0709729441738198
1.0700193592194207 1.0714497719259657
1.0704961258503216 1.0719268680096565
1.0709728924839057 1.0724039640960301
1.0714496591174894 1.072881060179721
1.0719269620439915 1.0733586929318668
1.0724039968267167 1.0738360573497854
1.077659691987661 1.0790953842730686
1.0781380675080472 1.0795740903567594
1.078616711174893 1.0800530647719957
1.0790953548417384 1.080532039187232
1.0795739985085837 1.08101101360515
1.0800529103218883 1.0814902563546136
1.080532090284335 1.0819697674356221
1.0810110020976396 1.0824490101850857
1.0814904502092273 1.082928789600322
1.081969630171674 1.0834083006840132
1.0848481958637337 1.086288855504292
1.0853281802682404 1.0867691715853005
1.0862886853728542 1.0877303404157725
1.0867692060756435 1.0882111931625538
1.087249726775751 1.0886920459093345
1.0896542073122317 1.091098187977468
1.09013526430794 1.0915795773900214
1.0906165894527895 1.0920612351368026
1.0910981827440986 1.0925431612151288
1.0915797760354078 1.0930250872961373
1.0939890832322963 1.095436059356223
1.0944712128192062 1.0959185221003218
1.094953610552575 1.096401253178648
1.0968840059334766 1.0983329824919528
1.097366939965129 1.0988162502360517
1.0978498739940985 1.0992995179801501
1.09833307617221 1.0997830540584763
1.0988162783503221 1.1002665901341202
1.1026859179881976 1.10413890375
1.1031701927575108 1.1046235131571889
1.1036544675241418 1.10510812256706
1.105592907339056 1.107047901869635
1.1060777184012878 1.107533047945279
1.1065627976153434 1.1080184623524678
1.1070478768267167 1.108503876762339
1.1075332241845492 1.1089895595037556
1.1080183033986049 1.1094749739109444
1.1085039189055794 1.1099609249865878
1.1089895344125535 1.1104468760595494
1.1099610335729615 1.111419046542382
1.1104469172290772 1.111905265949571
1.1109328008825106 1.1123914853567598
1.111418952685086 1.112877973098176
1.111905104487661 1.1133644608369098
1.112877944388412 1.1143379729855152
1.1133643643401285 1.1148247290584763
1.1138510524383047 1.1153117534656651
1.1143380086829398 1.115799046204399
1.115311921174893 1.116773631681867
1.1157991455686695 1.1172611927548282
1.1162861018133046 1.1177484854935624
1.1167735943562231 1.1182363149007508
1.117261086896459 1.1187241443052578
1.1216533464270384 1.123119438948498
1.1221419115584763 1.1236083416845495
1.1226304766899142 1.1240972444232833
1.1231193099704933 1.1245864154935625
1.1236081432483904 1.1250755865638413
1.1240972446754292 1.1255650259683478
1.1245863461051502 1.1260544653701716
1.1250757156786482 1.1265441731062231
1.1255650852548285 1.1270338808449574
1.1265440925536483 1.1280135646486054
1.1270339984227467 1.1285038090531114
1.1275236361453862 1.1289937851207084
1.1280135420171673 1.1294840295252144
1.1314463690316523 1.132919228669528
1.1319370793454935 1.1334102780713518
1.132428057805794 1.1339015958074032
1.1353763419045064 1.1368519172103007
1.1358681248095492 1.1373440399436694
1.1363599077119098 1.1378361626770386
1.1368519587660946 1.138328553744635
1.1373440098175966 1.1388209448095492
1.1393132866174893 1.1407915824087982
1.1398058739645922 1.1412845101421674
1.140298729460837 1.1417777062070815
1.1407915849570816 1.1422709022719957
1.1427643476770388 1.1442450282001073
1.1432577394662018 1.1447387609307937
1.1437513994045063 1.1452327619957083
1.1442450593454936 1.145726763060622
1.1447387192837981 1.1462207641255366
1.1452326473685623 1.1467150335219958
1.1486930935971027 1.1501778709683474
1.1491880942757513 1.1506732136990343
1.1496828268052575 1.1511682880954934
1.1501780956303649 1.1516638991577253
1.1516636339565451 1.1531504640128758
1.1521591709281114 1.1536463434066526
1.1526549760488196 1.154142491137339
1.1531505130203863 1.1546383705311158
1.1536463181410945 1.1551345182618027
1.1591082188948496 1.160600193264485
1.1596053647532187 1.1610976826582617
1.1601027787607294 1.1615954403862663
1.161595288927039 1.1630889818991417
1.1620932392301504 1.1635872762929185
1.162591189533262 1.164085570684013
1.163089139833691 1.1645838650777898
1.1730733517569742 1.1745749762339055
1.1735739835380903 1.175075953956545
1.2195983206008587 1.2211320944876611
1.2201096782886265 1.2216438055311158
1.2206207678272532 1.2221552482403433
1.221132393664163 1.2226672276153434
1.2216437513492489 1.2231789386587981
1.222155377186159 1.223690918036481
1.2226670030203866 1.2242028974114807
1.2231788970037556 1.2247151451207086
1.2236907909871246 1.2252273928299355
1.2242029531169525 1.2257399088707084
1.2247151152494635 1.2262524249141626
1.225227545525751 1.2267652092891632
1.2257397076582621 1.2272777253299356
1.2262524060836908 1.227790778039163
1.2267651045091204 1.2283038307457081
1.2283037360836913 1.2298435255364808
1.2288169708047212 1.2303571149114805
1.2293302055257507 1.2308707042837983
1.2298437083959226 1.2313845619903434
1.2370434744742487 1.238589303210837
1.237558586231223 1.2391047709146994
1.238073966131974 1.23962050695279
1.2385893460354076 1.2401362429908795
1.2391047259388412 1.24065197902897
1.2396203739914164 1.2411679834012874
1.240136022041309 1.241683987770923
1.2406519382403434 1.2422002604747853
1.2411678544393778 1.242716533178648
1.2427166756249997 1.2442664246244637
1.2432331281196354 1.2447832339940987
1.2437495806142702 1.2453000433637338
1.2442663012553647 1.2458171210675966
1.247369038436159 1.2489220022827254
1.247886563521996 1.2494398849865882
1.2484043567542917 1.2499580360193132
1.248922149986588 1.250476187054721
1.2515127250375535 1.2530685522290774
1.2520313227119098 1.2535875082644852
1.2525499203889487 1.2541064642972106
1.253068518063305 1.254625420332618
1.2535873838868028 1.255144644699571
1.2541065178594422 1.2556641373980688
1.2561833218910943 1.2577423765316524
1.2567029921566522 1.2582624058986047
1.2572226624248923 1.2587824352655579
1.2577423326904507 1.2593024646325106
1.25826227110515 1.2598227623310088
1.259822890791309 1.2613844604265023
1.2603433655016096 1.261905294793455
1.26086384021191 1.262426129157725
1.2613845830686699 1.2629472318562232
1.2619050577789697 1.2634680662204931
1.2624260687848712 1.263989437253219
1.266075559149678 1.2676414494662018
1.2665973745976395 1.2681636254989272
1.2671194581947423 1.268686069860515
1.267641541789163 1.2692085142247853
1.2681638935327255 1.2697312269206011
1.2692085970225322 1.270776652312232
1.2697309487660946 1.2712993650080473
1.2702538368052574 1.2718226143723177
1.270776456695279 1.272345595399678
1.2712996128835834 1.2728691130954934
1.2718225009227466 1.2733923624570815
1.2770596938921677 1.2786331744045065
1.2775839226716736 1.2791577654318669
1.2781084195976393 1.2796826247907722
1.2786331846700643 1.2802077524839057
1.2791579497424892 1.2807328801770388
1.2802077480364806 1.2817834038975322
1.2807327812580471 1.2823087999248926
1.2812580826260729 1.2828344642837983
1.2817833839940986 1.2833601286427037
1.2823086853648067 1.2838857930016094
1.2896779207966738 1.2912601206813306
1.2902053673471032 1.2917879317033263
1.2907328138975322 1.2923157427280043
1.2923156898444206 1.2938997124624465
1.2928434045413089 1.2944277918186695
