desi_data/desi_elg_ts_zenodo/main-hsczphot-scatter-zenodo.ecsv
# %ECSV 0.9
# ---
# datatype:
# - {name: ZPHOT, datatype: float64}
# - {name: ZSPEC, datatype: float64}
# - {name: LOG10_RISK_MEAN, datatype: float64}
# - {name: ALPHA, datatype: float64}
# schema: astropy-2.0
ZPHOT ZSPEC LOG10_RISK_MEAN ALPHA
[from data line 10254]
1.8000000016000004 1.4956521739130435 -0.3591841161251068 0.007167289280978872
1.8000000016000004 1.5130434782608695 -0.3765976130962372 0.15768228711296944
1.8000000016000004 1.5304347826086957 -0.4222031831741333 0.15768228711296944
1.8000000016000004 1.5478260869565217 -0.6200510859489441 0.15768228711296944
1.8000000016000004 1.565217391304348 -1.28334379196167 0.007167289280978872
1.8000000016000004 1.5826086956521739 -0.5978582501411438 0.007167289280978872
1.8000000016000004 1.6 -1.4011937379837036 0.007167289280978872
1.8000000016000004 1.617391304347826 -0.5800251960754395 0.15768228711296944
1.8100000016200004 0.6782608695652174 -0.40173763036727905 0.15768228711296944
1.8100000016200004 0.6956521739130435 -0.4788780212402344 0.24572791664081006
1.8100000016200004 0.7130434782608696 -0.6167424321174622 0.15768228711296944
1.8100000016200004 0.7304347826086957 -0.3597978353500366 0.007167289280978872
1.8100000016200004 0.7478260869565218 -0.3812997043132782 0.007167289280978872
1.8100000016200004 0.7652173913043478 -0.3025891184806824 0.15768228711296944
1.8100000016200004 0.8173913043478261 -0.608400821685791 0.007167289280978872
1.8100000016200004 0.8347826086956522 -0.3215930461883545 0.15768228711296944
1.8100000016200004 0.8521739130434782 -0.586394727230072 0.007167289280978872
1.8100000016200004 0.8695652173913043 -0.39193791151046753 0.15768228711296944
1.8100000016200004 0.9565217391304348 -0.3914576768875122 0.15768228711296944
1.8100000016200004 0.9739130434782609 -0.25388649106025696 0.007167289280978872
1.8100000016200004 1.0260869565217392 -0.34379109740257263 0.007167289280978872
1.8100000016200004 1.0434782608695652 -0.49156033992767334 0.15768228711296944
1.8100000016200004 1.0782608695652174 -0.4793385863304138 0.007167289280978872
1.8100000016200004 1.0956521739130436 -0.48865562677383423 0.007167289280978872
1.8100000016200004 1.1304347826086956 -0.5684423446655273 0.007167289280978872
1.8100000016200004 1.1478260869565218 -0.6303445100784302 0.007167289280978872
1.8100000016200004 1.1652173913043478 -0.5321400761604309 0.24572791664081006
1.8100000016200004 1.182608695652174 -0.349689245223999 0.007167289280978872
1.8100000016200004 1.2 -0.4852856695652008 0.30819728494496
1.8100000016200004 1.2173913043478262 -0.6201953291893005 0.15768228711296944
1.8100000016200004 1.2347826086956522 -0.608695387840271 0.15768228711296944
1.8100000016200004 1.2521739130434784 -0.6667945384979248 0.24572791664081006
1.8100000016200004 1.2695652173913043 -0.3133467137813568 0.15768228711296944
1.8100000016200004 1.2869565217391306 -0.5285499095916748 0.007167289280978872
1.8100000016200004 1.3217391304347825 -0.5716096758842468 0.007167289280978872
1.8100000016200004 1.3391304347826087 -0.28836682438850403 0.007167289280978872
1.8100000016200004 1.373913043478261 -0.3402383327484131 0.15768228711296944
1.8100000016200004 1.4086956521739131 -0.4053795635700226 0.007167289280978872
1.8100000016200004 1.4260869565217391 -0.47867557406425476 0.15768228711296944
1.8100000016200004 1.4434782608695653 -0.7638460397720337 0.007167289280978872
1.8100000016200004 1.4608695652173913 -0.7144712805747986 0.007167289280978872
1.8100000016200004 1.4782608695652175 -0.4795989990234375 0.4297163092881073
1.8100000016200004 1.4956521739130435 -0.43781402707099915 0.24572791664081006
1.8100000016200004 1.5130434782608695 -0.4763217866420746 0.24572791664081006
1.8100000016200004 1.5304347826086957 -0.3903794586658478 0.007167289280978872
1.8100000016200004 1.5478260869565217 -0.5167908072471619 0.007167289280978872
1.8100000016200004 1.565217391304348 -0.5185191035270691 0.30819728494496
1.8100000016200004 1.5826086956521739 -0.3758433759212494 0.007167289280978872
1.8100000016200004 1.6 -0.656158447265625 0.24572791664081006
1.8200000016400004 0.19130434782608696 -0.35989707708358765 0.007167289280978872
1.8200000016400004 0.6260869565217392 -0.6273753046989441 0.007167289280978872
1.8200000016400004 0.6434782608695653 -0.33987778425216675 0.15768228711296944
1.8200000016400004 0.7304347826086957 -0.4794228672981262 0.15768228711296944
1.8200000016400004 0.8 -0.35100069642066956 0.007167289280978872
1.8200000016400004 0.8173913043478261 -0.36358290910720825 0.007167289280978872
1.8200000016400004 0.9043478260869565 -0.1720380187034607 0.15768228711296944
1.8200000016400004 0.9217391304347826 -0.26931747794151306 0.007167289280978872
1.8200000016400004 0.9391304347826087 -0.4350123703479767 0.007167289280978872
1.8200000016400004 0.9739130434782609 -0.2570529878139496 0.007167289280978872
1.8200000016400004 1.0608695652173914 -0.6094403862953186 0.007167289280978872
1.8200000016400004 1.0782608695652174 -0.6212605834007263 0.007167289280978872
1.8200000016400004 1.0956521739130436 -0.6233687996864319 0.24572791664081006
1.8200000016400004 1.1130434782608696 -0.7230970859527588 0.15768228711296944
1.8200000016400004 1.1304347826086956 -0.3126460015773773 0.15768228711296944
1.8200000016400004 1.1478260869565218 -0.44794762134552 0.007167289280978872
1.8200000016400004 1.1652173913043478 -0.6726611256599426 0.30819728494496
1.8200000016400004 1.182608695652174 -0.5273906588554382 0.15768228711296944
1.8200000016400004 1.2 -0.6451804041862488 0.24572791664081006
1.8200000016400004 1.2173913043478262 -0.9437177777290344 0.24572791664081006
1.8200000016400004 1.2347826086956522 -0.1947115957736969 0.007167289280978872
1.8200000016400004 1.2521739130434784 -0.36290523409843445 0.007167289280978872
1.8200000016400004 1.2695652173913043 -0.5005932450294495 0.15768228711296944
1.8200000016400004 1.3043478260869565 -0.47858068346977234 0.007167289280978872
1.8200000016400004 1.3391304347826087 -0.1827716827392578 0.15768228711296944
1.8200000016400004 1.3565217391304347 -0.39694565534591675 0.15768228711296944
1.8200000016400004 1.391304347826087 -0.45049476623535156 0.24572791664081006
1.8200000016400004 1.4086956521739131 -0.6171309351921082 0.007167289280978872
1.8200000016400004 1.4608695652173913 -0.4465736448764801 0.24572791664081006
1.8200000016400004 1.4782608695652175 -0.5521737933158875 0.24572791664081006
1.8200000016400004 1.4956521739130435 -0.8259013891220093 0.15768228711296944
1.8200000016400004 1.5130434782608695 -0.34807050228118896 0.007167289280978872
1.8200000016400004 1.5478260869565217 -0.8108699321746826 0.007167289280978872
1.8200000016400004 1.5826086956521739 -0.5487782955169678 0.30819728494496
1.8200000016400004 1.6 -0.6684406399726868 0.24572791664081006
1.8200000016400004 1.617391304347826 -0.6448872089385986 0.15768228711296944
1.8300000016600004 0.06956521739130435 -0.6752110719680786 0.15768228711296944
1.8300000016600004 0.591304347826087 -0.5483676195144653 0.007167289280978872
1.8300000016600004 0.6782608695652174 -0.3829919099807739 0.007167289280978872
1.8300000016600004 0.6956521739130435 -0.46092963218688965 0.15768228711296944
1.8300000016600004 0.7304347826086957 -0.5576105117797852 0.007167289280978872
1.8300000016600004 0.782608695652174 -0.3405936360359192 0.15768228711296944
1.8300000016600004 0.8 -0.3556056618690491 0.007167289280978872
1.8300000016600004 0.8347826086956522 -0.31313446164131165 0.007167289280978872
1.8300000016600004 1.008695652173913 -0.27779293060302734 0.007167289280978872
1.8300000016600004 1.1130434782608696 -0.4806443452835083 0.15768228711296944
1.8300000016600004 1.1652173913043478 -0.705946683883667 0.30819728494496
1.8300000016600004 1.182608695652174 -0.8075099587440491 0.007167289280978872
1.8300000016600004 1.2 -0.8662900328636169 0.007167289280978872
1.8300000016600004 1.2521739130434784 -0.590777575969696 0.15768228711296944
1.8300000016600004 1.2695652173913043 -0.5912997126579285 0.15768228711296944
1.8300000016600004 1.3217391304347825 -0.46938177943229675 0.15768228711296944
1.8300000016600004 1.3391304347826087 -0.40513259172439575 0.007167289280978872
1.8300000016600004 1.373913043478261 -0.44441932439804077 0.007167289280978872
1.8300000016600004 1.4086956521739131 -0.607525646686554 0.007167289280978872
1.8300000016600004 1.4260869565217391 -0.44686436653137207 0.24572791664081006
1.8300000016600004 1.4434782608695653 -0.4079819917678833 0.15768228711296944
1.8300000016600004 1.4608695652173913 -0.33872154355049133 0.007167289280978872
1.8300000016600004 1.4782608695652175 -0.5741413831710815 0.30819728494496
1.8300000016600004 1.4956521739130435 -0.516064465045929 0.24572791664081006
1.8300000016600004 1.5130434782608695 -0.594806432723999 0.007167289280978872
1.8300000016600004 1.5478260869565217 -0.32293635606765747 0.007167289280978872
1.8300000016600004 1.565217391304348 -0.40903884172439575 0.007167289280978872
1.8300000016600004 1.5826086956521739 -0.6835469007492065 0.007167289280978872
1.8300000016600004 1.6 -0.4485096335411072 0.15768228711296944
1.8300000016600004 1.617391304347826 -0.5767785906791687 0.007167289280978872
1.8400000016800004 0.052173913043478265 -0.14829078316688538 0.007167289280978872
1.8400000016800004 0.08695652173913043 -0.7745351791381836 0.007167289280978872
1.8400000016800004 0.591304347826087 -1.019035816192627 0.007167289280978872
1.8400000016800004 0.6782608695652174 -0.2869687080383301 0.007167289280978872
1.8400000016800004 0.7478260869565218 -0.33938053250312805 0.007167289280978872
1.8400000016800004 0.8695652173913043 -0.31364795565605164 0.15768228711296944
1.8400000016800004 0.9217391304347826 -0.35890674591064453 0.24572791664081006
1.8400000016800004 0.991304347826087 -0.3396648168563843 0.007167289280978872
1.8400000016800004 1.008695652173913 -0.2881861627101898 0.007167289280978872
1.8400000016800004 1.0260869565217392 -0.9174071550369263 0.007167289280978872
1.8400000016800004 1.0782608695652174 -0.24508684873580933 0.007167289280978872
1.8400000016800004 1.1304347826086956 -0.5308302044868469 0.24572791664081006
1.8400000016800004 1.1478260869565218 -0.4234347641468048 0.007167289280978872
1.8400000016800004 1.1652173913043478 -0.6464506387710571 0.007167289280978872
1.8400000016800004 1.182608695652174 -0.4590669870376587 0.24572791664081006
1.8400000016800004 1.2 -0.575532853603363 0.007167289280978872
1.8400000016800004 1.2173913043478262 -0.4955950081348419 0.007167289280978872
1.8400000016800004 1.2347826086956522 -0.6282642483711243 0.24572791664081006
1.8400000016800004 1.2521739130434784 -0.5837957262992859 0.24572791664081006
1.8400000016800004 1.2869565217391306 -0.5483565926551819 0.007167289280978872
1.8400000016800004 1.3043478260869565 -0.47423094511032104 0.007167289280978872
1.8400000016800004 1.3217391304347825 -0.5560275316238403 0.15768228711296944
1.8400000016800004 1.3391304347826087 -0.6015275120735168 0.007167289280978872
1.8400000016800004 1.3565217391304347 -0.3890196681022644 0.15768228711296944
1.8400000016800004 1.391304347826087 -0.6226075887680054 0.15768228711296944
1.8400000016800004 1.4086956521739131 -0.4831511378288269 0.007167289280978872
1.8400000016800004 1.4260869565217391 -0.9535094499588013 0.007167289280978872
1.8400000016800004 1.4608695652173913 -0.3978845775127411 0.24572791664081006
1.8400000016800004 1.4782608695652175 -0.4528111517429352 0.15768228711296944
1.8400000016800004 1.4956521739130435 -0.7351885437965393 0.007167289280978872
1.8400000016800004 1.5130434782608695 -0.27264073491096497 0.15768228711296944
1.8400000016800004 1.5478260869565217 -0.2910896837711334 0.007167289280978872
1.8400000016800004 1.565217391304348 -0.3460051417350769 0.30819728494496
1.8400000016800004 1.5826086956521739 -0.7797612547874451 0.15768228711296944
1.8400000016800004 1.6 -0.6546128392219543 0.007167289280978872
1.8400000016800004 1.617391304347826 -0.39794349670410156 0.007167289280978872
1.8500000017000005 0.45217391304347826 -0.3201923072338104 0.007167289280978872
1.8500000017000005 0.6086956521739131 -0.46209537982940674 0.007167289280978872
1.8500000017000005 0.6608695652173913 -1.0592745542526245 0.007167289280978872
1.8500000017000005 0.6782608695652174 -0.9641309976577759 0.007167289280978872
1.8500000017000005 0.7304347826086957 -0.373671293258667 0.007167289280978872
1.8500000017000005 0.8 -0.17535869777202606 0.007167289280978872
1.8500000017000005 0.8173913043478261 -0.44490668177604675 0.007167289280978872
1.8500000017000005 0.8347826086956522 -0.35214293003082275 0.007167289280978872
1.8500000017000005 0.8869565217391304 -0.4052709937095642 0.007167289280978872
1.8500000017000005 0.9043478260869565 -0.32586947083473206 0.007167289280978872
1.8500000017000005 0.9391304347826087 -0.3029114007949829 0.007167289280978872
1.8500000017000005 1.008695652173913 -0.3179287016391754 0.007167289280978872
1.8500000017000005 1.0956521739130436 -0.3233681619167328 0.007167289280978872
1.8500000017000005 1.1304347826086956 -0.3854442536830902 0.007167289280978872
1.8500000017000005 1.1478260869565218 -0.6074131727218628 0.24572791664081006
1.8500000017000005 1.182608695652174 -0.5928829312324524 0.007167289280978872
1.8500000017000005 1.2 -0.27584391832351685 0.15768228711296944
1.8500000017000005 1.2173913043478262 -0.48233848810195923 0.30819728494496
1.8500000017000005 1.2695652173913043 -0.34861820936203003 0.007167289280978872
1.8500000017000005 1.3043478260869565 -0.4537354111671448 0.007167289280978872
1.8500000017000005 1.3565217391304347 -0.5526462197303772 0.007167289280978872
1.8500000017000005 1.373913043478261 -0.6524574756622314 0.007167289280978872
1.8500000017000005 1.4086956521739131 -0.5147942900657654 0.3962429144728007
1.8500000017000005 1.4260869565217391 -0.38050970435142517 0.24572791664081006
1.8500000017000005 1.4608695652173913 -0.5686095952987671 0.15768228711296944
1.8500000017000005 1.4782608695652175 -0.3324850797653198 0.007167289280978872
1.8500000017000005 1.4956521739130435 -0.5932154059410095 0.15768228711296944
1.8500000017000005 1.5304347826086957 -0.43352675437927246 0.007167289280978872
1.8500000017000005 1.617391304347826 -0.489393413066864 0.15768228711296944
1.8600000017200005 0.017391304347826087 -0.24485188722610474 0.007167289280978872
1.8600000017200005 0.1565217391304348 -0.8936046361923218 0.007167289280978872
1.8600000017200005 0.7130434782608696 -0.6537890434265137 0.007167289280978872
1.8600000017200005 0.7304347826086957 -0.49844253063201904 0.007167289280978872
1.8600000017200005 0.7478260869565218 -0.32015493512153625 0.007167289280978872
1.8600000017200005 0.7652173913043478 -0.3668007254600525 0.007167289280978872
1.8600000017200005 0.8173913043478261 -0.41340696811676025 0.007167289280978872
1.8600000017200005 0.8695652173913043 -0.39469248056411743 0.15768228711296944
1.8600000017200005 0.9217391304347826 -0.742294430732727 0.007167289280978872
1.8600000017200005 0.9565217391304348 -0.37954065203666687 0.007167289280978872
1.8600000017200005 1.0260869565217392 -0.5587856769561768 0.15768228711296944
1.8600000017200005 1.0608695652173914 -0.2820395827293396 0.15768228711296944
1.8600000017200005 1.0956521739130436 -0.39395782351493835 0.15768228711296944
1.8600000017200005 1.1130434782608696 -0.16210982203483582 0.007167289280978872
1.8600000017200005 1.1478260869565218 -0.623052716255188 0.24572791664081006
1.8600000017200005 1.1652173913043478 -0.4815951883792877 0.24572791664081006
1.8600000017200005 1.182608695652174 -0.7370891571044922 0.24572791664081006
1.8600000017200005 1.2 -0.5390706658363342 0.24572791664081006
1.8600000017200005 1.2173913043478262 -0.45621758699417114 0.007167289280978872
1.8600000017200005 1.2347826086956522 -0.6051748394966125 0.24572791664081006
1.8600000017200005 1.2521739130434784 -0.6209307909011841 0.35665229144898825
1.8600000017200005 1.2695652173913043 -0.6973820328712463 0.15768228711296944
1.8600000017200005 1.2869565217391306 -0.4135158360004425 0.007167289280978872
1.8600000017200005 1.3043478260869565 -0.36936065554618835 0.15768228711296944
1.8600000017200005 1.3217391304347825 -0.507941722869873 0.007167289280978872
1.8600000017200005 1.3391304347826087 -0.42383891344070435 0.007167289280978872
