desi_data/desi_elg_ts_zenodo/main-200efftime1600-0.6z1.6-oii-dchi2-zok-zenodo.ecsv
# %ECSV 0.9
# ---
# datatype:
# - {name: LOG10_DELTACHI2, datatype: float64}
# - {name: LOG10_FOII_SNR, datatype: float64}
# - {name: ZOK_FRAC, datatype: float64}
# - {name: ALPHA, datatype: float64}
# schema: astropy-2.0
LOG10_DELTACHI2 LOG10_FOII_SNR ZOK_FRAC ALPHA
[from data line 859]
-0.22000000444000012 0.982142857142857 1.0 0.0
-0.1000000042000001 -0.7321428571428572 0.0 0.0
-0.1000000042000001 -0.625 0.0 0.0
-0.1000000042000001 -0.5178571428571429 0.0 0.0
-0.1000000042000001 -0.4107142857142857 0.0 0.0
-0.1000000042000001 -0.3035714285714286 0.0 0.0
-0.1000000042000001 -0.1964285714285715 0.09090909090909091 0.18276497285012672
-0.1000000042000001 -0.0892857142857143 0.0 0.20165925329482665
-0.1000000042000001 0.017857142857142794 0.0 0.2501142597988549
-0.1000000042000001 0.125 0.038461538461538464 0.36955530425642324
-0.1000000042000001 0.23214285714285698 0.0 0.32317827763797385
-0.1000000042000001 0.3392857142857142 0.1 0.31258362810300483
-0.1000000042000001 0.4464285714285714 0.21428571428571427 0.23513264811013324
-0.1000000042000001 0.5535714285714284 0.25 0.11361362376698603
-0.1000000042000001 0.6607142857142856 0.6666666666666666 0.051144255462836075
-0.1000000042000001 0.7678571428571428 0.8571428571428571 0.08461765027814266
-0.1000000042000001 0.875 1.0 0.0
-0.1000000042000001 0.982142857142857 0.8333333333333334 0.051144255462836075
-0.1000000042000001 1.089285714285714 1.0 0.0
-0.1000000042000001 1.1964285714285712 1.0 0.0
0.019999996039999912 -0.8392857142857143 0.0 0.0
0.019999996039999912 -0.7321428571428572 0.0 0.0
0.019999996039999912 -0.625 0.0 0.0
0.019999996039999912 -0.5178571428571429 0.0 0.0
0.019999996039999912 -0.4107142857142857 0.0 0.011553632439023631
0.019999996039999912 -0.3035714285714286 0.16666666666666666 0.051144255462836075
0.019999996039999912 -0.1964285714285715 0.0 0.21904030642443262
0.019999996039999912 -0.0892857142857143 0.0 0.36955530425642324
0.019999996039999912 0.017857142857142794 0.0 0.38564764594212386
0.019999996039999912 0.125 0.0 0.37775051235050794
0.019999996039999912 0.23214285714285698 0.02631578947368421 0.4519604285794193
0.019999996039999912 0.3392857142857142 0.0 0.36103863460703306
0.019999996039999912 0.4464285714285714 0.05 0.31258362810300483
0.019999996039999912 0.5535714285714284 0.36363636363636365 0.18276497285012672
0.019999996039999912 0.6607142857142856 0.8888888888888888 0.1391898849906767
0.019999996039999912 0.7678571428571428 0.9047619047619048 0.32317827763797385
0.019999996039999912 0.875 1.0 0.011553632439023631
0.019999996039999912 0.982142857142857 1.0 0.011553632439023631
0.019999996039999912 1.089285714285714 1.0 0.0
0.019999996039999912 1.1964285714285712 1.0 0.0
0.13999999627999982 -0.8392857142857143 0.0 0.0
0.13999999627999982 -0.625 0.0 0.0
0.13999999627999982 -0.5178571428571429 0.0 0.0
0.13999999627999982 -0.4107142857142857 0.0 0.11361362376698603
0.13999999627999982 -0.3035714285714286 0.0 0.23513264811013324
0.13999999627999982 -0.1964285714285715 0.058823529411764705 0.2772930909601512
0.13999999627999982 -0.0892857142857143 0.0 0.36103863460703306
0.13999999627999982 0.017857142857142794 0.044444444444444446 0.48867488715868607
0.13999999627999982 0.125 0.08888888888888889 0.48867488715868607
0.13999999627999982 0.23214285714285698 0.020833333333333332 0.5026892489588078
0.13999999627999982 0.3392857142857142 0.0 0.49344754611180125
0.13999999627999982 0.4464285714285714 0.225 0.4630986259349954
0.13999999627999982 0.5535714285714284 0.5 0.28970488282266726
0.13999999627999982 0.6607142857142856 0.7272727272727273 0.18276497285012672
0.13999999627999982 0.7678571428571428 0.9375 0.26412862159897665
0.13999999627999982 0.875 1.0 0.2772930909601512
0.13999999627999982 0.982142857142857 1.0 0.1620686302710142
0.13999999627999982 1.089285714285714 1.0 0.0
0.13999999627999982 1.1964285714285712 1.0 0.0
0.2599999965199997 -0.9464285714285714 0.0 0.0
0.2599999965199997 -0.7321428571428572 0.0 0.0
0.2599999965199997 -0.625 0.0 0.0
0.2599999965199997 -0.5178571428571429 0.0 0.0
0.2599999965199997 -0.4107142857142857 0.3333333333333333 0.0
0.2599999965199997 -0.3035714285714286 0.0 0.11361362376698603
0.2599999965199997 -0.1964285714285715 0.0 0.23513264811013324
0.2599999965199997 -0.0892857142857143 0.0 0.32317827763797385
0.2599999965199997 0.017857142857142794 0.0 0.48867488715868607
0.2599999965199997 0.125 0.04838709677419355 0.5582644750201412
0.2599999965199997 0.23214285714285698 0.0625 0.5026892489588078
0.2599999965199997 0.3392857142857142 0.0 0.5026892489588078
0.2599999965199997 0.4464285714285714 0.21875 0.4146436194309672
0.2599999965199997 0.5535714285714284 0.43478260869565216 0.3429325482798107
0.2599999965199997 0.6607142857142856 0.5833333333333334 0.20165925329482665
0.2599999965199997 0.7678571428571428 0.9523809523809523 0.32317827763797385
0.2599999965199997 0.875 1.0 0.11361362376698603
0.2599999965199997 0.982142857142857 1.0 0.011553632439023631
0.2599999965199997 1.089285714285714 0.8333333333333334 0.051144255462836075
0.2599999965199997 1.1964285714285712 1.0 0.0
0.37999999675999985 -0.9464285714285714 0.0 0.0
0.37999999675999985 -0.8392857142857143 0.0 0.0
0.37999999675999985 -0.7321428571428572 0.0 0.0
0.37999999675999985 -0.625 0.0 0.0
0.37999999675999985 -0.5178571428571429 0.1111111111111111 0.1391898849906767
0.37999999675999985 -0.4107142857142857 0.0 0.11361362376698603
0.37999999675999985 -0.3035714285714286 0.0 0.2501142597988549
0.37999999675999985 -0.1964285714285715 0.043478260869565216 0.3429325482798107
0.37999999675999985 -0.0892857142857143 0.0 0.4278080887921418
0.37999999675999985 0.017857142857142794 0.0 0.47880285806080747
0.37999999675999985 0.125 0.03636363636363636 0.5322499750181362
0.37999999675999985 0.23214285714285698 0.02 0.5115536324390236
0.37999999675999985 0.3392857142857142 0.04285714285714286 0.5846176502781426
0.37999999675999985 0.4464285714285714 0.12244897959183673 0.5071666702852711
0.37999999675999985 0.5535714285714284 0.3333333333333333 0.3521742511268173
0.37999999675999985 0.6607142857142856 0.7058823529411765 0.2772930909601512
0.37999999675999985 0.7678571428571428 0.8888888888888888 0.37775051235050794
0.37999999675999985 0.875 0.9333333333333333 0.40062925763084545
0.37999999675999985 0.982142857142857 1.0 0.21904030642443262
0.37999999675999985 1.089285714285714 1.0 0.051144255462836075
0.37999999675999985 1.1964285714285712 1.0 0.011553632439023631
0.49999999699999975 -0.9464285714285714 0.0 0.0
0.49999999699999975 -0.8392857142857143 0.0 0.0
0.49999999699999975 -0.625 0.0 0.0
0.49999999699999975 -0.5178571428571429 0.0 0.051144255462836075
0.49999999699999975 -0.4107142857142857 0.0 0.08461765027814266
0.49999999699999975 -0.3035714285714286 0.0 0.1391898849906767
0.49999999699999975 -0.1964285714285715 0.0 0.32317827763797385
0.49999999699999975 -0.0892857142857143 0.037037037037037035 0.37775051235050794
0.49999999699999975 0.017857142857142794 0.037037037037037035 0.5282655101824985
0.49999999699999975 0.125 0.01818181818181818 0.5322499750181362
0.49999999699999975 0.23214285714285698 0.078125 0.5651586172629578
0.49999999699999975 0.3392857142857142 0.02631578947368421 0.6024754264114099
0.49999999699999975 0.4464285714285714 0.15384615384615385 0.4576009337842638
0.49999999699999975 0.5535714285714284 0.3902439024390244 0.468460558630882
0.49999999699999975 0.6607142857142856 0.8846153846153846 0.36955530425642324
0.49999999699999975 0.7678571428571428 1.0 0.32317827763797385
0.49999999699999975 0.875 1.0 0.421325600209958
0.49999999699999975 0.982142857142857 1.0 0.32317827763797385
0.49999999699999975 1.089285714285714 0.9333333333333333 0.2501142597988549
0.49999999699999975 1.1964285714285712 1.0 0.0
0.49999999699999975 1.3035714285714284 1.0 0.0
0.6199999972399999 -0.8392857142857143 0.0 0.0
0.6199999972399999 -0.7321428571428572 0.0 0.0
0.6199999972399999 -0.625 0.0 0.0
0.6199999972399999 -0.5178571428571429 0.0 0.08461765027814266
0.6199999972399999 -0.4107142857142857 0.09090909090909091 0.18276497285012672
0.6199999972399999 -0.3035714285714286 0.0 0.26412862159897665
0.6199999972399999 -0.1964285714285715 0.07692307692307693 0.36955530425642324
0.6199999972399999 -0.0892857142857143 0.02631578947368421 0.4519604285794193
0.6199999972399999 0.017857142857142794 0.0425531914893617 0.49811755923887296
0.6199999972399999 0.125 0.07246376811594203 0.5814931756396419
0.6199999972399999 0.23214285714285698 0.0625 0.613613623766986
0.6199999972399999 0.3392857142857142 0.14285714285714285 0.5361626437741145
0.6199999972399999 0.4464285714285714 0.13559322033898305 0.5474946360920864
0.6199999972399999 0.5535714285714284 0.4523809523809524 0.4736932754699644
0.6199999972399999 0.6607142857142856 0.8918918918918919 0.4461694923045117
0.6199999972399999 0.7678571428571428 0.9523809523809523 0.4736932754699644
0.6199999972399999 0.875 1.0 0.40062925763084545
0.6199999972399999 0.982142857142857 1.0 0.4402198806546579
0.6199999972399999 1.089285714285714 1.0 0.18276497285012672
0.6199999972399999 1.1964285714285712 0.75 0.0
0.6199999972399999 1.3035714285714284 1.0 0.0
0.6199999972399999 1.5178571428571428 0.0 0.0
0.6199999972399999 1.839285714285714 0.0 0.0
0.7399999974799998 -0.9464285714285714 0.0 0.0
0.7399999974799998 -0.8392857142857143 0.0 0.0
0.7399999974799998 -0.7321428571428572 0.0 0.0
0.7399999974799998 -0.625 0.0 0.0
0.7399999974799998 -0.5178571428571429 0.0 0.051144255462836075
0.7399999974799998 -0.4107142857142857 0.0 0.11361362376698603
0.7399999974799998 -0.3035714285714286 0.0 0.26412862159897665
0.7399999974799998 -0.1964285714285715 0.045454545454545456 0.33327997068211734
0.7399999974799998 -0.0892857142857143 0.03225806451612903 0.4077494771881506
0.7399999974799998 0.017857142857142794 0.06521739130434782 0.49344754611180125
0.7399999974799998 0.125 0.04918032786885246 0.5547335477763977
0.7399999974799998 0.23214285714285698 0.056179775280898875 0.6367636335934707
0.7399999974799998 0.3392857142857142 0.07142857142857142 0.5846176502781426
0.7399999974799998 0.4464285714285714 0.21428571428571427 0.5361626437741145
0.7399999974799998 0.5535714285714284 0.5675675675675675 0.4461694923045117
0.7399999974799998 0.6607142857142856 0.8333333333333334 0.5511442554628361
0.7399999974799998 0.7678571428571428 0.9411764705882353 0.5158537183199824
0.7399999974799998 0.875 0.9310344827586207 0.5437826270524829
0.7399999974799998 0.982142857142857 1.0 0.4837949685141079
0.7399999974799998 1.089285714285714 1.0 0.26412862159897665
0.7399999974799998 1.1964285714285712 0.8571428571428571 0.08461765027814266
0.7399999974799998 1.3035714285714284 1.0 0.0
0.8599999977199997 -0.7321428571428572 0.0 0.0
0.8599999977199997 -0.625 0.0 0.0
0.8599999977199997 -0.5178571428571429 0.3333333333333333 0.051144255462836075
0.8599999977199997 -0.4107142857142857 0.0 0.21904030642443262
0.8599999977199997 -0.3035714285714286 0.1 0.31258362810300483
0.8599999977199997 -0.1964285714285715 0.0 0.20165925329482665
0.8599999977199997 -0.0892857142857143 0.03225806451612903 0.4077494771881506
0.8599999977199997 0.017857142857142794 0.06976744186046512 0.47880285806080747
0.8599999977199997 0.125 0.07692307692307693 0.5200703020884139
0.8599999977199997 0.23214285714285698 0.09433962264150944 0.5242065650714087
0.8599999977199997 0.3392857142857142 0.14492753623188406 0.5814931756396419
0.8599999977199997 0.4464285714285714 0.30952380952380953 0.4736932754699644
0.8599999977199997 0.5535714285714284 0.6851851851851852 0.5282655101824985
0.8599999977199997 0.6607142857142856 0.8095238095238095 0.5617389049978051
0.8599999977199997 0.7678571428571428 0.9753086419753086 0.6163111397103391
0.8599999977199997 0.875 0.990990990990991 0.6847301196643429
0.8599999977199997 0.982142857142857 0.9864864864864865 0.5966844901365023
0.8599999977199997 1.089285714285714 0.9629629629629629 0.37775051235050794
0.8599999977199997 1.1964285714285712 1.0 0.08461765027814266
0.8599999977199997 1.3035714285714284 1.0 0.0
0.9799999979599998 -0.7321428571428572 0.0 0.0
0.9799999979599998 -0.625 0.0 0.0
0.9799999979599998 -0.5178571428571429 0.0 0.0
0.9799999979599998 -0.4107142857142857 0.1 0.1620686302710142
0.9799999979599998 -0.3035714285714286 0.2857142857142857 0.08461765027814266
0.9799999979599998 -0.1964285714285715 0.14285714285714285 0.23513264811013324
0.9799999979599998 -0.0892857142857143 0.0 0.4402198806546579
0.9799999979599998 0.017857142857142794 0.07142857142857142 0.38564764594212386
0.9799999979599998 0.125 0.15151515151515152 0.421325600209958
0.9799999979599998 0.23214285714285698 0.26666666666666666 0.48867488715868607
0.9799999979599998 0.3392857142857142 0.2549019607843137 0.5158537183199824
0.9799999979599998 0.4464285714285714 0.25 0.4402198806546579
0.9799999979599998 0.5535714285714284 0.5849056603773585 0.5242065650714087
0.9799999979599998 0.6607142857142856 0.9012345679012346 0.6163111397103391
0.9799999979599998 0.7678571428571428 1.0 0.6905210559392505
0.9799999979599998 0.875 0.9933774834437086 0.751557103917599
0.9799999979599998 0.982142857142857 0.981651376146789 0.680781879241326
0.9799999979599998 1.089285714285714 0.9787234042553191 0.49811755923887296
0.9799999979599998 1.1964285714285712 0.9333333333333333 0.2501142597988549
0.9799999979599998 1.3035714285714284 1.0 0.0
1.0999999982 -0.7321428571428572 0.0 0.0
1.0999999982 -0.625 0.0 0.0
1.0999999982 -0.5178571428571429 0.0 0.0
1.0999999982 -0.4107142857142857 0.0 0.0
1.0999999982 -0.3035714285714286 0.0 0.1391898849906767
1.0999999982 -0.1964285714285715 0.0 0.0
1.0999999982 -0.0892857142857143 0.05 0.31258362810300483
1.0999999982 0.017857142857142794 0.13333333333333333 0.40062925763084545
1.0999999982 0.125 0.16 0.36103863460703306
1.0999999982 0.23214285714285698 0.3076923076923077 0.4576009337842638
1.0999999982 0.3392857142857142 0.4594594594594595 0.4461694923045117
1.0999999982 0.4464285714285714 0.575 0.4630986259349954
1.0999999982 0.5535714285714284 0.8157894736842105 0.4519604285794193
1.0999999982 0.6607142857142856 0.9302325581395349 0.6293178558927981
1.0999999982 0.7678571428571428 0.9940476190476191 0.7747232711339456
1.0999999982 0.875 0.9894179894179894 0.8002995323576363
1.0999999982 0.982142857142857 0.9890710382513661 0.793294175136229
1.0999999982 1.089285714285714 0.989247311827957 0.6463101045479818
1.0999999982 1.1964285714285712 1.0 0.21904030642443262
1.0999999982 1.3035714285714284 1.0 0.11361362376698603
1.2199999984399996 -0.9464285714285714 0.0 0.0
1.2199999984399996 -0.4107142857142857 0.16666666666666666 0.051144255462836075
1.2199999984399996 -0.3035714285714286 0.0 0.0
1.2199999984399996 -0.1964285714285715 0.5714285714285714 0.08461765027814266
1.2199999984399996 -0.0892857142857143 0.15384615384615385 0.21904030642443262
1.2199999984399996 0.017857142857142794 0.2857142857142857 0.08461765027814266
1.2199999984399996 0.125 0.4 0.31258362810300483
1.2199999984399996 0.23214285714285698 0.47368421052631576 0.3014454307474287
1.2199999984399996 0.3392857142857142 0.6923076923076923 0.36955530425642324
1.2199999984399996 0.4464285714285714 0.8571428571428571 0.38564764594212386
1.2199999984399996 0.5535714285714284 0.8867924528301887 0.5242065650714087
1.2199999984399996 0.6607142857142856 0.9736842105263158 0.6024754264114099
1.2199999984399996 0.7678571428571428 0.9947643979057592 0.802585313894878
1.2199999984399996 0.875 0.9818840579710145 0.882523171303623
1.2199999984399996 0.982142857142857 0.9879032258064516 0.8592944706841223
1.2199999984399996 1.089285714285714 1.0 0.7486617644771513
1.2199999984399996 1.1964285714285712 1.0 0.4576009337842638
1.2199999984399996 1.3035714285714284 1.0 0.11361362376698603
1.3399999986799997 -0.7321428571428572 1.0 0.0
1.3399999986799997 -0.4107142857142857 0.25 0.0
1.3399999986799997 -0.3035714285714286 0.3333333333333333 0.0
1.3399999986799997 -0.1964285714285715 0.2 0.011553632439023631
1.3399999986799997 -0.0892857142857143 0.2857142857142857 0.08461765027814266
1.3399999986799997 0.017857142857142794 0.375 0.11361362376698603
1.3399999986799997 0.125 0.6875 0.26412862159897665
1.3399999986799997 0.23214285714285698 0.8 0.2501142597988549
1.3399999986799997 0.3392857142857142 0.8 0.36103863460703306
