desi_data/desi_elg_ts_zenodo/main_subsample_sgtstr-ebv0.1-gdepthmax24.5-100efftime1600-zok-efftime-zenodo.ecsv
# %ECSV 0.9
# ---
# datatype:
# - {name: SELNAME, datatype: string}
# - {name: SURVEY, datatype: string}
# - {name: EFFTIME_SPEC, datatype: float64}
# - {name: EFFICIENCY_06Z16, datatype: float64}
# - {name: EFFICIENCY_06Z16_ERR, datatype: float64}
# - {name: EFFICIENCY_11Z16, datatype: float64}
# - {name: EFFICIENCY_11Z16_ERR, datatype: float64}
# schema: astropy-2.0
SELNAME SURVEY EFFTIME_SPEC EFFICIENCY_06Z16 EFFICIENCY_06Z16_ERR EFFICIENCY_11Z16 EFFICIENCY_11Z16_ERR
[from data line 322]
ELG_VLO sv3 193.75 0.7234477595096611 0.038897095421774705 0.18566091036946522 0.016343874214811822
ELG_VLO sv3 231.25 0.7546669996429448 0.03696618476857862 0.167988252266681 0.014229455743569047
ELG_VLO sv3 268.75 0.7767565057184999 0.03753241659224378 0.1684163251557851 0.014172322384344183
ELG_VLO sv3 306.25 0.8514261111507763 0.041294882658760294 0.20884853126669997 0.016526132029812925
ELG_VLO sv3 343.75 0.8480794918132861 0.04352701690507468 0.19538594508343862 0.01680277578391095
ELG_VLO sv3 381.25 0.8409928755083329 0.04021085394212164 0.22592011629777076 0.01700707477240714
ELG_VLO sv3 418.75 0.8548412769344041 0.03673718131465483 0.20413331120275438 0.014464517095434858
ELG_VLO sv3 456.25 0.869918168293883 0.0324299227492371 0.20949356408533976 0.012799191485681155
ELG_VLO sv3 493.75 0.8882347652527286 0.034732313495437706 0.2193810799633179 0.013871107743117513
ELG_VLO sv3 531.25 0.8804243798713752 0.03511479461866009 0.21740717155805803 0.014040126696545916
ELG_VLO sv3 568.75 0.8893939425004321 0.03388869648879967 0.23398197525852385 0.014047276494491627
ELG_VLO sv3 606.25 0.8852998323174789 0.03141975333890709 0.20963095058541018 0.012246768626001978
ELG_VLO sv3 643.75 0.9004880524754021 0.033371380868481515 0.23006923837784374 0.013570526096166479
ELG_VLO sv3 681.25 0.8994124493873783 0.03586353531856431 0.21788761852275138 0.014134612117761007
ELG_VLO sv3 718.75 0.9059895338595189 0.038615691481249874 0.2265919414172467 0.015492241334716616
ELG_VLO sv3 756.25 0.904191611083483 0.04042332342942485 0.23721618410213385 0.016689426372185585
ELG_VLO sv3 793.75 0.9079897392791411 0.04091241969781907 0.21342975705666103 0.015818361035242985
ELG_VLO sv3 831.25 0.9108962566179515 0.03878250468415964 0.21869418432533835 0.015175703280393757
ELG_VLO sv3 868.75 0.9297607449407266 0.03900429952831265 0.24674211379135788 0.016150467617669438
ELG_VLO sv3 906.25 0.9334215731740019 0.038351925388763836 0.21320190813221962 0.014519346198900725
ELG_VLO sv3 943.75 0.9274065786894885 0.03228997451247298 0.23920428562095772 0.013149277146044892
ELG_VLO sv3 981.25 0.9375296749863492 0.02759033624336559 0.244673169705511 0.011296948226715503
ELG_VLO sv3 1018.75 0.9189398906137669 0.022424749157680137 0.21842769338432586 0.008711783750990302
ELG_VLO sv3 1056.25 0.9363048915651675 0.01997315983813194 0.23317598240908644 0.007954368316493692
ELG_VLO sv3 1093.75 0.9261802046399106 0.01761836308871611 0.23605275969478362 0.007125123499580542
ELG_VLO sv3 1131.25 0.9343976838485556 0.016588902589512785 0.24190101394048266 0.006763028752155297
ELG_VLO sv3 1168.75 0.9397373876010028 0.016051704916036053 0.2390291581886685 0.006470124693309313
ELG_VLO sv3 1206.25 0.9406480076624286 0.01585994006144886 0.22392541285385922 0.006145309413220599
ELG_VLO sv3 1243.75 0.9419595158995865 0.01644947950006205 0.2342625725685406 0.006539901232474937
ELG_VLO sv3 1281.25 0.9418845130845132 0.017716151521223373 0.23477031317031316 0.007052994387882645
ELG_VLO sv3 1318.75 0.936653527227135 0.018563311363392704 0.23266667299892668 0.007381249986562158
ELG_VLO sv3 1356.25 0.9314093997838848 0.02125937549495652 0.22617939478172785 0.00834731014130379
ELG_VLO sv3 1393.75 0.9453030610232666 0.025267192427568374 0.21310614287737853 0.009473821677596469
ELG_VLO sv3 1431.25 0.937964364251368 0.030052233548576255 0.2596643907829192 0.012748066403336908
ELG_VLO sv3 1468.75 0.9561079053813213 0.034751854691910215 0.2421646166641698 0.013937120334481272
ELG_VLO sv3 1506.25 0.9381918220253166 0.04197699011139982 0.22453915677536196 0.016322981083276133
ELG_VLO sv3 1543.75 0.9520199596967661 0.05121014430177814 0.22074487601393114 0.01950062884320175
ELG_VLO sv3 1581.25 0.9593508329934786 0.05985152614256722 0.21249051900582008 0.0221584486664553
ELG_VLO sv3 118.75 0.5112906720408844 0.03645166688681555 0.13379257216159798 0.016150733925729865
ELG_VLO sv3 156.25 0.588374562120016 0.026660235360279953 0.1418054268978095 0.011096935217474737
ELG_VLO sv3 193.75 0.7234477595096611 0.038897095421774705 0.18566091036946522 0.016343874214811822
ELG_VLO sv3 231.25 0.7546669996429448 0.03696618476857862 0.167988252266681 0.014229455743569047
ELG_VLO sv3 268.75 0.7767565057184999 0.03753241659224378 0.1684163251557851 0.014172322384344183
ELG_VLO sv3 306.25 0.8514261111507763 0.041294882658760294 0.20884853126669997 0.016526132029812925
ELG_VLO sv3 343.75 0.8480794918132861 0.04352701690507468 0.19538594508343862 0.01680277578391095
ELG_VLO sv3 381.25 0.8409928755083329 0.04021085394212164 0.22592011629777076 0.01700707477240714
ELG_VLO sv3 418.75 0.8548412769344041 0.03673718131465483 0.20413331120275438 0.014464517095434858
ELG_VLO sv3 456.25 0.869918168293883 0.0324299227492371 0.20949356408533976 0.012799191485681155
ELG_VLO sv3 493.75 0.8882347652527286 0.034732313495437706 0.2193810799633179 0.013871107743117513
ELG_VLO sv3 531.25 0.8804243798713752 0.03511479461866009 0.21740717155805803 0.014040126696545916
ELG_VLO sv3 568.75 0.8893939425004321 0.03388869648879967 0.23398197525852385 0.014047276494491627
ELG_VLO sv3 606.25 0.8852998323174789 0.03141975333890709 0.20963095058541018 0.012246768626001978
ELG_VLO sv3 643.75 0.9004880524754021 0.033371380868481515 0.23006923837784374 0.013570526096166479
ELG_VLO sv3 681.25 0.8994124493873783 0.03586353531856431 0.21788761852275138 0.014134612117761007
ELG_VLO sv3 718.75 0.9059895338595189 0.038615691481249874 0.2265919414172467 0.015492241334716616
ELG_VLO sv3 756.25 0.904191611083483 0.04042332342942485 0.23721618410213385 0.016689426372185585
ELG_VLO sv3 793.75 0.9079897392791411 0.04091241969781907 0.21342975705666103 0.015818361035242985
ELG_VLO sv3 831.25 0.9108962566179515 0.03878250468415964 0.21869418432533835 0.015175703280393757
ELG_VLO sv3 868.75 0.9297607449407266 0.03900429952831265 0.24674211379135788 0.016150467617669438
ELG_VLO sv3 906.25 0.9334215731740019 0.038351925388763836 0.21320190813221962 0.014519346198900725
ELG_VLO sv3 943.75 0.9274065786894885 0.03228997451247298 0.23920428562095772 0.013149277146044892
ELG_VLO sv3 981.25 0.9375296749863492 0.02759033624336559 0.244673169705511 0.011296948226715503
ELG_VLO sv3 1018.75 0.9189398906137669 0.022424749157680137 0.21842769338432586 0.008711783750990302
ELG_VLO sv3 1056.25 0.9363048915651675 0.01997315983813194 0.23317598240908644 0.007954368316493692
ELG_VLO sv3 1093.75 0.9261802046399106 0.01761836308871611 0.23605275969478362 0.007125123499580542
ELG_VLO sv3 1131.25 0.9343976838485556 0.016588902589512785 0.24190101394048266 0.006763028752155297
ELG_VLO sv3 1168.75 0.9397373876010028 0.016051704916036053 0.2390291581886685 0.006470124693309313
ELG_VLO sv3 1206.25 0.9406480076624286 0.01585994006144886 0.22392541285385922 0.006145309413220599
ELG_VLO sv3 1243.75 0.9419595158995865 0.01644947950006205 0.2342625725685406 0.006539901232474937
ELG_VLO sv3 1281.25 0.9418845130845132 0.017716151521223373 0.23477031317031316 0.007052994387882645
ELG_VLO sv3 1318.75 0.936653527227135 0.018563311363392704 0.23266667299892668 0.007381249986562158
ELG_VLO sv3 1356.25 0.9314093997838848 0.02125937549495652 0.22617939478172785 0.00834731014130379
ELG_VLO sv3 1393.75 0.9453030610232666 0.025267192427568374 0.21310614287737853 0.009473821677596469
ELG_VLO sv3 1431.25 0.937964364251368 0.030052233548576255 0.2596643907829192 0.012748066403336908
ELG_VLO sv3 1468.75 0.9561079053813213 0.034751854691910215 0.2421646166641698 0.013937120334481272
ELG_VLO sv3 1506.25 0.9381918220253166 0.04197699011139982 0.22453915677536196 0.016322981083276133
ELG_VLO sv3 1543.75 0.9520199596967661 0.05121014430177814 0.22074487601393114 0.01950062884320175
ELG_VLO sv3 1581.25 0.9593508329934786 0.05985152614256722 0.21249051900582008 0.0221584486664553
ELG_VLO main 118.75 0.5036415577963211 0.09247230507839124 0.11433926897844422 0.037930203025931565
ELG_VLO main 156.25 0.5491156271596406 0.06776954484329964 0.10283668797512094 0.024745167208859987
ELG_VLO main 193.75 0.6705535170990952 0.08551961431009647 0.1439418669939804 0.03278795707360528
ELG_VLO main 231.25 0.6977576724053765 0.098174813588925 0.13158622709669018 0.034806388869103706
ELG_VLO main 268.75 0.7369752215921919 0.06471813215892422 0.11907574215797584 0.020880654584032692
ELG_VLO main 306.25 0.749551055443241 0.054426036277457034 0.1723992274765363 0.02136722907267281
ELG_VLO main 343.75 0.7629033220577474 0.04595749407186047 0.18377948848414036 0.018483800110121636
ELG_VLO main 381.25 0.824385408406027 0.049847717976270925 0.16925720327782184 0.018082165727195353
ELG_VLO main 418.75 0.8628916202215713 0.04684853057155503 0.21198078661288963 0.01872924067619659
ELG_VLO main 456.25 0.8517377251136682 0.0500386398090321 0.20570594884299828 0.01984298227278439
ELG_VLO main 493.75 0.8718679644471831 0.04802630572802985 0.18892627835950518 0.017817216736202623
ELG_VLO main 531.25 0.8889846875853463 0.045349873915066945 0.23140814694431414 0.018681212411979474
ELG_VLO main 568.75 0.8678693550846345 0.04377263259850575 0.2236312554001009 0.0179843097315928
ELG_VLO main 606.25 0.8856835961304339 0.04729508930666905 0.24061571264600276 0.01999507182391381
ELG_VLO main 643.75 0.8925598149897909 0.04855512447378487 0.22708132996325198 0.019720548419874178
ELG_VLO main 681.25 0.9072743482514893 0.057170884033411806 0.22624862585990002 0.022891868884010777
ELG_VLO main 718.75 0.9046781778410886 0.0585097755605292 0.2656053498948021 0.025842714641427077
ELG_VLO main 756.25 0.8720374876092637 0.047573529904150584 0.1875669792944732 0.017573075604660662
ELG_VLO main 793.75 0.9029203616459586 0.03916574910801032 0.23904183640582408 0.01626115356294658
ELG_VLO main 831.25 0.9051536647121985 0.028808721009649353 0.21729201469051687 0.011282805079324778
ELG_VLO main 868.75 0.8982784229213734 0.021970309693680027 0.21640006193680464 0.008632123523755971
ELG_VLO main 906.25 0.9082176692808701 0.01846752664878362 0.21636536058827152 0.007196572300296142
ELG_VLO main 943.75 0.9293851367934678 0.016472085351924452 0.2351562072061739 0.00662949464863564
ELG_VLO main 981.25 0.9232877619589832 0.015038917214877826 0.22768047053908716 0.005966662305684597
ELG_VLO main 1018.75 0.9319999190852357 0.015135501594736929 0.24522580626282822 0.006232933174590097
ELG_VLO main 1056.25 0.931170360861062 0.015624728765066992 0.2293726671157643 0.00618728655519889
ELG_VLO main 1093.75 0.9254775489293058 0.01721101668094804 0.22387388083755178 0.006748766452472064
ELG_VLO main 1131.25 0.9375035648316741 0.019961839083934268 0.23520452261967964 0.007983348756189518
ELG_VLO main 1168.75 0.916271972896085 0.024180536314955568 0.22946618354350923 0.009692655882246133
ELG_VLO main 1206.25 0.9331124423978598 0.03176307939348379 0.26260423477454975 0.013617943728355328
ELG_VLO main 1243.75 0.9095317186539877 0.04196521219305858 0.21471260451712731 0.01626232363082137
ELG_VLO main 1281.25 0.9187550364073263 0.056563797989479817 0.2343989342780605 0.02291577319424703
ELG_VLO main 1318.75 0.9418738332338789 0.07075653870654278 0.2056738365186163 0.026053384690088843
ELG_VLO main 1356.25 0.9572703459353162 0.118586924910738 0.22207711302755323 0.04513311444711483
ELG_VLO main 1393.75 0.9696841152682334 0.1341808489959865 0.29222401327262615 0.05966284484550367
ELG_VLO main 1431.25 0.9570666047806916 0.19032463882419082 0.15997524560996365 0.05990621535305873
ELG_VLO main 1468.75 0.9169229593688514 0.18323758455482247 0.21012817818869511 0.06969532369603663
ELG_VLO main 1506.25 1.0 0.37695611779416865 0.14209591474245117 0.10737863609913846
ELG_VLO main 1543.75 0.8052011298334469 0.3762644652700081 0.20668160124671273 0.15585669880391703
ELG_VLO main 1581.25 0.995664292350573 0.3508174478595272 0.24775472282440383 0.13837465704069674
ELG_VLO main 118.75 0.5036415577963211 0.09247230507839124 0.11433926897844422 0.037930203025931565
ELG_VLO main 156.25 0.5491156271596406 0.06776954484329964 0.10283668797512094 0.024745167208859987
ELG_VLO main 193.75 0.6705535170990952 0.08551961431009647 0.1439418669939804 0.03278795707360528
ELG_VLO main 231.25 0.6977576724053765 0.098174813588925 0.13158622709669018 0.034806388869103706
ELG_VLO main 268.75 0.7369752215921919 0.06471813215892422 0.11907574215797584 0.020880654584032692
ELG_VLO main 306.25 0.749551055443241 0.054426036277457034 0.1723992274765363 0.02136722907267281
ELG_VLO main 343.75 0.7629033220577474 0.04595749407186047 0.18377948848414036 0.018483800110121636
ELG_VLO main 381.25 0.824385408406027 0.049847717976270925 0.16925720327782184 0.018082165727195353
ELG_VLO main 418.75 0.8628916202215713 0.04684853057155503 0.21198078661288963 0.01872924067619659
ELG_VLO main 456.25 0.8517377251136682 0.0500386398090321 0.20570594884299828 0.01984298227278439
ELG_VLO main 493.75 0.8718679644471831 0.04802630572802985 0.18892627835950518 0.017817216736202623
ELG_VLO main 531.25 0.8889846875853463 0.045349873915066945 0.23140814694431414 0.018681212411979474
ELG_VLO main 568.75 0.8678693550846345 0.04377263259850575 0.2236312554001009 0.0179843097315928
ELG_VLO main 606.25 0.8856835961304339 0.04729508930666905 0.24061571264600276 0.01999507182391381
ELG_VLO main 643.75 0.8925598149897909 0.04855512447378487 0.22708132996325198 0.019720548419874178
ELG_VLO main 681.25 0.9072743482514893 0.057170884033411806 0.22624862585990002 0.022891868884010777
ELG_VLO main 718.75 0.9046781778410886 0.0585097755605292 0.2656053498948021 0.025842714641427077
ELG_VLO main 756.25 0.8720374876092637 0.047573529904150584 0.1875669792944732 0.017573075604660662
ELG_VLO main 793.75 0.9029203616459586 0.03916574910801032 0.23904183640582408 0.01626115356294658
ELG_VLO main 831.25 0.9051536647121985 0.028808721009649353 0.21729201469051687 0.011282805079324778
ELG_VLO main 868.75 0.8982784229213734 0.021970309693680027 0.21640006193680464 0.008632123523755971
ELG_VLO main 906.25 0.9082176692808701 0.01846752664878362 0.21636536058827152 0.007196572300296142
ELG_VLO main 943.75 0.9293851367934678 0.016472085351924452 0.2351562072061739 0.00662949464863564
ELG_VLO main 981.25 0.9232877619589832 0.015038917214877826 0.22768047053908716 0.005966662305684597
ELG_VLO main 1018.75 0.9319999190852357 0.015135501594736929 0.24522580626282822 0.006232933174590097
ELG_VLO main 1056.25 0.931170360861062 0.015624728765066992 0.2293726671157643 0.00618728655519889
ELG_VLO main 1093.75 0.9254775489293058 0.01721101668094804 0.22387388083755178 0.006748766452472064
ELG_VLO main 1131.25 0.9375035648316741 0.019961839083934268 0.23520452261967964 0.007983348756189518
ELG_VLO main 1168.75 0.916271972896085 0.024180536314955568 0.22946618354350923 0.009692655882246133
ELG_VLO main 1206.25 0.9331124423978598 0.03176307939348379 0.26260423477454975 0.013617943728355328
ELG_VLO main 1243.75 0.9095317186539877 0.04196521219305858 0.21471260451712731 0.01626232363082137
ELG_VLO main 1281.25 0.9187550364073263 0.056563797989479817 0.2343989342780605 0.02291577319424703
ELG_VLO main 1318.75 0.9418738332338789 0.07075653870654278 0.2056738365186163 0.026053384690088843
ELG_VLO main 1356.25 0.9572703459353162 0.118586924910738 0.22207711302755323 0.04513311444711483
ELG_VLO main 1393.75 0.9696841152682334 0.1341808489959865 0.29222401327262615 0.05966284484550367
ELG_VLO main 1431.25 0.9570666047806916 0.19032463882419082 0.15997524560996365 0.05990621535305873
ELG_VLO main 1468.75 0.9169229593688514 0.18323758455482247 0.21012817818869511 0.06969532369603663
ELG_VLO main 1506.25 1.0 0.37695611779416865 0.14209591474245117 0.10737863609913846
ELG_VLO main 1543.75 0.8052011298334469 0.3762644652700081 0.20668160124671273 0.15585669880391703
ELG_VLO main 1581.25 0.995664292350573 0.3508174478595272 0.24775472282440383 0.13837465704069674
