desi_data/desi_elg_ts_zenodo/main-200efftime1600-0.6z1.6-oii-dchi2-zok-zenodo.ecsv
# %ECSV 0.9
# ---
# datatype:
# - {name: LOG10_DELTACHI2, datatype: float64}
# - {name: LOG10_FOII_SNR, datatype: float64}
# - {name: ZOK_FRAC, datatype: float64}
# - {name: ALPHA, datatype: float64}
# schema: astropy-2.0
LOG10_DELTACHI2 LOG10_FOII_SNR ZOK_FRAC ALPHA
[from data line 551]
2.4800000009599996 1.25 1.0 0.8371926394380956
2.4800000009599996 1.3571428571428572 1.0 0.7034613154292393
2.4800000009599996 1.464285714285714 1.0 0.7366781865987042
2.4800000009599996 1.5714285714285712 1.0 0.4077494771881506
2.4800000009599996 1.6785714285714284 1.0 0.0
2.6000000011999997 -0.03571428571428581 1.0 0.0
2.6000000011999997 0.1785714285714286 1.0 0.0
2.6000000011999997 0.2857142857142856 1.0 0.0
2.6000000011999997 0.3928571428571428 1.0 0.0
2.6000000011999997 0.5 1.0 0.20165925329482665
2.6000000011999997 0.607142857142857 1.0 0.23513264811013324
2.6000000011999997 0.7142857142857142 1.0 0.4146436194309672
2.6000000011999997 0.8214285714285714 1.0 0.31258362810300483
2.6000000011999997 0.9285714285714284 1.0 0.4576009337842638
2.6000000011999997 1.0357142857142856 1.0 0.7486617644771513
2.6000000011999997 1.1428571428571428 1.0 0.9513882352550505
2.6000000011999997 1.25 1.0 0.8695553042564232
2.6000000011999997 1.3571428571428572 1.0 0.7034613154292393
2.6000000011999997 1.464285714285714 1.0 0.6267780931281606
2.6000000011999997 1.5714285714285712 1.0 0.3932676292204923
2.6000000011999997 1.6785714285714284 1.0 0.0
2.7200000014399994 -0.1428571428571429 0.0 0.0
2.7200000014399994 0.0714285714285714 0.6666666666666666 0.0
2.7200000014399994 0.2857142857142856 1.0 0.0
2.7200000014399994 0.3928571428571428 1.0 0.011553632439023631
2.7200000014399994 0.5 1.0 0.051144255462836075
2.7200000014399994 0.607142857142857 1.0 0.2501142597988549
2.7200000014399994 0.7142857142857142 1.0 0.4146436194309672
2.7200000014399994 0.8214285714285714 1.0 0.3932676292204923
2.7200000014399994 0.9285714285714284 1.0 0.4837949685141079
2.7200000014399994 1.0357142857142856 1.0 0.5937300603312422
2.7200000014399994 1.1428571428571428 1.0 0.871219275930887
2.7200000014399994 1.25 1.0 0.9146436194309673
2.7200000014399994 1.3571428571428572 1.0 0.7223555958739392
2.7200000014399994 1.464285714285714 1.0 0.5361626437741145
2.7200000014399994 1.5714285714285712 1.0 0.468460558630882
2.7200000014399994 1.6785714285714284 1.0 0.011553632439023631
2.8400000016799996 -0.4642857142857143 0.5 0.0
2.8400000016799996 0.2857142857142856 1.0 0.0
2.8400000016799996 0.3928571428571428 1.0 0.0
2.8400000016799996 0.5 1.0 0.011553632439023631
2.8400000016799996 0.607142857142857 1.0 0.21904030642443262
2.8400000016799996 0.7142857142857142 1.0 0.23513264811013324
2.8400000016799996 0.8214285714285714 1.0 0.33327997068211734
2.8400000016799996 0.9285714285714284 1.0 0.3521742511268173
2.8400000016799996 1.0357142857142856 1.0 0.4461694923045117
2.8400000016799996 1.1428571428571428 1.0 0.7156736150949484
2.8400000016799996 1.25 1.0 0.8833085148032385
2.8400000016799996 1.3571428571428572 1.0 0.7872786314254612
2.8400000016799996 1.464285714285714 1.0 0.4837949685141079
2.8400000016799996 1.5714285714285712 1.0 0.3521742511268173
2.8400000016799996 1.6785714285714284 1.0 0.1620686302710142
2.9600000019199997 0.1785714285714286 1.0 0.0
2.9600000019199997 0.2857142857142856 1.0 0.0
2.9600000019199997 0.3928571428571428 1.0 0.0
2.9600000019199997 0.5 1.0 0.051144255462836075
2.9600000019199997 0.607142857142857 1.0 0.0
2.9600000019199997 0.7142857142857142 1.0 0.23513264811013324
2.9600000019199997 0.8214285714285714 1.0 0.1391898849906767
2.9600000019199997 0.9285714285714284 1.0 0.38564764594212386
2.9600000019199997 1.0357142857142856 1.0 0.4736932754699644
2.9600000019199997 1.1428571428571428 1.0 0.5814931756396419
2.9600000019199997 1.25 1.0 0.7884951457609608
2.9600000019199997 1.3571428571428572 1.0 0.7968251023799724
2.9600000019199997 1.464285714285714 1.0 0.49344754611180125
2.9600000019199997 1.5714285714285712 1.0 0.0
2.9600000019199997 1.6785714285714284 1.0 0.08461765027814266
3.08000000216 -0.03571428571428581 1.0 0.0
3.08000000216 0.0714285714285714 1.0 0.0
3.08000000216 0.2857142857142856 1.0 0.0
3.08000000216 0.3928571428571428 1.0 0.0
3.08000000216 0.607142857142857 1.0 0.051144255462836075
3.08000000216 0.7142857142857142 1.0 0.08461765027814266
3.08000000216 0.8214285714285714 1.0 0.11361362376698603
3.08000000216 0.9285714285714284 1.0 0.21904030642443262
3.08000000216 1.0357142857142856 1.0 0.3932676292204923
3.08000000216 1.1428571428571428 1.0 0.48867488715868607
3.08000000216 1.25 1.0 0.6620686302710143
3.08000000216 1.3571428571428572 1.0 0.751557103917599
3.08000000216 1.464285714285714 1.0 0.610882175916235
3.08000000216 1.5714285714285712 1.0 0.2501142597988549
3.08000000216 1.6785714285714284 1.0 0.18276497285012672
3.2000000024 -0.1428571428571429 1.0 0.0
3.2000000024 -0.03571428571428581 1.0 0.0
3.2000000024 0.0714285714285714 1.0 0.0
3.2000000024 0.1785714285714286 1.0 0.0
3.2000000024 0.2857142857142856 1.0 0.0
3.2000000024 0.3928571428571428 1.0 0.0
3.2000000024 0.5 1.0 0.0
3.2000000024 0.607142857142857 1.0 0.0
3.2000000024 0.7142857142857142 1.0 0.0
3.2000000024 0.8214285714285714 1.0 0.08461765027814266
3.2000000024 0.9285714285714284 1.0 0.1391898849906767
3.2000000024 1.0357142857142856 1.0 0.2501142597988549
3.2000000024 1.1428571428571428 1.0 0.4461694923045117
3.2000000024 1.25 1.0 0.4146436194309672
3.2000000024 1.3571428571428572 1.0 0.680781879241326
3.2000000024 1.464285714285714 1.0 0.6343099663460985
3.2000000024 1.5714285714285712 1.0 0.28970488282266726
3.2000000024 1.7857142857142856 1.0 0.0
3.320000002639999 0.0714285714285714 1.0 0.0
3.320000002639999 0.2857142857142856 1.0 0.0
3.320000002639999 0.3928571428571428 1.0 0.0
3.320000002639999 0.607142857142857 1.0 0.0
3.320000002639999 0.7142857142857142 1.0 0.0
3.320000002639999 0.8214285714285714 1.0 0.08461765027814266
3.320000002639999 0.9285714285714284 1.0 0.051144255462836075
3.320000002639999 1.0357142857142856 1.0 0.3014454307474287
3.320000002639999 1.1428571428571428 1.0 0.2772930909601512
3.320000002639999 1.25 1.0 0.31258362810300483
3.320000002639999 1.3571428571428572 1.0 0.5361626437741145
3.320000002639999 1.464285714285714 1.0 0.6318282565803235
3.320000002639999 1.5714285714285712 1.0 0.33327997068211734
3.320000002639999 1.6785714285714284 1.0 0.0
3.4400000028799993 0.1785714285714286 1.0 0.0
3.4400000028799993 0.2857142857142856 1.0 0.0
3.4400000028799993 0.3928571428571428 1.0 0.0
3.4400000028799993 0.5 1.0 0.011553632439023631
3.4400000028799993 0.607142857142857 1.0 0.0
3.4400000028799993 0.7142857142857142 1.0 0.0
3.4400000028799993 0.8214285714285714 1.0 0.011553632439023631
3.4400000028799993 0.9285714285714284 1.0 0.23513264811013324
3.4400000028799993 1.0357142857142856 1.0 0.21904030642443262
3.4400000028799993 1.1428571428571428 1.0 0.1620686302710142
3.4400000028799993 1.25 1.0 0.40062925763084545
3.4400000028799993 1.3571428571428572 1.0 0.4077494771881506
3.4400000028799993 1.464285714285714 1.0 0.5242065650714087
3.4400000028799993 1.5714285714285712 1.0 0.38564764594212386
3.4400000028799993 1.6785714285714284 1.0 0.0
3.4400000028799993 1.7857142857142856 1.0 0.0
3.4400000028799993 1.8928571428571428 1.0 0.0
3.5600000031199994 -0.03571428571428581 1.0 0.0
3.5600000031199994 0.5 1.0 0.0
3.5600000031199994 0.607142857142857 1.0 0.0
3.5600000031199994 0.7142857142857142 1.0 0.0
3.5600000031199994 0.8214285714285714 1.0 0.0
3.5600000031199994 0.9285714285714284 1.0 0.051144255462836075
3.5600000031199994 1.0357142857142856 1.0 0.051144255462836075
3.5600000031199994 1.1428571428571428 1.0 0.20165925329482665
3.5600000031199994 1.25 1.0 0.2772930909601512
3.5600000031199994 1.3571428571428572 1.0 0.3429325482798107
3.5600000031199994 1.464285714285714 1.0 0.3521742511268173
3.5600000031199994 1.5714285714285712 1.0 0.5282655101824985
3.5600000031199994 1.6785714285714284 1.0 0.18276497285012672
3.5600000031199994 1.8928571428571428 1.0 0.0
3.6800000033599995 0.1785714285714286 1.0 0.0
3.6800000033599995 0.3928571428571428 1.0 0.0
3.6800000033599995 0.5 1.0 0.0
3.6800000033599995 0.9285714285714284 1.0 0.0
3.6800000033599995 1.0357142857142856 1.0 0.0
3.6800000033599995 1.1428571428571428 1.0 0.11361362376698603
3.6800000033599995 1.25 1.0 0.18276497285012672
3.6800000033599995 1.3571428571428572 1.0 0.18276497285012672
3.6800000033599995 1.464285714285714 1.0 0.23513264811013324
3.6800000033599995 1.5714285714285712 1.0 0.4146436194309672
3.6800000033599995 1.6785714285714284 1.0 0.20165925329482665
3.8000000035999997 0.3928571428571428 1.0 0.0
3.8000000035999997 1.0357142857142856 1.0 0.0
3.8000000035999997 1.1428571428571428 1.0 0.1620686302710142
3.8000000035999997 1.25 1.0 0.23513264811013324
3.8000000035999997 1.3571428571428572 1.0 0.18276497285012672
3.8000000035999997 1.464285714285714 1.0 0.26412862159897665
3.8000000035999997 1.5714285714285712 1.0 0.18276497285012672
3.8000000035999997 1.6785714285714284 1.0 0.33327997068211734
3.8000000035999997 1.7857142857142856 1.0 0.0
3.92000000384 0.5 1.0 0.0
3.92000000384 0.607142857142857 1.0 0.0
3.92000000384 1.1428571428571428 1.0 0.0
3.92000000384 1.25 1.0 0.011553632439023631
3.92000000384 1.3571428571428572 1.0 0.0
3.92000000384 1.464285714285714 1.0 0.051144255462836075
3.92000000384 1.5714285714285712 1.0 0.18276497285012672
3.92000000384 1.6785714285714284 1.0 0.2501142597988549
3.92000000384 1.7857142857142856 1.0 0.0
4.0400000040799995 0.607142857142857 1.0 0.0
4.0400000040799995 0.7142857142857142 1.0 0.0
4.0400000040799995 1.1428571428571428 1.0 0.0
4.0400000040799995 1.25 1.0 0.0
4.0400000040799995 1.3571428571428572 1.0 0.0
4.0400000040799995 1.464285714285714 1.0 0.0
4.0400000040799995 1.5714285714285712 1.0 0.1620686302710142
4.0400000040799995 1.6785714285714284 1.0 0.18276497285012672
4.0400000040799995 1.7857142857142856 1.0 0.0
4.160000004319999 0.5 1.0 0.0
4.160000004319999 0.607142857142857 1.0 0.0
4.160000004319999 1.3571428571428572 1.0 0.0
4.160000004319999 1.464285714285714 1.0 0.0
4.160000004319999 1.5714285714285712 1.0 0.0
4.160000004319999 1.6785714285714284 1.0 0.051144255462836075
4.28000000456 0.607142857142857 1.0 0.0
4.28000000456 0.7142857142857142 1.0 0.0
4.28000000456 1.3571428571428572 1.0 0.0
4.28000000456 1.6785714285714284 1.0 0.011553632439023631
4.28000000456 1.7857142857142856 1.0 0.0
4.400000004799999 0.7142857142857142 1.0 0.0
4.400000004799999 1.6785714285714284 1.0 0.0
4.400000004799999 1.7857142857142856 1.0 0.0
4.52000000504 1.6785714285714284 1.0 0.0
4.52000000504 1.7857142857142856 1.0 0.0
4.640000005279999 1.7857142857142856 1.0 0.011553632439023631
4.7600000055199985 1.7857142857142856 1.0 0.0
-0.9400000058800001 -0.625 0.0 0.0
-0.9400000058800001 -0.4107142857142857 0.0 0.0
-0.9400000058800001 -0.3035714285714286 0.0 0.0
-0.9400000058800001 -0.1964285714285715 0.0 0.0
-0.9400000058800001 -0.0892857142857143 0.0 0.0
-0.9400000058800001 0.017857142857142794 0.0 0.0
-0.9400000058800001 0.125 0.0 0.0
-0.9400000058800001 0.23214285714285698 0.0 0.0
-0.9400000058800001 0.3392857142857142 0.0 0.0
-0.9400000058800001 0.4464285714285714 0.0 0.0
-0.9400000058800001 0.6607142857142856 1.0 0.0
-0.9400000058800001 0.7678571428571428 1.0 0.0
-0.9400000058800001 0.875 0.6666666666666666 0.0
-0.9400000058800001 0.982142857142857 1.0 0.0
-0.9400000058800001 1.089285714285714 1.0 0.0
-0.9400000058800001 1.1964285714285712 1.0 0.0
-0.8200000056400001 -0.4107142857142857 0.0 0.0
-0.8200000056400001 -0.3035714285714286 0.0 0.0
-0.8200000056400001 -0.1964285714285715 0.0 0.0
-0.8200000056400001 -0.0892857142857143 0.0 0.0
-0.8200000056400001 0.017857142857142794 0.0 0.11361362376698603
-0.8200000056400001 0.125 0.0 0.08461765027814266
-0.8200000056400001 0.23214285714285698 0.0 0.11361362376698603
-0.8200000056400001 0.3392857142857142 0.0 0.1620686302710142
-0.8200000056400001 0.4464285714285714 0.0 0.011553632439023631
-0.8200000056400001 0.5535714285714284 0.25 0.0
-0.8200000056400001 0.6607142857142856 0.8 0.011553632439023631
-0.8200000056400001 0.875 1.0 0.0
-0.7000000054000001 -0.9464285714285714 0.0 0.0
-0.7000000054000001 -0.7321428571428572 0.0 0.0
-0.7000000054000001 -0.3035714285714286 0.0 0.0
-0.7000000054000001 -0.1964285714285715 0.0 0.0
-0.7000000054000001 -0.0892857142857143 0.0 0.011553632439023631
-0.7000000054000001 0.017857142857142794 0.0 0.0
-0.7000000054000001 0.125 0.0 0.08461765027814266
-0.7000000054000001 0.23214285714285698 0.0 0.18276497285012672
-0.7000000054000001 0.3392857142857142 0.0 0.011553632439023631
-0.7000000054000001 0.4464285714285714 0.0 0.0
-0.7000000054000001 0.5535714285714284 0.0 0.0
-0.7000000054000001 0.7678571428571428 1.0 0.0
-0.7000000054000001 0.875 1.0 0.0
-0.7000000054000001 0.982142857142857 1.0 0.0
-0.58000000516 -0.9464285714285714 0.0 0.0
-0.58000000516 -0.7321428571428572 0.0 0.0
-0.58000000516 -0.5178571428571429 0.0 0.0
-0.58000000516 -0.4107142857142857 0.0 0.0
-0.58000000516 -0.3035714285714286 0.0 0.0
-0.58000000516 -0.1964285714285715 0.0 0.0
-0.58000000516 -0.0892857142857143 0.0 0.051144255462836075
-0.58000000516 0.017857142857142794 0.0 0.08461765027814266
-0.58000000516 0.125 0.0 0.11361362376698603
-0.58000000516 0.23214285714285698 0.09090909090909091 0.18276497285012672
-0.58000000516 0.3392857142857142 0.0 0.08461765027814266
-0.58000000516 0.4464285714285714 0.0 0.11361362376698603
-0.58000000516 0.5535714285714284 0.5 0.0
-0.58000000516 0.6607142857142856 1.0 0.0
-0.58000000516 0.7678571428571428 1.0 0.0
-0.58000000516 0.875 1.0 0.0
-0.58000000516 0.982142857142857 1.0 0.0
-0.58000000516 1.089285714285714 1.0 0.0
-0.46000000492000015 -0.7321428571428572 0.0 0.0
-0.46000000492000015 -0.5178571428571429 0.0 0.0
-0.46000000492000015 -0.3035714285714286 0.0 0.0
-0.46000000492000015 -0.1964285714285715 0.0 0.051144255462836075
-0.46000000492000015 -0.0892857142857143 0.0 0.1391898849906767
-0.46000000492000015 0.017857142857142794 0.14285714285714285 0.08461765027814266
-0.46000000492000015 0.125 0.1 0.31258362810300483
-0.46000000492000015 0.23214285714285698 0.0 0.08461765027814266
-0.46000000492000015 0.3392857142857142 0.0 0.32317827763797385
-0.46000000492000015 0.4464285714285714 0.125 0.11361362376698603
-0.46000000492000015 0.5535714285714284 0.5 0.0
-0.46000000492000015 0.6607142857142856 1.0 0.0
-0.46000000492000015 0.7678571428571428 1.0 0.0
-0.46000000492000015 0.982142857142857 1.0 0.0
-0.46000000492000015 1.089285714285714 1.0 0.0
-0.46000000492000015 1.1964285714285712 1.0 0.0
-0.34000000468000013 -0.625 0.0 0.0
-0.34000000468000013 -0.4107142857142857 0.0 0.0
-0.34000000468000013 -0.3035714285714286 0.0 0.0
-0.34000000468000013 -0.1964285714285715 0.0 0.0
-0.34000000468000013 -0.0892857142857143 0.0 0.20165925329482665
-0.34000000468000013 0.017857142857142794 0.0 0.2772930909601512
-0.34000000468000013 0.125 0.0 0.21904030642443262
-0.34000000468000013 0.23214285714285698 0.0 0.26412862159897665
-0.34000000468000013 0.3392857142857142 0.0625 0.26412862159897665
-0.34000000468000013 0.4464285714285714 0.23076923076923078 0.21904030642443262
-0.34000000468000013 0.5535714285714284 0.7142857142857143 0.08461765027814266
-0.34000000468000013 0.6607142857142856 1.0 0.0
-0.34000000468000013 0.7678571428571428 1.0 0.0
-0.34000000468000013 0.875 1.0 0.011553632439023631
-0.34000000468000013 0.982142857142857 1.0 0.0
-0.34000000468000013 1.089285714285714 1.0 0.0
-0.22000000444000012 -0.7321428571428572 0.0 0.0
-0.22000000444000012 -0.625 0.0 0.0
-0.22000000444000012 -0.4107142857142857 0.0 0.0
-0.22000000444000012 -0.3035714285714286 0.0 0.011553632439023631
-0.22000000444000012 -0.1964285714285715 0.125 0.11361362376698603
-0.22000000444000012 -0.0892857142857143 0.0 0.1391898849906767
-0.22000000444000012 0.017857142857142794 0.058823529411764705 0.2772930909601512
-0.22000000444000012 0.125 0.0 0.32317827763797385
-0.22000000444000012 0.23214285714285698 0.0 0.23513264811013324
-0.22000000444000012 0.3392857142857142 0.06666666666666667 0.2501142597988549
-0.22000000444000012 0.4464285714285714 0.0 0.051144255462836075
-0.22000000444000012 0.5535714285714284 0.0 0.0
-0.22000000444000012 0.6607142857142856 1.0 0.0
-0.22000000444000012 0.7678571428571428 1.0 0.011553632439023631
