desi_data/desi_elg_ts_zenodo/main-200efftime1600-0.6z1.6-oii-dchi2-meanz-zenodo.ecsv
# %ECSV 0.9
# ---
# datatype:
# - {name: LOG10_DELTACHI2, datatype: float64}
# - {name: LOG10_FOII_SNR, datatype: float64}
# - {name: MEAN_Z, datatype: float64}
# - {name: ALPHA, datatype: float64}
# schema: astropy-2.0
LOG10_DELTACHI2 LOG10_FOII_SNR MEAN_Z ALPHA
[from data line 476]
3.2000000024 0.2857142857142856 0.7571246922511837 0.0
3.2000000024 0.3928571428571428 0.756833905387922 0.0
3.2000000024 0.5 0.7571760370285449 0.0
3.2000000024 0.607142857142857 0.26616605554362344 0.0
3.2000000024 0.7142857142857142 0.5239716796770375 0.0
3.2000000024 0.8214285714285714 0.45077504885126507 0.0592549333370504
3.2000000024 0.9285714285714284 0.48782595786105554 0.11382716804958443
3.2000000024 1.0357142857142856 0.3786973441314892 0.2247515428577626
3.2000000024 1.1428571428571428 0.5399963416446988 0.4208067753634195
3.2000000024 1.25 0.8297338730942159 0.389280902489875
3.2000000024 1.3571428571428572 0.8424339835112787 0.6554191623002338
3.2000000024 1.464285714285714 0.8832281699648163 0.6089472494050063
3.2000000024 1.5714285714285712 0.9082243154745877 0.264342165881575
3.2000000024 1.7857142857142856 1.0967954818381715 0.0
3.320000002639999 0.0714285714285714 0.8497474205416473 0.0
3.320000002639999 0.2857142857142856 0.54696167668643 0.0
3.320000002639999 0.3928571428571428 0.8189122449836819 0.0
3.320000002639999 0.607142857142857 0.615635861245343 0.0
3.320000002639999 0.7142857142857142 0.4182213665650646 0.0
3.320000002639999 0.8214285714285714 0.5010657970697033 0.0592549333370504
3.320000002639999 0.9285714285714284 0.6208799905345298 0.025781538521743808
3.320000002639999 1.0357142857142856 0.4196865818275228 0.2760827138063364
3.320000002639999 1.1428571428571428 0.519313145997895 0.25193037401905893
3.320000002639999 1.25 0.7889118914961447 0.2872209111619126
3.320000002639999 1.3571428571428572 0.8375372648978069 0.5107999268330222
3.320000002639999 1.464285714285714 0.8599471464301531 0.6064655396392312
3.320000002639999 1.5714285714285712 0.9040685891340705 0.3079172537410251
3.320000002639999 1.6785714285714284 0.9732189147252175 0.0
3.4400000028799993 0.1785714285714286 0.5642725065086573 0.0
3.4400000028799993 0.2857142857142856 0.032472921680838304 0.0
3.4400000028799993 0.3928571428571428 0.03247629183201266 0.0
3.4400000028799993 0.5 0.5736266982377142 0.0
3.4400000028799993 0.607142857142857 0.7226210560019627 0.0
3.4400000028799993 0.7142857142857142 0.7054007797600371 0.0
3.4400000028799993 0.8214285714285714 0.42093209991777825 0.0
3.4400000028799993 0.9285714285714284 0.26995362890847374 0.20976993116904097
3.4400000028799993 1.0357142857142856 0.5681990785942422 0.1936775894833404
3.4400000028799993 1.1428571428571428 0.6298871277875835 0.136705913329922
3.4400000028799993 1.25 0.6591503920957639 0.3752665406897532
3.4400000028799993 1.3571428571428572 0.8295527127651032 0.3823867602470583
3.4400000028799993 1.464285714285714 0.836958397552339 0.4988438481303165
3.4400000028799993 1.5714285714285712 0.8825669604394173 0.3602849290010316
3.4400000028799993 1.6785714285714284 0.9043109113538659 0.0
3.4400000028799993 1.7857142857142856 1.167784932619946 0.0
3.4400000028799993 1.8928571428571428 1.0967848241083182 0.0
3.5600000031199994 -0.03571428571428581 1.5539065365451903 0.0
3.5600000031199994 0.5 1.5554296495535977 0.0
3.5600000031199994 0.607142857142857 0.7571367911150819 0.0
3.5600000031199994 0.7142857142857142 0.10238579468981951 0.0
3.5600000031199994 0.8214285714285714 0.33157314594975507 0.0
3.5600000031199994 0.9285714285714284 0.6263948797096426 0.025781538521743808
3.5600000031199994 1.0357142857142856 0.3654069541989475 0.025781538521743808
3.5600000031199994 1.1428571428571428 0.6028493043086489 0.17629653635373438
3.5600000031199994 1.25 0.6068008258763717 0.25193037401905893
3.5600000031199994 1.3571428571428572 0.7559297653234445 0.3175698313387184
3.5600000031199994 1.464285714285714 0.8393878535887351 0.32681153418572495
3.5600000031199994 1.5714285714285712 0.8654331210912091 0.5029027932414062
3.5600000031199994 1.6785714285714284 0.9157249457656822 0.1574022559090345
3.5600000031199994 1.8928571428571428 1.0968055176419902 0.0
3.6800000033599995 0.1785714285714286 1.5561099907268006 0.0
3.6800000033599995 0.3928571428571428 0.3888353515877107 0.0
3.6800000033599995 0.5 0.9717169651063049 0.0
3.6800000033599995 0.9285714285714284 0.734049735067957 0.0
3.6800000033599995 1.0357142857142856 0.03404232905012009 0.0
3.6800000033599995 1.1428571428571428 0.6591764366844906 0.08825090682589382
3.6800000033599995 1.25 0.3064024528717175 0.1574022559090345
3.6800000033599995 1.3571428571428572 0.47006970074247806 0.1574022559090345
3.6800000033599995 1.464285714285714 0.8354959088618418 0.20976993116904097
3.6800000033599995 1.5714285714285712 0.8377007452073871 0.389280902489875
3.6800000033599995 1.6785714285714284 0.8940564019592375 0.17629653635373438
3.8000000035999997 0.3928571428571428 0.3888573359096985 0.0
3.8000000035999997 1.0357142857142856 0.4403245880043071 0.0
3.8000000035999997 1.1428571428571428 0.4673750753601781 0.136705913329922
3.8000000035999997 1.25 0.4799230479449627 0.20976993116904097
3.8000000035999997 1.3571428571428572 0.40345220292711625 0.1574022559090345
3.8000000035999997 1.464285714285714 0.7277688315659339 0.2387659046578844
3.8000000035999997 1.5714285714285712 0.7902175243064147 0.1574022559090345
3.8000000035999997 1.6785714285714284 0.8667517043263012 0.3079172537410251
3.8000000035999997 1.7857142857142856 0.8857044901831763 0.0
3.92000000384 0.5 0.38876464073881567 0.0
3.92000000384 0.607142857142857 0.3888322745351326 0.0
3.92000000384 1.1428571428571428 0.8465999688952228 0.0
3.92000000384 1.25 0.28897759552938773 0.0
3.92000000384 1.3571428571428572 0.08394246617658445 0.0
3.92000000384 1.464285714285714 0.2947725510862451 0.025781538521743808
3.92000000384 1.5714285714285712 0.6533519403289687 0.1574022559090345
3.92000000384 1.6785714285714284 0.8420193959304743 0.2247515428577626
3.92000000384 1.7857142857142856 0.8846289735010616 0.0
4.0400000040799995 0.607142857142857 0.38879522651229015 0.0
4.0400000040799995 0.7142857142857142 0.3888293536166963 0.0
4.0400000040799995 1.1428571428571428 0.8466043232417423 0.0
4.0400000040799995 1.25 0.7284153450710629 0.0
4.0400000040799995 1.3571428571428572 0.5057987043651501 0.0
4.0400000040799995 1.464285714285714 0.09118453257332365 0.0
4.0400000040799995 1.5714285714285712 0.6554544649538988 0.136705913329922
4.0400000040799995 1.6785714285714284 0.7748767983608346 0.1574022559090345
4.0400000040799995 1.7857142857142856 0.8371256493769217 0.0
4.160000004319999 0.5 0.38881642413233053 0.0
4.160000004319999 0.607142857142857 0.388839130203129 0.0
4.160000004319999 1.3571428571428572 0.5967729917381426 0.0
4.160000004319999 1.464285714285714 0.09270338777505234 0.0
4.160000004319999 1.5714285714285712 0.32566984371636504 0.0
4.160000004319999 1.6785714285714284 0.6186766721679328 0.025781538521743808
4.28000000456 0.607142857142857 0.38880508764370725 0.0
4.28000000456 0.7142857142857142 0.38877965880797505 0.0
4.28000000456 1.3571428571428572 0.8449172153259691 0.0
4.28000000456 1.6785714285714284 0.7140728493467755 0.0
4.28000000456 1.7857142857142856 0.758382455317947 0.0
4.400000004799999 0.7142857142857142 0.38879420509085294 0.0
4.400000004799999 1.6785714285714284 0.7775040139699041 0.0
4.400000004799999 1.7857142857142856 0.4795189333192047 0.0
4.52000000504 1.6785714285714284 0.7774959583375395 0.0
4.52000000504 1.7857142857142856 0.7030023074749214 0.0
4.640000005279999 1.7857142857142856 0.7775037927772462 0.0
4.7600000055199985 1.7857142857142856 0.77750426905214 0.0
-0.9400000058800001 0.6607142857142856 1.430547545815202 0.0
-0.9400000058800001 0.7678571428571428 1.457241973777095 0.0
-0.9400000058800001 0.875 1.282759536774666 0.0
-0.9400000058800001 0.982142857142857 1.2454800632172114 0.0
-0.9400000058800001 1.089285714285714 1.27305934074635 0.0
-0.9400000058800001 1.1964285714285712 1.5304160068703083 0.0
-0.8200000056400001 0.5535714285714284 1.5572459051029832 0.0
-0.8200000056400001 0.6607142857142856 1.3429203418984297 0.0
-0.8200000056400001 0.875 1.5730029901740228 0.0
-0.7000000054000001 0.7678571428571428 1.2588240544072082 0.0
-0.7000000054000001 0.875 1.5825949256768435 0.0
-0.7000000054000001 0.982142857142857 1.4121423938340083 0.0
-0.58000000516 0.23214285714285698 0.8389236208655056 0.0
-0.58000000516 0.5535714285714284 1.2813116485809457 0.0
-0.58000000516 0.6607142857142856 1.597287271018656 0.0
-0.58000000516 0.7678571428571428 1.3319041404988372 0.0
-0.58000000516 0.875 1.1754819030031805 0.0
-0.58000000516 0.982142857142857 1.4855029062506382 0.0
-0.58000000516 1.089285714285714 1.2460962553873343 0.0
-0.46000000492000015 0.017857142857142794 1.3714967200803208 0.0
-0.46000000492000015 0.125 0.5509350542850227 0.0
-0.46000000492000015 0.4464285714285714 1.5123104561275291 0.0
-0.46000000492000015 0.5535714285714284 1.5576405517696617 0.0
-0.46000000492000015 0.6607142857142856 1.1977217994188454 0.0
-0.46000000492000015 0.7678571428571428 1.5937997664539623 0.0
-0.46000000492000015 0.982142857142857 1.407523504216269 0.0
-0.46000000492000015 1.089285714285714 1.520429514639255 0.0
-0.46000000492000015 1.1964285714285712 1.5588374041969797 0.0
-0.34000000468000013 0.3392857142857142 1.2625858304340503 0.0
-0.34000000468000013 0.4464285714285714 0.8750288155693031 0.0
-0.34000000468000013 0.5535714285714284 0.7126977725026247 0.0
-0.34000000468000013 0.6607142857142856 1.2399485864015451 0.0
-0.34000000468000013 0.7678571428571428 1.103350532421294 0.0
-0.34000000468000013 0.875 1.4643854634722122 0.0
-0.34000000468000013 0.982142857142857 1.487655798745975 0.0
-0.34000000468000013 1.089285714285714 1.0255464777416143 0.0
-0.22000000444000012 -0.1964285714285715 1.2105514953183243 0.0
-0.22000000444000012 0.017857142857142794 0.13065459046554243 0.0
-0.22000000444000012 0.3392857142857142 1.34655268030908 0.0
-0.22000000444000012 0.6607142857142856 1.379038315460352 0.0
-0.22000000444000012 0.7678571428571428 1.2794208655430124 0.0
-0.22000000444000012 0.875 1.4471336147615677 0.0
-0.22000000444000012 0.982142857142857 1.4817233075362124 0.0
-0.1000000042000001 -0.1964285714285715 0.09295858961954367 0.0
-0.1000000042000001 0.125 0.19251537559267395 0.0
-0.1000000042000001 0.3392857142857142 0.8193454391226739 0.0
-0.1000000042000001 0.4464285714285714 1.5500599756938207 0.0
-0.1000000042000001 0.5535714285714284 1.3423234695215247 0.0
-0.1000000042000001 0.6607142857142856 1.3328314187878738 0.0
-0.1000000042000001 0.7678571428571428 1.3694675455908552 0.025781538521743808
-0.1000000042000001 0.875 1.5453929965051347 0.0
-0.1000000042000001 0.982142857142857 1.3620540800368048 0.0
-0.1000000042000001 1.089285714285714 1.3278030083697545 0.0
-0.1000000042000001 1.1964285714285712 1.3737841163823474 0.0
0.019999996039999912 -0.3035714285714286 0.4112768379739557 0.0
0.019999996039999912 0.23214285714285698 0.9647172677499928 0.0
0.019999996039999912 0.4464285714285714 1.5160939454203126 0.0
0.019999996039999912 0.5535714285714284 0.9981120842586202 0.0
0.019999996039999912 0.6607142857142856 1.3549367601156246 0.08825090682589382
0.019999996039999912 0.7678571428571428 1.3250064734794194 0.2760827138063364
0.019999996039999912 0.875 1.4492438195890904 0.0
0.019999996039999912 0.982142857142857 1.4121605668518513 0.0
0.019999996039999912 1.089285714285714 1.2966902239967617 0.0
0.019999996039999912 1.1964285714285712 1.3808084726137568 0.0
0.13999999627999982 -0.1964285714285715 1.006816347286721 0.0
0.13999999627999982 0.017857142857142794 0.29790987713653344 0.0
0.13999999627999982 0.125 0.37755561566966744 0.0
0.13999999627999982 0.23214285714285698 0.995434348901032 0.0
0.13999999627999982 0.4464285714285714 1.0790945816333297 0.11382716804958443
0.13999999627999982 0.5535714285714284 1.2878003477473643 0.11382716804958443
0.13999999627999982 0.6607142857142856 1.2756599630762142 0.08825090682589382
0.13999999627999982 0.7678571428571428 1.4132639500628617 0.2247515428577626
0.13999999627999982 0.875 1.2953247642568368 0.25193037401905893
0.13999999627999982 0.982142857142857 1.2638042163426408 0.136705913329922
0.13999999627999982 1.089285714285714 1.284694696132048 0.0
0.13999999627999982 1.1964285714285712 1.307630296765348 0.0
0.2599999965199997 -0.4107142857142857 1.0042024243093637 0.0
0.2599999965199997 0.125 0.32258518075358106 0.0
0.2599999965199997 0.23214285714285698 0.4582149568406208 0.0
0.2599999965199997 0.4464285714285714 1.23240284805577 0.0592549333370504
0.2599999965199997 0.5535714285714284 1.104760110697589 0.136705913329922
0.2599999965199997 0.6607142857142856 1.3566473889389263 0.0592549333370504
0.2599999965199997 0.7678571428571428 1.3705030885799965 0.2872209111619126
0.2599999965199997 0.875 1.2924864898566697 0.08825090682589382
0.2599999965199997 0.982142857142857 1.2486010617521994 0.0
0.2599999965199997 1.089285714285714 1.3396815638274602 0.0
0.2599999965199997 1.1964285714285712 1.5301831181573586 0.0
0.37999999675999985 -0.5178571428571429 0.16875674144810976 0.0
0.37999999675999985 -0.1964285714285715 0.17373354965559384 0.0
0.37999999675999985 0.125 0.8268588478098632 0.0
0.37999999675999985 0.23214285714285698 0.9964675839405904 0.0
0.37999999675999985 0.3392857142857142 0.9012422789696214 0.0
0.37999999675999985 0.4464285714285714 0.8320050146100423 0.025781538521743808
0.37999999675999985 0.5535714285714284 1.1497597471319703 0.08825090682589382
0.37999999675999985 0.6607142857142856 1.41629629466325 0.17629653635373438
0.37999999675999985 0.7678571428571428 1.3661857326917037 0.32681153418572495
0.37999999675999985 0.875 1.3151830449769768 0.3602849290010316
0.37999999675999985 0.982142857142857 1.3941461268086317 0.1936775894833404
0.37999999675999985 1.089285714285714 1.2267252182906734 0.025781538521743808
0.37999999675999985 1.1964285714285712 1.4132287537283015 0.0
0.49999999699999975 -0.0892857142857143 -5.2537688690772916e-05 0.0
0.49999999699999975 0.017857142857142794 0.15550200749714801 0.0
0.49999999699999975 0.125 0.12982641727392816 0.0
0.49999999699999975 0.23214285714285698 0.9912633682940314 0.0
0.49999999699999975 0.3392857142857142 0.7740088649849669 0.0
0.49999999699999975 0.4464285714285714 0.6895644449279642 0.025781538521743808
0.49999999699999975 0.5535714285714284 1.172874210694232 0.2387659046578844
0.49999999699999975 0.6607142857142856 1.2537549474760241 0.3175698313387184
0.49999999699999975 0.7678571428571428 1.4298292648306086 0.29781556069688164
0.49999999699999975 0.875 1.3860409688548763 0.39596288326886575
0.49999999699999975 0.982142857142857 1.3296888738890433 0.29781556069688164
0.49999999699999975 1.089285714285714 1.3408777501043914 0.20976993116904097
0.49999999699999975 1.1964285714285712 1.0894788765912067 0.0
0.49999999699999975 1.3035714285714284 1.2985064436204876 0.0
0.6199999972399999 -0.4107142857142857 1.5417560881623802 0.0
0.6199999972399999 -0.1964285714285715 0.028481342080903183 0.0
0.6199999972399999 -0.0892857142857143 0.13063181966320894 0.0
0.6199999972399999 0.017857142857142794 0.2700680385886479 0.0
0.6199999972399999 0.125 0.4113934378283851 0.0
0.6199999972399999 0.23214285714285698 0.7521517179748907 0.0
0.6199999972399999 0.3392857142857142 1.0743714432595242 0.08825090682589382
0.6199999972399999 0.4464285714285714 1.0238754922468996 0.08825090682589382
0.6199999972399999 0.5535714285714284 1.2871903405632383 0.2760827138063364
0.6199999972399999 0.6607142857142856 1.3233943611104628 0.39596288326886575
0.6199999972399999 0.7678571428571428 1.3166895152405869 0.4377359089939032
0.6199999972399999 0.875 1.423911010589574 0.3752665406897532
0.6199999972399999 0.982142857142857 1.31103698191263 0.4148571637135656
0.6199999972399999 1.089285714285714 1.2896473888264695 0.1574022559090345
0.6199999972399999 1.1964285714285712 1.387557552970585 0.0
0.6199999972399999 1.3035714285714284 1.27751505417081 0.0
0.7399999974799998 -0.1964285714285715 0.519592974751713 0.0
0.7399999974799998 -0.0892857142857143 0.0693016752009881 0.0
0.7399999974799998 0.017857142857142794 0.07711166813392457 0.0
0.7399999974799998 0.125 0.8889148921580884 0.0
