desi_data/desi_elg_ts_zenodo/main-hsczphot-scatter-zenodo.ecsv
# %ECSV 0.9
# ---
# datatype:
# - {name: ZPHOT, datatype: float64}
# - {name: ZSPEC, datatype: float64}
# - {name: LOG10_RISK_MEAN, datatype: float64}
# - {name: ALPHA, datatype: float64}
# schema: astropy-2.0
ZPHOT ZSPEC LOG10_RISK_MEAN ALPHA
[from data line 3505]
0.5999999992 1.3391304347826087 -0.5795817375183105 0.5071672892809789
0.5999999992 1.3565217391304347 -0.6259636282920837 0.007167289280978872
0.5999999992 1.373913043478261 -0.5159300565719604 0.4842885440006413
0.5999999992 1.391304347826087 -0.646889328956604 0.30819728494496
0.5999999992 1.4086956521739131 -0.4650818407535553 0.30819728494496
0.5999999992 1.4260869565217391 -0.5480292439460754 0.24572791664081006
0.5999999992 1.4434782608695653 -0.4683438837528229 0.24572791664081006
0.5999999992 1.4608695652173913 -0.5880528092384338 0.30819728494496
0.5999999992 1.4782608695652175 -0.6757186651229858 0.15768228711296944
0.5999999992 1.5304347826086957 -0.3977797031402588 0.007167289280978872
0.5999999992 1.5478260869565217 -0.4549593925476074 0.35665229144898825
0.5999999992 1.5826086956521739 -0.55256587266922 0.15768228711296944
0.5999999992 1.6 -0.39315974712371826 0.24572791664081006
0.5999999992 1.617391304347826 -0.4869440495967865 0.007167289280978872
0.60999999922 0.06956521739130435 -0.5252649784088135 0.007167289280978872
0.60999999922 0.08695652173913043 -0.421649694442749 0.24572791664081006
0.60999999922 0.10434782608695653 -0.5748772621154785 0.15768228711296944
0.60999999922 0.12173913043478261 -0.73736572265625 0.15768228711296944
0.60999999922 0.1391304347826087 -0.4172329902648926 0.007167289280978872
0.60999999922 0.20869565217391306 -0.5694693922996521 0.007167289280978872
0.60999999922 0.22608695652173913 -0.9202653169631958 0.007167289280978872
0.60999999922 0.2608695652173913 -1.1368155479431152 0.007167289280978872
0.60999999922 0.2782608695652174 -0.49855339527130127 0.007167289280978872
0.60999999922 0.3130434782608696 -0.3131974935531616 0.007167289280978872
0.60999999922 0.4 -0.36285728216171265 0.007167289280978872
0.60999999922 0.43478260869565216 -0.3099990785121918 0.007167289280978872
0.60999999922 0.46956521739130436 -0.8567719459533691 0.15768228711296944
0.60999999922 0.5217391304347826 -0.7054181694984436 0.007167289280978872
0.60999999922 0.5565217391304348 -0.42069464921951294 0.007167289280978872
0.60999999922 0.5739130434782609 -0.8344324231147766 0.24572791664081006
0.60999999922 0.591304347826087 -0.3827674388885498 0.15768228711296944
0.60999999922 0.6086956521739131 -0.800807774066925 0.15768228711296944
0.60999999922 0.6260869565217392 -1.195356011390686 0.30819728494496
0.60999999922 0.6434782608695653 -1.39492666721344 0.3962429144728007
0.60999999922 0.6608695652173913 -1.3963555097579956 0.3962429144728007
0.60999999922 0.6782608695652174 -1.2191377878189087 0.30819728494496
0.60999999922 0.6956521739130435 -0.8747652769088745 0.35665229144898825
0.60999999922 0.7130434782608696 -0.9626564979553223 0.24572791664081006
0.60999999922 0.7304347826086957 -0.7253254055976868 0.30819728494496
0.60999999922 0.7478260869565218 -0.6490081548690796 0.35665229144898825
0.60999999922 0.7652173913043478 -0.8204591870307922 0.15768228711296944
0.60999999922 0.782608695652174 -0.7611603736877441 0.3962429144728007
0.60999999922 0.8 -0.6422187089920044 0.35665229144898825
0.60999999922 0.8173913043478261 -0.6439549326896667 0.3962429144728007
0.60999999922 0.8347826086956522 -0.6796707510948181 0.5278636318600913
0.60999999922 0.8521739130434782 -0.5965917110443115 0.4842885440006413
0.60999999922 0.8695652173913043 -0.5284608006477356 0.4297163092881073
0.60999999922 0.8869565217391304 -0.6791697144508362 0.3962429144728007
0.60999999922 0.9043478260869565 -0.9279918670654297 0.4842885440006413
0.60999999922 0.9217391304347826 -0.7436356544494629 0.5467579123047912
0.60999999922 0.9391304347826087 -0.5011887550354004 0.45871228277695064
0.60999999922 0.9565217391304348 -0.6515597105026245 0.35665229144898825
0.60999999922 0.9739130434782609 -0.645130455493927 0.5467579123047912
0.60999999922 0.991304347826087 -0.8283553123474121 0.45871228277695064
0.60999999922 1.008695652173913 -0.5093530416488647 0.35665229144898825
0.60999999922 1.0260869565217392 -0.6482199430465698 0.4842885440006413
0.60999999922 1.0434782608695652 -0.6637208461761475 0.5467579123047912
0.60999999922 1.0608695652173914 -0.4645127058029175 0.5278636318600913
0.60999999922 1.0782608695652174 -0.45989567041397095 0.007167289280978872
0.60999999922 1.0956521739130436 -0.6822744011878967 0.4297163092881073
0.60999999922 1.1130434782608696 -0.6377964615821838 0.35665229144898825
0.60999999922 1.1304347826086956 -0.7619759440422058 0.3962429144728007
0.60999999922 1.1478260869565218 -0.5052165389060974 0.3962429144728007
0.60999999922 1.1652173913043478 -0.4990859031677246 0.30819728494496
0.60999999922 1.182608695652174 -0.6929323077201843 0.45871228277695064
0.60999999922 1.2 -0.518163800239563 0.5071672892809789
0.60999999922 1.2173913043478262 -0.4623912274837494 0.35665229144898825
0.60999999922 1.2347826086956522 -0.5651193857192993 0.5467579123047912
0.60999999922 1.2521739130434784 -0.706517219543457 0.35665229144898825
0.60999999922 1.2695652173913043 -0.4647185504436493 0.15768228711296944
0.60999999922 1.2869565217391306 -0.48413655161857605 0.3962429144728007
0.60999999922 1.3043478260869565 -0.5608571767807007 0.30819728494496
0.60999999922 1.3217391304347825 -0.5667077302932739 0.35665229144898825
0.60999999922 1.3391304347826087 -0.7513841390609741 0.15768228711296944
0.60999999922 1.3565217391304347 -0.4676474630832672 0.35665229144898825
0.60999999922 1.373913043478261 -0.557580292224884 0.35665229144898825
0.60999999922 1.391304347826087 -0.9044983386993408 0.30819728494496
0.60999999922 1.4086956521739131 -0.677993655204773 0.35665229144898825
0.60999999922 1.4260869565217391 -0.5647579431533813 0.35665229144898825
0.60999999922 1.4434782608695653 -0.4909704029560089 0.007167289280978872
0.60999999922 1.4608695652173913 -0.6020110249519348 0.35665229144898825
0.60999999922 1.4782608695652175 -0.6251931190490723 0.15768228711296944
0.60999999922 1.5304347826086957 -0.4857253432273865 0.15768228711296944
0.60999999922 1.5478260869565217 -0.5907050967216492 0.24572791664081006
0.60999999922 1.565217391304348 -0.8272964954376221 0.007167289280978872
0.60999999922 1.5826086956521739 -0.7309114933013916 0.007167289280978872
0.60999999922 1.6 -0.44124817848205566 0.24572791664081006
0.60999999922 1.617391304347826 -0.5682581663131714 0.007167289280978872
0.61999999924 0.052173913043478265 -0.21671341359615326 0.007167289280978872
0.61999999924 0.08695652173913043 -0.32524433732032776 0.007167289280978872
0.61999999924 0.12173913043478261 -0.6799342632293701 0.30819728494496
0.61999999924 0.1565217391304348 -1.8164010047912598 0.007167289280978872
0.61999999924 0.22608695652173913 -0.5658230185508728 0.007167289280978872
0.61999999924 0.2782608695652174 -0.8408755660057068 0.24572791664081006
0.61999999924 0.3130434782608696 -0.46558061242103577 0.007167289280978872
0.61999999924 0.3652173913043478 -0.392493337392807 0.007167289280978872
0.61999999924 0.43478260869565216 -1.262860894203186 0.007167289280978872
0.61999999924 0.45217391304347826 -0.721354603767395 0.007167289280978872
0.61999999924 0.46956521739130436 -0.7881112694740295 0.007167289280978872
0.61999999924 0.5217391304347826 -0.1558551788330078 0.007167289280978872
0.61999999924 0.5565217391304348 -0.506910502910614 0.007167289280978872
0.61999999924 0.5739130434782609 -0.6410598754882812 0.007167289280978872
0.61999999924 0.591304347826087 -0.8651973605155945 0.35665229144898825
0.61999999924 0.6086956521739131 -0.7189454436302185 0.15768228711296944
0.61999999924 0.6260869565217392 -1.0383410453796387 0.4297163092881073
0.61999999924 0.6434782608695653 -1.1912401914596558 0.30819728494496
0.61999999924 0.6608695652173913 -1.1327193975448608 0.4842885440006413
0.61999999924 0.6782608695652174 -1.4547609090805054 0.30819728494496
0.61999999924 0.6956521739130435 -0.7070500254631042 0.15768228711296944
0.61999999924 0.7304347826086957 -0.50629723072052 0.15768228711296944
0.61999999924 0.7478260869565218 -0.5177425742149353 0.24572791664081006
0.61999999924 0.7652173913043478 -0.6722555160522461 0.35665229144898825
0.61999999924 0.782608695652174 -0.6416522264480591 0.45871228277695064
0.61999999924 0.8 -0.6614212393760681 0.35665229144898825
0.61999999924 0.8173913043478261 -0.5598803162574768 0.5278636318600913
0.61999999924 0.8347826086956522 -0.5825257897377014 0.4842885440006413
0.61999999924 0.8521739130434782 -0.6291714906692505 0.45871228277695064
0.61999999924 0.8695652173913043 -0.6352107524871826 0.5278636318600913
0.61999999924 0.8869565217391304 -0.7101650238037109 0.4842885440006413
0.61999999924 0.9043478260869565 -0.6157125234603882 0.3962429144728007
0.61999999924 0.9217391304347826 -0.6936236619949341 0.45871228277695064
0.61999999924 0.9391304347826087 -0.7881805896759033 0.4842885440006413
0.61999999924 0.9565217391304348 -0.5596328973770142 0.45871228277695064
0.61999999924 0.9739130434782609 -0.5067018866539001 0.5071672892809789
0.61999999924 0.991304347826087 -0.5271271467208862 0.4297163092881073
0.61999999924 1.008695652173913 -0.5113174319267273 0.35665229144898825
0.61999999924 1.0260869565217392 -0.5239090323448181 0.24572791664081006
0.61999999924 1.0434782608695652 -0.7709283828735352 0.5278636318600913
0.61999999924 1.0608695652173914 -0.47888311743736267 0.24572791664081006
0.61999999924 1.0782608695652174 -0.5727885365486145 0.30819728494496
0.61999999924 1.0956521739130436 -0.5965595245361328 0.3962429144728007
0.61999999924 1.1130434782608696 -0.6620820760726929 0.45871228277695064
0.61999999924 1.1304347826086956 -0.6690117716789246 0.4297163092881073
0.61999999924 1.1478260869565218 -0.49608272314071655 0.4842885440006413
0.61999999924 1.1652173913043478 -0.6994788646697998 0.30819728494496
0.61999999924 1.182608695652174 -0.46710005402565 0.15768228711296944
0.61999999924 1.2 -0.6243229508399963 0.24572791664081006
0.61999999924 1.2173913043478262 -0.6957542300224304 0.4842885440006413
0.61999999924 1.2347826086956522 -0.6469382047653198 0.15768228711296944
0.61999999924 1.2521739130434784 -0.4245174527168274 0.30819728494496
0.61999999924 1.2695652173913043 -0.7847391366958618 0.35665229144898825
0.61999999924 1.2869565217391306 -0.5908985733985901 0.15768228711296944
0.61999999924 1.3043478260869565 -0.40149056911468506 0.007167289280978872
0.61999999924 1.3217391304347825 -0.6279147863388062 0.3962429144728007
0.61999999924 1.3391304347826087 -0.5816013813018799 0.45871228277695064
0.61999999924 1.3565217391304347 -0.6800549030303955 0.35665229144898825
0.61999999924 1.373913043478261 -0.6649648547172546 0.30819728494496
0.61999999924 1.391304347826087 -0.6160205602645874 0.45871228277695064
0.61999999924 1.4086956521739131 -0.5480733513832092 0.15768228711296944
0.61999999924 1.4260869565217391 -0.6707773208618164 0.007167289280978872
0.61999999924 1.4434782608695653 -0.5937527418136597 0.4297163092881073
0.61999999924 1.4608695652173913 -0.6298181414604187 0.30819728494496
0.61999999924 1.4782608695652175 -0.7608229517936707 0.15768228711296944
0.61999999924 1.5130434782608695 -0.4772879481315613 0.30819728494496
0.61999999924 1.5304347826086957 -0.49573469161987305 0.15768228711296944
0.61999999924 1.5478260869565217 -0.5339609980583191 0.15768228711296944
0.61999999924 1.565217391304348 -0.7677392959594727 0.15768228711296944
0.61999999924 1.5826086956521739 -0.520024836063385 0.3962429144728007
0.61999999924 1.6 -0.5683856010437012 0.007167289280978872
0.61999999924 1.617391304347826 -0.1288718283176422 0.007167289280978872
0.62999999926 0.034782608695652174 -0.6769008636474609 0.007167289280978872
0.62999999926 0.10434782608695653 -0.6323224306106567 0.007167289280978872
0.62999999926 0.19130434782608696 -0.7187260389328003 0.15768228711296944
0.62999999926 0.22608695652173913 -1.505454659461975 0.007167289280978872
0.62999999926 0.2608695652173913 -0.6303671002388 0.007167289280978872
0.62999999926 0.2782608695652174 -0.9269469380378723 0.007167289280978872
0.62999999926 0.2956521739130435 -0.7629652619361877 0.15768228711296944
0.62999999926 0.3130434782608696 -0.44689103960990906 0.15768228711296944
0.62999999926 0.33043478260869563 -1.8528212308883667 0.007167289280978872
0.62999999926 0.3652173913043478 -0.7242023348808289 0.007167289280978872
0.62999999926 0.43478260869565216 -0.589899480342865 0.007167289280978872
0.62999999926 0.45217391304347826 -0.6128872036933899 0.007167289280978872
0.62999999926 0.46956521739130436 -1.650240182876587 0.007167289280978872
0.62999999926 0.5739130434782609 -1.5046802759170532 0.24572791664081006
0.62999999926 0.6086956521739131 -1.3665560483932495 0.3962429144728007
0.62999999926 0.6260869565217392 -1.1831098794937134 0.35665229144898825
0.62999999926 0.6434782608695653 -1.7155877351760864 0.5278636318600913
0.62999999926 0.6608695652173913 -1.7828216552734375 0.45871228277695064
0.62999999926 0.6782608695652174 -1.4346208572387695 0.35665229144898825
0.62999999926 0.6956521739130435 -0.8057397603988647 0.30819728494496
0.62999999926 0.7130434782608696 -0.8954923748970032 0.30819728494496
0.62999999926 0.7304347826086957 -0.9821670651435852 0.30819728494496
0.62999999926 0.7478260869565218 -0.6493149995803833 0.45871228277695064
0.62999999926 0.7652173913043478 -1.1192816495895386 0.30819728494496
0.62999999926 0.782608695652174 -0.637359082698822 0.4297163092881073
0.62999999926 0.8 -0.7053645849227905 0.45871228277695064
0.62999999926 0.8173913043478261 -0.8098915219306946 0.5071672892809789
0.62999999926 0.8347826086956522 -0.5848272442817688 0.5641389654343972
0.62999999926 0.8521739130434782 -0.7062169313430786 0.5802313071200979
0.62999999926 0.8695652173913043 -0.7617031931877136 0.5952129188088194
0.62999999926 0.8869565217391304 -0.6780176758766174 0.4842885440006413
0.62999999926 0.9043478260869565 -0.57396399974823 0.3962429144728007
0.62999999926 0.9217391304347826 -0.6621134281158447 0.6092272806089413
0.62999999926 0.9391304347826087 -0.4592098295688629 0.4297163092881073
0.62999999926 0.9565217391304348 -0.7750232815742493 0.5071672892809789
0.62999999926 0.9739130434782609 -0.48260068893432617 0.4297163092881073
0.62999999926 0.991304347826087 -0.7065080404281616 0.45871228277695064
0.62999999926 1.008695652173913 -0.6444635987281799 0.5071672892809789
0.62999999926 1.0260869565217392 -0.5160336494445801 0.35665229144898825
0.62999999926 1.0434782608695652 -0.6558066010475159 0.45871228277695064
0.62999999926 1.0608695652173914 -0.64878249168396 0.5467579123047912
0.62999999926 1.0782608695652174 -0.8006245493888855 0.4297163092881073
0.62999999926 1.0956521739130436 -0.6598423719406128 0.4297163092881073
0.62999999926 1.1130434782608696 -0.6508457660675049 0.4842885440006413
0.62999999926 1.1304347826086956 -0.571326732635498 0.5071672892809789
0.62999999926 1.1478260869565218 -0.6095473170280457 0.15768228711296944
0.62999999926 1.1652173913043478 -0.5972841382026672 0.4842885440006413
0.62999999926 1.182608695652174 -0.5648078322410583 0.24572791664081006
0.62999999926 1.2 -0.5828158855438232 0.45871228277695064
0.62999999926 1.2173913043478262 -0.6023762822151184 0.15768228711296944
0.62999999926 1.2347826086956522 -0.5360537767410278 0.35665229144898825
0.62999999926 1.2521739130434784 -0.30993130803108215 0.15768228711296944
0.62999999926 1.2695652173913043 -0.5404233336448669 0.4297163092881073
0.62999999926 1.2869565217391306 -0.6660035848617554 0.35665229144898825
0.62999999926 1.3043478260869565 -0.8395951986312866 0.15768228711296944
0.62999999926 1.3217391304347825 -0.547006368637085 0.45871228277695064
0.62999999926 1.3391304347826087 -0.6938613653182983 0.30819728494496
0.62999999926 1.3565217391304347 -0.49959734082221985 0.24572791664081006
0.62999999926 1.373913043478261 -0.7196500897407532 0.3962429144728007
0.62999999926 1.391304347826087 -0.6109352111816406 0.4842885440006413
0.62999999926 1.4086956521739131 -0.8692584037780762 0.24572791664081006
0.62999999926 1.4260869565217391 -0.395617812871933 0.007167289280978872
