desi_data/desi_elg_ts_zenodo/main-800efftime1200-oii-z-skylines-zenodo.ecsv
# %ECSV 0.9
# ---
# datatype:
# - {name: SKY_ZMIN, datatype: float64}
# - {name: SKY_ZMAX, datatype: float64}
# schema: astropy-2.0
SKY_ZMIN SKY_ZMAX
[from data line 417]
1.2938996383798282 1.295484755531116
1.3055493157457083 1.3071424829881977
1.3060802482162015 1.3076737823417384
1.310331998344957 1.3119284704881977
1.3108640034066523 1.3124608431732834
1.3113962766148068 1.312993484189914
1.311928549825644 1.3135261252092274
1.3124610911802574 1.3140590345600858
1.3129933643910943 1.3145916755767169
1.3135261738948496 1.3151248532591202
1.3140589833986054 1.3156580309442063
1.314591792905043 1.3161912086266097
1.3151248705552576 1.3167246546432403
1.3156579482081545 1.3172581006598714
1.3161912940075107 1.317791815008047
1.3167246398095496 1.3183255293589053
1.317258253755365 1.3188595120413091
1.3177918677038627 1.3193934947237125
1.3193935139914164 1.320996247770923
1.3199273960863733 1.3215304987848713
1.32046154632779 1.3220650181357296
1.3209962328674894 1.3226000741496784
1.3215306512580471 1.3231348618293994
1.3220650696486054 1.3236696495118023
1.322600024334764 1.3242049738599784
1.3231347108744638 1.3247400298739267
1.3236696655606224 1.3252753542221027
1.3242048883932407 1.3258109469018242
1.3247401112285409 1.3263465395815452
1.3252756022103003 1.3268824005954936
1.3258110931920601 1.3274182616094423
1.3263465841738196 1.3279541226233906
1.3268820751555794 1.328489983637339
1.3274181024329397 1.32902638131706
1.3279541297103008 1.329562778996781
1.328490156987661 1.330099176676502
1.329026184262339 1.3306355743562235
1.3484127275751074 1.3500355140423816
1.348953313363734 1.3505764733825107
1.34949416729882 1.3511177010568667
1.3500352893830474 1.3516591970654508
1.350576679613734 1.3522009614028967
1.3511180698471033 1.3527427257430258
1.3516594600777898 1.3532844900831544
1.3522008503084764 1.3538262544232835
1.352742508688305 1.3543682870949572
1.3532844352145923 1.3549105881008585
1.3538263617408801 1.3554528891067599
1.354368288267167 1.3559951901126612
1.3549104829425964 1.3565377594501076
1.355452945764485 1.3570805971217812
1.3570803342328328 1.3587091101394848
1.3576230652011803 1.3592522161427039
1.3581660643186693 1.3597955904801502
1.3587093315853003 1.3603392331518238
1.3657803867596567 1.3674151745278968
1.3663252629130902 1.3679604271968882
1.366870139063841 1.3685056798658795
1.367415015214592 1.369050932532189
1.3679604276636268 1.369596721866953
1.3685055719608368 1.3701422428701715
1.369050984409871 1.370688032204936
1.3695966650026823 1.3712340898712445
1.3701420774517166 1.3717798792060085
1.3706880261936694 1.3723262052092275
1.3712339749356226 1.3728725312097643
1.372872625606223 1.3745123142113735
1.3734191106437765 1.3750591768776825
1.3739655956813301 1.3756060395439915
1.3745120807188838 1.3761529022103005
1.3772474555337983 1.3788901672076177
1.3777950131625536 1.379438103205472
1.3783425707913088 1.3799860392060088
1.3788901284200645 1.3805339752038628
1.3794379541979613 1.3810821795359445
1.3821792282618026 1.383825347859442
1.382727590332618 1.384374088857296
1.3832764886990345 1.384923366520923
1.3838253870681334 1.3854726441845493
1.3843742854345495 1.386021921848176
1.3865712196432405 1.388220374168455
1.387120922454399 1.3887704568320816
1.3876706252628757 1.3893205394957078
1.3882203280740342 1.3898706221566521
1.3887702990316524 1.3904209731545065
1.390971523602468 1.3926237188009654
1.3915220308556866 1.393174606464592
1.3920728062580472 1.393725762459764
1.3926235816604078 1.3942769184549357
1.3931746252092276 1.3948283427816524
1.3937259369045063 1.3953800354425963
1.3975872639645925 1.3992440307322962
1.3981393801046136 1.3997965283932405
1.3986917643910943 1.4003492943857299
1.3992438805311158 1.4009017920466738
1.3997965329667386 1.4014548263707085
1.4014547584200643 1.4031141976824033
1.4020076790021463 1.403667500340665
1.402560867733369 1.4042210713331547
1.4031143246110513 1.4047749106598713
1.403667513342275 1.4053284816496783
1.4097635834361588 1.411428764214056
1.4103183810541844 1.4119839452065448
1.4108734468186697 1.4125393945278968
1.4114285125831545 1.4130948438519315
1.4119838464967809 1.4136505615075108
1.412539448556867 1.4142065474973173
1.413094782467811 1.414762265152897
1.4136506526770387 1.415318519474249
1.414206522883584 1.415874773795601
1.4147623930928108 1.4164310281196353
1.4153185314484982 1.4169875507725322
1.4231170713680261 1.424791479594957
1.4236753549034336 1.4253501489136267
1.4242333702950645 1.4259085499007513
1.424791653830472 1.4264672192194205
1.4259084890531115 1.4275848261909871
1.426467040737661 1.428143763843884
1.427025860571352 1.428702969828326
1.4275849485515022 1.4292624441469957
1.4281440365316524 1.429821918462983
1.438228535700107 1.439913386164163
1.4387900370091202 1.44047527548015
1.4393515383208157 1.4410371647934546
1.4404750772344421 1.442161480091202
1.4410373829881973 1.442724174404506
1.4415994205928113 1.443286600386266
1.4421617263465665 1.4438492946995707
1.454564094340129 1.4562602329077254
1.4551293497183475 1.4568258788841204
1.4556948732430262 1.4573917931947427
1.4562603967703867 1.457957707505365
1.4568259202950644 1.4585236218159872
1.4573917119688842 1.4590898044581544
1.4721476124356223 1.47385590146191
1.4738559815101935 1.4755654510434546
1.4744257953996782 1.47613565868294
1.4910037595708152 1.4927250784629829
1.4927252678862661 1.494447776362661
1.4944478487902364 1.496171547593884
1.4950222211883046 1.496746316893777
1.4955965935890556 1.4973210861936694
1.4961715022854079 1.4978963921593347
1.496746142832618 1.4984714297907726
1.4973210515289699 1.4990467357564374
1.4978964965182406 1.4996225783878758
1.4984716733610512 1.5001981526877683
1.4990468502038627 1.5007737269849786
1.4996225633449574 1.5013498379506438
1.5001980083342277 1.5019256805820813
1.5007737214726395 1.5025017915450642
1.5013497027601934 1.5030781708449568
1.5019256840450645 1.5036545501421674
1.5025019334790772 1.5042311977709226
1.50307818291309 1.5048078454023606
1.5036547004962446 1.5053847613653435
1.5042312180767166 1.5059616773283264
1.5048077356598708 1.5065385932939916
1.5053845213868025 1.5071157775885191
1.505961575265558 1.507693230219957
1.5065386291416312 1.5082706828487122
1.5123169441979614 1.5140529907993558
1.5128953388116955 1.5146317850965665
1.5134740015772534 1.5152108477226398
1.514052932486588 1.51579017868294
1.5146318633986056 1.5163695096432401
1.5152107943106223 1.5169488406035407
1.5157899933690988 1.5175284398980686
1.516369460574034 1.5181083075241415
1.5169489277816521 1.5186881751502148
1.5210089522961372 1.522751005198498
1.5215894920922746 1.5233319461587986
1.5221703000375535 1.5239131554506438
1.525075680501609 1.5268205435729616
1.5256572928889485 1.5274025578621244
1.5262389052789702 1.52798457215397
1.5268205176663088 1.5285665864431328
1.5274023982027893 1.529148869069206
1.5297315292328326 1.531479609560086
1.5303139460622321 1.5320624288492488
1.530896631043455 1.5326455164726394
1.5314793160219957 1.53322860409603
1.5320625372961372 1.5338122283851932
1.5326454904238198 1.5343955843401287
1.5332287116979613 1.534979208629292
1.5355629375348712 1.5373150474490345
1.5361466951046134 1.5378992084039695
1.536730988969957 1.5384839060246782
1.537315014686159 1.5390683353111592
1.537899576700644 1.5396533012660947
1.540237824753219 1.5419931650804721
1.540822923060622 1.5425786676984976
1.5414080213680257 1.5431641703192063
1.5419933878245708 1.5437499412714595
1.542578754281116 1.5443357122237122
1.5431641207376612 1.544921483175966
1.5472665125885197 1.5490267098390555
1.5478532197854076 1.5496138224570815
1.5484399269796136 1.5502009350751074
1.5490269023229613 1.5507883160273606
1.5496138776636266 1.5513756969769315
1.5519631197719956 1.5537265624463519
1.5525508995574038 1.5543147483959228
1.553138679342811 1.5549029343454936
1.5537267272773607 1.555491388626609
1.5543145070627684 1.55607957457618
1.5607926876475324 1.5625622316765022
1.5613823444662014 1.563152295957618
1.5619722694340128 1.563742628570279
1.5625621944018242 1.5643329611856225
1.5631521193696352 1.5649232937982833
1.563742580630365 1.5655141630793987
1.5643327737473172 1.5661047640262877
1.564923503157189 1.5666959016389486
1.5655142325670601 1.5672870392516094
1.5661049619769312 1.5678781768642702
1.5666959595359446 1.5684695828084765
1.5672869570949572 1.569060988755365
1.5755762073283264 1.5773559669796136
1.5761693500670604 1.577949519589592
1.5767624928084762 1.578543072199571
1.5773559036963523 1.5791368931410945
1.577949582730687 1.5797309824168457
1.5791369408020386 1.5809191609683477
1.5797308879828327 1.5815135185783262
1.5803251033154506 1.5821081445198497
1.5809193186453863 1.5827027704613736
1.581513533975322 1.5832973964028971
1.5916382553004293 1.5934291140557941
1.5922351521083695 1.5940264233261803
1.5928320489163088 1.5946237325992487
1.593429213873391 1.5952213102038626
1.594026646976931 1.5958191561427038
1.5946238119313305 1.5964167337473176
1.595221245034871 1.5970145796834765
1.5958189462848713 1.597612693956545
1.5964169156840127 1.5982110765584765
1.5970146169340125 1.5988091908315454
1.5976128544822958 1.5994078417677038
1.598211092027897 1.6000064927038626
1.5988093295734975 1.6006051436427038
1.599407567121781 1.6012037945788626
1.6000063409629828 1.6018029821807938
1.6006051148041847 1.6024021697854076
1.601203888645386 1.6030013573873392
1.6018029306357295 1.603600813323498
1.602401972626073 1.6042002692596564
1.6036008610488195 1.605399986131974
1.6042004393320815 1.6059999787339057
1.6048000176180257 1.6065999713358372
1.6054001321968885 1.6072005006035406
1.6059999786292916 1.6078007615370171
1.606600093210837 1.6084012908074037
1.6072002077923822 1.609001820075107
1.6078008586668457 1.6096028860085836
1.6084012413948496 1.6102036836105151
1.6102037303192058 1.6120074180767165
1.6108046493428114 1.6126087523444204
1.6114061046593346 1.6132106232778969
1.6120072918320818 1.6138122258771457
1.6126087471512878 1.6144140968106222
1.6132104706169526 1.615016236078326
1.6138124622317598 1.6156186436775752
1.614414185697425 1.6162207829425963
1.6240640174248924 1.6258772828406651
1.6246681542221033 1.6264818371030043
1.6252725591657722 1.6270866596995708
1.6258772322559012 1.6276917506276827
1.6264819053487125 1.6282968415557941
1.627086578438841 1.6289019324865879
1.6276915196781117 1.629507291748927
1.6282967290665238 1.6301129193428108
1.6289022065987124 1.6307188152709227
1.6295074159871241 1.6313244428674896
1.630112893521996 1.631930338795601
1.6307186392033262 1.6325365030552579
1.6313243848873387 1.6331426673175966
1.6319303987151286 1.6337490999114803
1.6325366806947428 1.6343558008395922
1.6331429626716738 1.6349625017650213
1.640428536019313 1.6422531095466737
1.641036695029506 1.6428616888036478
1.641644854042382 1.6434702680633047
1.6422530130525752 1.6440788473202792
1.6459059893401284 1.647734347864807
1.6465154890906653 1.648344268790236
1.64712472069206 1.6489539213787552
1.6477342204425969 1.6495638423041843
1.648343988339592 1.650174031558476
1.6489537562392704 1.6507842208154506
1.652005545354077 1.6538381187607296
1.6526161176958154 1.6544491130150214
1.653226958184013 1.655060375603541
1.653838066821352 1.655671906523605
1.654449175456009 1.6562834374463518
1.6550602840933477 1.6568949683664163
1.6568949507430255 1.658730902797747
1.6575068638224248 1.6593432387178115
1.658119045048283 1.659955842969421
1.6587309581276823 1.660568178889485
1.659343407502682 1.6611810514780045
1.659955856880365 1.6617939240638413
1.6605683062553647 1.662406796649678
1.6648600103916307 1.6667014664163093
1.6654738005042917 1.667315680665236
1.666087590619635 1.6679298949168455
1.6667013807322961 1.668544109168455
1.667315707140558 1.6691588600858371
1.6679300335515022 1.6697736110032189
1.668544359959764 1.670388361920601
1.6691586863680254 1.6710031128379832
1.6697735490745709 1.6716184004211372
1.670388143629292 1.672233419672747
1.6710032744822962 1.6728489755901288
1.6716184053353005 1.6734645315048287
1.6722335361883047 1.6740800874222104
1.6728489351877682 1.674695911671137
1.6734646023363733 1.675312004254292
1.674080269482296 1.675928096834764
1.6746959366309015 1.6765441894179185
1.6753118719259659 1.677160550332618
1.6759278072210302 1.67777691125
1.6820965453460301 1.6839499120708155
1.6827143576716739 1.6845681513143775
1.6833319018508588 1.6851861222103004
1.6839499823229618 1.6858046298015026
1.6845680628218882 1.6864231373658796
1.685186411427039 1.6870419132778967
1.6858044919259654 1.6876604208690988
1.6864231086909873 1.6882794651019317
1.6870417254560088 1.688898509361588
1.687660610380901 1.6895178219420601
1.6882794953057938 1.6901371345225322
1.6888983802306865 1.6907564471030043
1.6895178014216738 1.691376296351931
1.6901369545064377 1.6919958772532189
1.6932362057671675 1.6950972701448501
1.6938561632778972 1.6957176560622318
1.6975804668454937 1.6994445331813304
1.6982017651019312 1.7000662607564379
1.6988230633583692 1.7006879883315449
1.699444629747854 1.7013099842274677
1.7025543387607298 1.7044218421137338
1.703176441469957 1.7050443746781117
1.703799080445279 1.705667443910944
1.7044214512875535 1.7062902448229615
1.7050443584227466 1.7069135824034336
1.7056672655579397 1.7075369199839052
1.7087842145654508 1.710656022854077
1.7094079261534336 1.7112801654238194
1.7100319058744637 1.7119045763143776
1.7106558855954934 1.7125289872317597
1.7137784657188844 1.7156537250804722
1.714403518025751 1.7162792093347639
1.7150285703594421 1.7169046935622316
1.7156538908261805 1.717530446137339
1.7162792112929184 1.718156198712446
1.7225409966738194 1.724422311051502
1.7231679260193133 1.725049673631974
1.7237948553648068 1.725677036212446
1.726304717945279 1.7281886331276826
1.7269327199034334 1.7288170690450646
1.727560453701717 1.7294452366148065
1.7281887237929183 1.7300739408530044
1.7288169938572961 1.7307026450643774
1.729445532108369 1.7313316176502145
1.7313314149678112 1.7332188036748928
1.7319604895118021 1.7338483129023605
1.7325895640289697 1.7344778221298283
1.7332186385729615 1.7351073313841199
1.7338482494098715 1.735737377280043
1.7363674971566523 1.7382583658530044
1.7369976442864807 1.738888948444206
1.7376277914163092 1.7395195310085838
1.7382582066791845 1.740150381893777
1.7388888901019315 1.7407815011266092
1.739519573524678 1.741412620359442
1.7414126963519316 1.743307051368026
1.7420439160675967 1.7439387072693133
1.742675403943133 1.7445706315182403
1.7433068918186696 1.7452025557403434
1.7439386478272536 1.7458347483100858
1.7445704038358367 1.7464669408530042
1.7566040687231763 1.758508921190987
1.7572390424892705 1.759144333744635
1.757874016282189 1.7597797462982832
1.7585089900751072 1.7604151588519312
1.759144232001073 1.761050839753219
1.7597797420869097 1.7616867889753216
1.7604152521459229 1.7623227381974251
1.76105076223176 1.7629586874195278
1.761686808610515 1.7635951733100859
1.7623228549892702 1.7642316592006435
1.7648681130633044 1.7667786760997855
1.7655046957349785 1.767415698658798
1.774434014565451 1.7763511877682405
1.7750730105686694 1.7769906253218886
1.7757120065450644 1.7776300628755362
1.7808298737929182 1.7827514666309012
1.7814702105418458 1.7833922458422746
1.7821108154238199 1.7840332934012877
1.7827514203057944 1.7846743409603003
1.7833922933208153 1.7853156568401287
1.784033166362661 1.7859569727199571
1.7846743075375535 1.7865985569474248
1.7853157168723177 1.7872404094957082
1.785957126207082 1.7878822620439916
1.7865985355418452 1.788524114592275
1.7872402130096567 1.7891662354881972
1.787882158637339 1.7898086247049356
1.7885241042650213 1.7904510139216736
1.7891663180257509 1.7910936714592278
1.7898087999463517 1.7917365973444204
1.7904510137070813 1.7923792549087985
1.7910937637875537 1.7930224491148068
1.808499768079399 1.8104404812231762
1.8091465403701719 1.8110877004291845
1.8097935807939916 1.8117351879828325
1.8104406212446356 1.812382675509657
1.8110876616684553 1.813030163063305
1.811735238385193 1.813678187285408
1.8123825469688843 1.8143259431598713
1.8130303918454933 1.8149742357027896
1.8136782367221027 1.8156225282457084
1.8143260815987126 1.8162708207886267
1.8149741946083693 1.8169193816523603
