desi_data/desi_elg_ts_zenodo/main-200efftime1600-0.6z1.6-oii-dchi2-meanz-zenodo.ecsv
# %ECSV 0.9
# ---
# datatype:
# - {name: LOG10_DELTACHI2, datatype: float64}
# - {name: LOG10_FOII_SNR, datatype: float64}
# - {name: MEAN_Z, datatype: float64}
# - {name: ALPHA, datatype: float64}
# schema: astropy-2.0
LOG10_DELTACHI2 LOG10_FOII_SNR MEAN_Z ALPHA
-1.000000006 0.1785714285714286 0.12175455889886645 0.0
-1.000000006 0.607142857142857 1.4420750283896482 0.0
-1.000000006 0.7142857142857142 1.0795438493778124 0.0
-1.000000006 0.8214285714285714 1.5966630156994381 0.0
-1.000000006 0.9285714285714284 0.9564680565720735 0.0
-0.88000000576 0.5 1.0707951786533834 0.0
-0.88000000576 0.7142857142857142 1.6117114833514623 0.0
-0.88000000576 0.9285714285714284 1.1059774667117173 0.0
-0.76000000552 0.2857142857142856 0.9113176260514868 0.0
-0.76000000552 0.7142857142857142 1.5165450891342864 0.0
-0.76000000552 1.0357142857142856 1.5698471761728996 0.0
-0.6400000052800001 0.3928571428571428 0.1518301313077342 0.0
-0.6400000052800001 0.607142857142857 1.3484849490416373 0.0
-0.6400000052800001 0.7142857142857142 1.4294717243702544 0.0
-0.6400000052800001 0.8214285714285714 1.5777210200760796 0.0
-0.6400000052800001 1.1428571428571428 1.3454217648267663 0.0
-0.5200000050400001 0.3928571428571428 0.061683941223321256 0.0
-0.5200000050400001 0.5 1.289852333164256 0.0
-0.5200000050400001 0.607142857142857 1.1434625341348663 0.0
-0.5200000050400001 0.7142857142857142 1.3987236867204664 0.0
-0.5200000050400001 0.8214285714285714 1.303817099662616 0.0
-0.5200000050400001 0.9285714285714284 1.0985065075486604 0.0
-0.5200000050400001 1.0357142857142856 1.2986173452982746 0.0
-0.4000000048000001 0.5 1.0407965314454275 0.0
-0.4000000048000001 0.607142857142857 1.237200247755681 0.0
-0.4000000048000001 0.7142857142857142 1.2776197606386208 0.0
-0.4000000048000001 0.8214285714285714 1.1235192298511856 0.0
-0.4000000048000001 0.9285714285714284 1.465135810460964 0.0
-0.4000000048000001 1.0357142857142856 1.3100361918169117 0.0
-0.4000000048000001 1.1428571428571428 1.2885341562012633 0.0
-0.2800000045600002 0.2857142857142856 1.0335940708654876 0.0
-0.2800000045600002 0.3928571428571428 0.12986882359443486 0.0
-0.2800000045600002 0.607142857142857 1.490482562936793 0.0
-0.2800000045600002 0.8214285714285714 1.2547917623305502 0.0
-0.2800000045600002 0.9285714285714284 1.4333799150518047 0.0
-0.2800000045600002 1.1428571428571428 1.3452742829986584 0.0
-0.16000000432000017 0.1785714285714286 0.12811748065585823 0.0
-0.16000000432000017 0.2857142857142856 0.10264822773937146 0.0
-0.16000000432000017 0.3928571428571428 0.12982585352226703 0.0
-0.16000000432000017 0.5 0.9683821588779489 0.0
-0.16000000432000017 0.607142857142857 1.479624630381347 0.0
-0.16000000432000017 0.7142857142857142 1.3580099021644139 0.0
-0.16000000432000017 0.8214285714285714 1.4810472904298486 0.0
-0.16000000432000017 0.9285714285714284 1.158294338613901 0.0
-0.16000000432000017 1.0357142857142856 1.522586126780461 0.0
-0.16000000432000017 1.25 1.2937645489511478 0.0
-0.04000000408000015 0.0714285714285714 1.2976662911566654 0.0
-0.04000000408000015 0.1785714285714286 0.09376175932697728 0.0
-0.04000000408000015 0.3928571428571428 1.2075521882137397 0.0
-0.04000000408000015 0.5 1.307051544811006 0.0
-0.04000000408000015 0.607142857142857 1.4348854092315995 0.0
-0.04000000408000015 0.7142857142857142 1.3623505718859874 0.17629653635373438
-0.04000000408000015 0.8214285714285714 1.4029821624001053 0.025781538521743808
-0.04000000408000015 0.9285714285714284 1.3503376490483732 0.025781538521743808
-0.04000000408000015 1.0357142857142856 1.3787972693940675 0.08825090682589382
-0.04000000408000015 1.1428571428571428 1.2825267225851846 0.0
-0.04000000408000015 1.25 1.2888027616355044 0.0
0.07999999615999975 -0.6785714285714286 0.017022917990871647 0.0
0.07999999615999975 -0.03571428571428581 -0.0003164951072845376 0.0
0.07999999615999975 0.0714285714285714 0.8893662163371807 0.0
0.07999999615999975 0.1785714285714286 1.4436931153338701 0.0
0.07999999615999975 0.2857142857142856 0.8597154372161917 0.0
0.07999999615999975 0.3928571428571428 1.349985708847522 0.0
0.07999999615999975 0.5 1.4116494903145187 0.025781538521743808
0.07999999615999975 0.607142857142857 1.3469858558946974 0.20976993116904097
0.07999999615999975 0.7142857142857142 1.4002059893134375 0.1936775894833404
0.07999999615999975 0.8214285714285714 1.329310191509313 0.1936775894833404
0.07999999615999975 0.9285714285714284 1.2927762034429402 0.1936775894833404
0.07999999615999975 1.0357142857142856 1.4324818141467999 0.0
0.07999999615999975 1.1428571428571428 1.5707618769609697 0.0
0.19999999639999988 -0.03571428571428581 0.09823329756565521 0.0
0.19999999639999988 0.0714285714285714 0.10521347922787433 0.0
0.19999999639999988 0.2857142857142856 0.6534140341637987 0.0
0.19999999639999988 0.3928571428571428 0.13554672559974734 0.0
0.19999999639999988 0.5 1.2596220300404286 0.025781538521743808
0.19999999639999988 0.607142857142857 1.2838580926142455 0.136705913329922
0.19999999639999988 0.7142857142857142 1.3284952257624791 0.17629653635373438
0.19999999639999988 0.8214285714285714 1.3034475855489862 0.1574022559090345
0.19999999639999988 0.9285714285714284 1.3817237956114345 0.1574022559090345
0.19999999639999988 1.0357142857142856 1.31527003099422 0.08825090682589382
0.19999999639999988 1.1428571428571428 1.2748363295050142 0.0
0.3199999966399998 -0.1428571428571429 1.2605124781169084 0.0
0.3199999966399998 -0.03571428571428581 0.09417134048613512 0.0
0.3199999966399998 0.0714285714285714 1.4995421911337043 0.0
0.3199999966399998 0.3928571428571428 1.324863372833289 0.0
0.3199999966399998 0.5 0.991245136946575 0.11382716804958443
0.3199999966399998 0.607142857142857 1.2527728389432113 0.264342165881575
0.3199999966399998 0.7142857142857142 1.2285115262205166 0.25193037401905893
0.3199999966399998 0.8214285714285714 1.431533552875559 0.20976993116904097
0.3199999966399998 0.9285714285714284 1.3382408424632664 0.20976993116904097
0.3199999966399998 1.0357142857142856 1.3402526184523305 0.1574022559090345
0.3199999966399998 1.1428571428571428 1.3414284293286105 0.0
0.4399999968799997 -0.1428571428571429 0.16938436480395141 0.0
0.4399999968799997 -0.03571428571428581 0.7867443359077977 0.0
0.4399999968799997 0.0714285714285714 0.09106469101967972 0.0
0.4399999968799997 0.1785714285714286 1.0017907690936885 0.0
0.4399999968799997 0.2857142857142856 0.4871344702607877 0.0
0.4399999968799997 0.3928571428571428 0.6642626488280917 0.0
0.4399999968799997 0.5 1.2068732730982052 0.0
0.4399999968799997 0.607142857142857 1.2072115466462194 0.25193037401905893
0.4399999968799997 0.7142857142857142 1.37689785855969 0.3356759176659408
0.4399999968799997 0.8214285714285714 1.3753355592286465 0.40244537185104956
0.4399999968799997 0.9285714285714284 1.3275817950297129 0.35238779540941567
0.4399999968799997 1.0357142857142856 1.277498681965958 0.08825090682589382
0.4399999968799997 1.1428571428571428 1.2537935128516315 0.0592549333370504
0.4399999968799997 1.25 1.2744973520518112 0.0
0.5599999971199998 0.0714285714285714 1.2483708626288292 0.0
0.5599999971199998 0.1785714285714286 0.319490133411334 0.0
0.5599999971199998 0.2857142857142856 0.8478069035940126 0.0
0.5599999971199998 0.3928571428571428 0.7026333822846376 0.0592549333370504
0.5599999971199998 0.5 1.2560376238393576 0.0
0.5599999971199998 0.607142857142857 1.267537544795139 0.264342165881575
0.5599999971199998 0.7142857142857142 1.2886082682861346 0.4322382168431716
0.5599999971199998 0.8214285714285714 1.3415865757222951 0.4208067753634195
0.5599999971199998 0.9285714285714284 1.3374873782232817 0.3602849290010316
0.5599999971199998 1.0357142857142856 1.3383906056912236 0.2760827138063364
0.5599999971199998 1.1428571428571428 1.3822975759144445 0.0
0.5599999971199998 1.25 1.3479195047082753 0.0
0.5599999971199998 1.3571428571428572 1.298406362979172 0.0
0.6799999973599997 -0.25 1.2595166180502022 0.0
0.6799999973599997 -0.1428571428571429 0.9636424883984578 0.0
0.6799999973599997 -0.03571428571428581 0.07685498855345568 0.0
0.6799999973599997 0.0714285714285714 0.08045756675059498 0.0
0.6799999973599997 0.2857142857142856 0.8876633872310462 0.025781538521743808
0.6799999973599997 0.3928571428571428 1.0789452187375523 0.08825090682589382
0.6799999973599997 0.5 1.0044048273391952 0.1936775894833404
0.6799999973599997 0.607142857142857 1.1871852723473773 0.39596288326886575
0.6799999973599997 0.7142857142857142 1.3020441992403828 0.5107999268330222
0.6799999973599997 0.8214285714285714 1.2735021518138996 0.4430978416897897
0.6799999973599997 0.9285714285714284 1.285993655115092 0.4483305585288722
0.6799999973599997 1.0357142857142856 1.3365180007134743 0.3602849290010316
0.6799999973599997 1.1428571428571428 1.3974748776407697 0.11382716804958443
0.6799999973599997 1.25 1.2754959131442714 0.0
0.7999999975999998 -0.1428571428571429 0.08025712848951015 0.0
0.7999999975999998 -0.03571428571428581 0.06031439908208703 0.0
0.7999999975999998 0.0714285714285714 0.5427080633490522 0.0
0.7999999975999998 0.1785714285714286 0.3735987748693278 0.0
0.7999999975999998 0.2857142857142856 0.6929816019486482 0.1574022559090345
0.7999999975999998 0.3928571428571428 0.5133045961241999 0.0592549333370504
0.7999999975999998 0.5 1.0129387811564852 0.2387659046578844
0.7999999975999998 0.607142857142857 1.2544487984777857 0.4377359089939032
0.7999999975999998 0.7142857142857142 1.3005415966328948 0.5431625916513498
0.7999999975999998 0.8214285714285714 1.3273239174031284 0.6089472494050063
0.7999999975999998 0.9285714285714284 1.3152435661589152 0.5329017580790489
0.7999999975999998 1.0357142857142856 1.303061123363062 0.46331217021759385
0.7999999975999998 1.1428571428571428 1.3459038005986694 0.2387659046578844
0.7999999975999998 1.25 1.4329684819728714 0.0
0.7999999975999998 1.3571428571428572 1.2985210181693463 0.0
0.9199999978399998 -0.25 1.6130717336035565 0.0
0.9199999978399998 -0.03571428571428581 0.8368011274148472 0.0
0.9199999978399998 0.0714285714285714 0.0031421238404268025 0.0
0.9199999978399998 0.1785714285714286 0.7070600534393024 0.11382716804958443
0.9199999978399998 0.2857142857142856 0.6115485828165843 0.0
0.9199999978399998 0.3928571428571428 0.8071990988152857 0.20976993116904097
0.9199999978399998 0.5 1.01448332938126 0.35238779540941567
0.9199999978399998 0.607142857142857 1.2161886185943183 0.5146433411661677
0.9199999978399998 0.7142857142857142 1.2808812795818068 0.6162266094904688
0.9199999978399998 0.8214285714285714 1.3340412073423755 0.6613149246650127
0.9199999978399998 0.9285714285714284 1.3130587533502653 0.6209473876068896
0.9199999978399998 1.0357142857142856 1.2960703334936015 0.5561304586985496
0.9199999978399998 1.1428571428571428 1.304588681349775 0.344192587315331
0.9199999978399998 1.25 1.3552394830742784 0.08825090682589382
0.9199999978399998 1.3571428571428572 1.4357547369769845 0.0
1.0399999980799999 -0.3571428571428572 0.580149699747725 0.0
1.0399999980799999 -0.25 1.2078016646873957 0.0
1.0399999980799999 -0.1428571428571429 0.07167283356383244 0.0
1.0399999980799999 -0.03571428571428581 0.258371130215692 0.0
1.0399999980799999 0.0714285714285714 0.36808232008639924 0.025781538521743808
1.0399999980799999 0.1785714285714286 0.8559700029953728 0.0592549333370504
1.0399999980799999 0.2857142857142856 0.5432026247231367 0.264342165881575
1.0399999980799999 0.3928571428571428 0.45731466591231856 0.17629653635373438
1.0399999980799999 0.5 0.9898180786452594 0.35238779540941567
1.0399999980799999 0.607142857142857 1.187120461334007 0.40244537185104956
1.0399999980799999 0.7142857142857142 1.2418127613760341 0.6574022559090344
1.0399999980799999 0.8214285714285714 1.3196339189757744 0.7569805374712218
1.0399999980799999 0.9285714285714284 1.30283539860061 0.7113154696576119
1.0399999980799999 1.0357142857142856 1.328473777129234 0.6278415298497062
1.0399999980799999 1.1428571428571428 1.3338175609399243 0.46808482917070904
1.0399999980799999 1.25 1.3113675848135626 0.0
1.1599999983199996 -0.4642857142857143 0.8917544860573524 0.0
1.1599999983199996 -0.3571428571428572 1.0097310478959112 0.0
1.1599999983199996 -0.25 0.15803776486104676 0.0
1.1599999983199996 -0.03571428571428581 0.034152482533894676 0.0
1.1599999983199996 0.0714285714285714 0.883215608961416 0.0
1.1599999983199996 0.1785714285714286 0.6305001216670675 0.1574022559090345
1.1599999983199996 0.2857142857142856 0.6007322643647538 0.2247515428577626
1.1599999983199996 0.3928571428571428 0.5848033119547147 0.1936775894833404
1.1599999983199996 0.5 0.8385206077943439 0.4087399355050598
1.1599999983199996 0.607142857142857 1.1579975522330719 0.5184199101113907
1.1599999983199996 0.7142857142857142 1.2218467217215643 0.6886077738079004
1.1599999983199996 0.8214285714285714 1.3309600024709902 0.7861324515347753
1.1599999983199996 0.9285714285714284 1.2843617755328018 0.8356759176659407
1.1599999983199996 1.0357142857142856 1.321287263856148 0.7414634206012375
1.1599999983199996 1.1428571428571428 1.3125286164021635 0.5683673433901499
1.1599999983199996 1.25 1.3423584209863857 0.1936775894833404
1.1599999983199996 1.3571428571428572 1.3624053809915142 0.0
1.2799999985599997 -0.7857142857142857 0.04713830761909327 0.0
1.2799999985599997 -0.6785714285714286 0.7803722418063361 0.0
1.2799999985599997 -0.5714285714285714 0.12188755444604103 0.0
1.2799999985599997 -0.3571428571428572 0.1745531559055079 0.0
1.2799999985599997 -0.25 0.20560682684713952 0.0
1.2799999985599997 -0.1428571428571429 0.552984377568541 0.0
1.2799999985599997 -0.03571428571428581 0.7085753144121275 0.0
1.2799999985599997 0.0714285714285714 0.39415647124660935 0.11382716804958443
1.2799999985599997 0.1785714285714286 0.33990152088935166 0.136705913329922
1.2799999985599997 0.2857142857142856 0.31377220886708906 0.08825090682589382
1.2799999985599997 0.3928571428571428 0.5229351814962886 0.2387659046578844
1.2799999985599997 0.5 0.8503436177830517 0.4208067753634195
1.2799999985599997 0.607142857142857 1.099671576541501 0.5464778811008564
1.2799999985599997 0.7142857142857142 1.1805552537503103 0.7097699311690411
1.2799999985599997 0.8214285714285714 1.249674208100464 0.8356759176659407
1.2799999985599997 0.9285714285714284 1.2807527176340987 0.8979280300830819
1.2799999985599997 1.0357142857142856 1.3066288189276103 0.8679049122794
1.2799999985599997 1.1428571428571428 1.346813124226763 0.6534177910733968
1.2799999985599997 1.25 1.3043087856849491 0.46331217021759385
1.2799999985599997 1.3571428571428572 1.2910702421723435 0.0592549333370504
1.3999999987999998 -0.5714285714285714 0.12178388658802981 0.0
1.3999999987999998 -0.3571428571428572 0.08033517169826215 0.0
1.3999999987999998 -0.25 1.2659675055313986 0.0
1.3999999987999998 -0.1428571428571429 0.2431344982585346 0.0
1.3999999987999998 -0.03571428571428581 0.09711467432460823 0.0
1.3999999987999998 0.0714285714285714 0.47344207878920597 0.11382716804958443
1.3999999987999998 0.1785714285714286 0.32328781808743623 0.136705913329922
1.3999999987999998 0.2857142857142856 0.27248396424915006 0.264342165881575
1.3999999987999998 0.3928571428571428 0.38624545523165393 0.3079172537410251
1.3999999987999998 0.5 0.6616015181467976 0.4087399355050598
1.3999999987999998 0.607142857142857 1.0114130674064148 0.46331217021759385
1.3999999987999998 0.7142857142857142 1.1103516699964753 0.6798858286672961
1.3999999987999998 0.8214285714285714 1.2143212809422312 0.8563722602450533
1.3999999987999998 0.9285714285714284 1.25513931689125 0.9478129248130697
1.3999999987999998 1.0357142857142856 1.2823062880280018 0.9237215471937814
1.3999999987999998 1.1428571428571428 1.3204128368960801 0.8304008264992867
1.3999999987999998 1.25 1.323341311681267 0.4947075851473216
1.3999999987999998 1.3571428571428572 1.3726496550128966 0.1574022559090345
1.5199999990399995 -0.4642857142857143 0.08026703113013615 0.0
1.5199999990399995 -0.3571428571428572 0.1298185732204654 0.0
1.5199999990399995 -0.25 0.0693134125414584 0.0
1.5199999990399995 -0.03571428571428581 0.4285114355502832 0.0592549333370504
1.5199999990399995 0.0714285714285714 0.40489637980905874 0.17629653635373438
1.5199999990399995 0.1785714285714286 0.2343347482742451 0.1574022559090345
1.5199999990399995 0.2857142857142856 0.19959697742676968 0.2387659046578844
