desi_data/desi_elg_ts_zenodo/main-hsczphot-scatter-zenodo.ecsv
# %ECSV 0.9
# ---
# datatype:
# - {name: ZPHOT, datatype: float64}
# - {name: ZSPEC, datatype: float64}
# - {name: LOG10_RISK_MEAN, datatype: float64}
# - {name: ALPHA, datatype: float64}
# schema: astropy-2.0
ZPHOT ZSPEC LOG10_RISK_MEAN ALPHA
[from data line 7966]
1.3100000006200003 1.0434782608695652 -0.9500837326049805 0.24572791664081006
1.3100000006200003 1.0608695652173914 -0.6182636022567749 0.35665229144898825
1.3100000006200003 1.0782608695652174 -0.491265207529068 0.24572791664081006
1.3100000006200003 1.0956521739130436 -0.6411410570144653 0.4842885440006413
1.3100000006200003 1.1130434782608696 -0.8565676808357239 0.30819728494496
1.3100000006200003 1.1304347826086956 -0.8183035850524902 0.5071672892809789
1.3100000006200003 1.1478260869565218 -0.7902097702026367 0.5071672892809789
1.3100000006200003 1.1652173913043478 -0.7698000073432922 0.6576822871129695
1.3100000006200003 1.182608695652174 -0.9014800786972046 0.5071672892809789
1.3100000006200003 1.2 -0.9615092873573303 0.6880312072897753
1.3100000006200003 1.2173913043478262 -1.0636341571807861 0.8337735461686506
1.3100000006200003 1.2347826086956522 -1.0412671566009521 0.7912681513144764
1.3100000006200003 1.2521739130434784 -1.0757932662963867 0.7853185396646225
1.3100000006200003 1.2695652173913043 -1.2027106285095215 0.8888812860624475
1.3100000006200003 1.2869565217391306 -1.302416443824768 0.953214590626219
1.3100000006200003 1.3043478260869565 -1.371019959449768 1.0
1.3100000006200003 1.3217391304347825 -1.358920693397522 1.0
1.3100000006200003 1.3391304347826087 -1.3253659009933472 1.0
1.3100000006200003 1.3565217391304347 -1.3095195293426514 1.0
1.3100000006200003 1.373913043478261 -1.3107528686523438 1.0
1.3100000006200003 1.391304347826087 -1.176466703414917 0.941783149146467
1.3100000006200003 1.4086956521739131 -1.0876362323760986 0.923421745634097
1.3100000006200003 1.4260869565217391 -1.0077158212661743 0.860952377329947
1.3100000006200003 1.4434782608695653 -1.030745267868042 0.8288936275240726
1.3100000006200003 1.4608695652173913 -0.9465415477752686 0.7970590875893839
1.3100000006200003 1.4782608695652175 -0.8327381610870361 0.6465440897573933
1.3100000006200003 1.4956521739130435 -0.7456819415092468 0.5278636318600913
1.3100000006200003 1.5130434782608695 -0.6311657428741455 0.35665229144898825
1.3100000006200003 1.5304347826086957 -0.5465912818908691 0.35665229144898825
1.3100000006200003 1.5478260869565217 -0.3837704360485077 0.5071672892809789
1.3100000006200003 1.565217391304348 -0.5726125836372375 0.3962429144728007
1.3100000006200003 1.5826086956521739 -0.3750467598438263 0.4297163092881073
1.3100000006200003 1.6 -0.4104456901550293 0.30819728494496
1.3100000006200003 1.617391304347826 -0.4615076780319214 0.30819728494496
1.3200000006400003 0.08695652173913043 -0.4201264977455139 0.007167289280978872
1.3200000006400003 0.1565217391304348 -0.2228294461965561 0.007167289280978872
1.3200000006400003 0.3652173913043478 -1.2848925590515137 0.007167289280978872
1.3200000006400003 0.6434782608695653 -0.342725545167923 0.007167289280978872
1.3200000006400003 0.6608695652173913 -0.38122469186782837 0.15768228711296944
1.3200000006400003 0.6956521739130435 -0.2404005080461502 0.007167289280978872
1.3200000006400003 0.7130434782608696 -0.40183109045028687 0.007167289280978872
1.3200000006400003 0.7304347826086957 -0.31336459517478943 0.007167289280978872
1.3200000006400003 0.7652173913043478 -1.0998904705047607 0.15768228711296944
1.3200000006400003 0.782608695652174 -0.13718311488628387 0.007167289280978872
1.3200000006400003 0.8 -1.0747507810592651 0.007167289280978872
1.3200000006400003 0.8173913043478261 -0.732086718082428 0.24572791664081006
1.3200000006400003 0.8347826086956522 -1.2770551443099976 0.007167289280978872
1.3200000006400003 0.8521739130434782 -0.7577780485153198 0.30819728494496
1.3200000006400003 0.8695652173913043 -0.695932924747467 0.3962429144728007
1.3200000006400003 0.8869565217391304 -0.5632081031799316 0.35665229144898825
1.3200000006400003 0.9043478260869565 -1.0755667686462402 0.007167289280978872
1.3200000006400003 0.9217391304347826 -0.4959256649017334 0.15768228711296944
1.3200000006400003 0.9391304347826087 -0.19247543811798096 0.007167289280978872
1.3200000006400003 0.9565217391304348 -1.2481118440628052 0.007167289280978872
1.3200000006400003 0.9739130434782609 -0.48545682430267334 0.30819728494496
1.3200000006400003 0.991304347826087 -0.6105688810348511 0.30819728494496
1.3200000006400003 1.008695652173913 -0.7840182781219482 0.3962429144728007
1.3200000006400003 1.0260869565217392 -0.861376941204071 0.24572791664081006
1.3200000006400003 1.0434782608695652 -0.5907906889915466 0.3962429144728007
1.3200000006400003 1.0608695652173914 -0.6811630129814148 0.4842885440006413
1.3200000006400003 1.0782608695652174 -0.739802896976471 0.3962429144728007
1.3200000006400003 1.0956521739130436 -0.36592936515808105 0.24572791664081006
1.3200000006400003 1.1130434782608696 -1.0364534854888916 0.45871228277695064
1.3200000006400003 1.1304347826086956 -0.8161149024963379 0.35665229144898825
1.3200000006400003 1.1478260869565218 -0.5272942781448364 0.35665229144898825
1.3200000006400003 1.1652173913043478 -0.9079204797744751 0.5641389654343972
1.3200000006400003 1.182608695652174 -0.8474085927009583 0.3962429144728007
1.3200000006400003 1.2 -0.9609852433204651 0.5467579123047912
1.3200000006400003 1.2173913043478262 -1.0399270057678223 0.6880312072897753
1.3200000006400003 1.2347826086956522 -1.0189094543457031 0.7457279166408101
1.3200000006400003 1.2521739130434784 -1.089593529701233 0.7597422784409318
1.3200000006400003 1.2695652173913043 -1.1333966255187988 0.8566522914489882
1.3200000006400003 1.2869565217391306 -1.2812000513076782 0.9033631340301058
1.3200000006400003 1.3043478260869565 -1.3515210151672363 1.0
1.3200000006400003 1.3217391304347825 -1.3283151388168335 1.0
1.3200000006400003 1.3391304347826087 -1.339618444442749 1.0
1.3200000006400003 1.3565217391304347 -1.2542299032211304 1.0
1.3200000006400003 1.373913043478261 -1.255741000175476 0.9914087635579465
1.3200000006400003 1.391304347826087 -1.160866379737854 0.9769269155902881
1.3200000006400003 1.4086956521739131 -1.050632357597351 0.892593295102051
1.3200000006400003 1.4260869565217391 -0.9504488110542297 0.8432162182488376
1.3200000006400003 1.4434782608695653 -0.9539969563484192 0.8522653292952357
1.3200000006400003 1.4608695652173913 -0.925123929977417 0.8135592176408466
1.3200000006400003 1.4782608695652175 -0.877869725227356 0.8026995927942284
1.3200000006400003 1.4956521739130435 -0.5853117108345032 0.5071672892809789
1.3200000006400003 1.5130434782608695 -0.6641250848770142 0.35665229144898825
1.3200000006400003 1.5304347826086957 -0.5784814953804016 0.24572791664081006
1.3200000006400003 1.5478260869565217 -0.4688185751438141 0.24572791664081006
1.3200000006400003 1.565217391304348 -0.4844076335430145 0.24572791664081006
1.3200000006400003 1.5826086956521739 -0.3109855055809021 0.30819728494496
1.3200000006400003 1.6 -0.5327688455581665 0.30819728494496
1.3200000006400003 1.617391304347826 -0.45107078552246094 0.007167289280978872
1.3300000006600003 0.06956521739130435 -0.27683496475219727 0.007167289280978872
1.3300000006600003 0.1391304347826087 -0.5972253084182739 0.007167289280978872
1.3300000006600003 0.7130434782608696 -0.4208737015724182 0.007167289280978872
1.3300000006600003 0.7304347826086957 -0.24802780151367188 0.007167289280978872
1.3300000006600003 0.7652173913043478 -0.32963523268699646 0.007167289280978872
1.3300000006600003 0.8 -0.7163724303245544 0.15768228711296944
1.3300000006600003 0.8173913043478261 -0.5764660835266113 0.30819728494496
1.3300000006600003 0.8347826086956522 -0.566461443901062 0.007167289280978872
1.3300000006600003 0.8521739130434782 -0.32393142580986023 0.007167289280978872
1.3300000006600003 0.8695652173913043 -0.7205148339271545 0.24572791664081006
1.3300000006600003 0.8869565217391304 -0.47596457600593567 0.24572791664081006
1.3300000006600003 0.9043478260869565 -0.7157755494117737 0.24572791664081006
1.3300000006600003 0.9217391304347826 -0.6201053857803345 0.15768228711296944
1.3300000006600003 0.9391304347826087 -0.884824812412262 0.15768228711296944
1.3300000006600003 0.9565217391304348 -0.384898841381073 0.30819728494496
1.3300000006600003 0.9739130434782609 -0.6078239679336548 0.35665229144898825
1.3300000006600003 0.991304347826087 -0.38351747393608093 0.24572791664081006
1.3300000006600003 1.008695652173913 -0.5661899447441101 0.3962429144728007
1.3300000006600003 1.0260869565217392 -0.4715116024017334 0.15768228711296944
1.3300000006600003 1.0434782608695652 -0.6022440791130066 0.24572791664081006
1.3300000006600003 1.0608695652173914 -1.0615317821502686 0.007167289280978872
1.3300000006600003 1.0782608695652174 -0.4527009427547455 0.30819728494496
1.3300000006600003 1.0956521739130436 -0.6102015376091003 0.45871228277695064
1.3300000006600003 1.1130434782608696 -0.5614293217658997 0.4297163092881073
1.3300000006600003 1.1304347826086956 -0.7741270065307617 0.4297163092881073
1.3300000006600003 1.1478260869565218 -0.9537544846534729 0.4297163092881073
1.3300000006600003 1.1652173913043478 -0.8823243379592896 0.4297163092881073
1.3300000006600003 1.182608695652174 -0.8234767913818359 0.5278636318600913
1.3300000006600003 1.2 -0.957484781742096 0.6465440897573933
1.3300000006600003 1.2173913043478262 -0.9736782312393188 0.6223917499701158
1.3300000006600003 1.2347826086956522 -0.9659740924835205 0.7146539632663879
1.3300000006600003 1.2521739130434784 -1.098093867301941 0.7729067478021063
1.3300000006600003 1.2695652173913043 -1.1289902925491333 0.8651689610983784
1.3300000006600003 1.2869565217391306 -1.2073159217834473 0.8998322067863624
1.3300000006600003 1.3043478260869565 -1.2817720174789429 0.9169392570519133
1.3300000006600003 1.3217391304347825 -1.2428208589553833 0.953214590626219
1.3300000006600003 1.3391304347826087 -1.2772637605667114 0.9890612029537564
1.3300000006600003 1.3565217391304347 -1.2323256731033325 0.9842885440006413
1.3300000006600003 1.373913043478261 -1.2151209115982056 0.9693069323119197
1.3300000006600003 1.391304347826087 -1.149851679801941 1.0
1.3300000006600003 1.4086956521739131 -1.1178033351898193 0.8962429144728007
1.3300000006600003 1.4260869565217391 -1.0506356954574585 0.8693052240813735
1.3300000006600003 1.4434782608695653 -1.0232700109481812 0.8477879079687725
1.3300000006600003 1.4608695652173913 -0.9130136966705322 0.7792013114561167
1.3300000006600003 1.4782608695652175 -0.8903588652610779 0.7383662882304569
1.3300000006600003 1.4956521739130435 -0.6912019848823547 0.5467579123047912
1.3300000006600003 1.5130434782608695 -0.561910092830658 0.3962429144728007
1.3300000006600003 1.5304347826086957 -0.5167056322097778 0.30819728494496
1.3300000006600003 1.5478260869565217 -0.5941357612609863 0.5071672892809789
1.3300000006600003 1.565217391304348 -0.4097119867801666 0.35665229144898825
1.3300000006600003 1.5826086956521739 -0.5205945372581482 0.3962429144728007
1.3300000006600003 1.6 -0.45513615012168884 0.30819728494496
1.3300000006600003 1.617391304347826 -0.549852728843689 0.15768228711296944
1.3400000006800004 0.10434782608695653 -0.19140106439590454 0.007167289280978872
1.3400000006800004 0.12173913043478261 -0.20990553498268127 0.007167289280978872
1.3400000006800004 0.1391304347826087 -0.21255896985530853 0.007167289280978872
1.3400000006800004 0.17391304347826086 -0.28610697388648987 0.007167289280978872
1.3400000006800004 0.6434782608695653 -0.26836350560188293 0.007167289280978872
1.3400000006800004 0.6608695652173913 -1.5219179391860962 0.007167289280978872
1.3400000006800004 0.6782608695652174 -0.3668370544910431 0.007167289280978872
1.3400000006800004 0.7478260869565218 -0.2929055392742157 0.007167289280978872
1.3400000006800004 0.782608695652174 -0.284576952457428 0.007167289280978872
1.3400000006800004 0.8 -0.4127240777015686 0.15768228711296944
1.3400000006800004 0.8173913043478261 -0.27113744616508484 0.15768228711296944
1.3400000006800004 0.8347826086956522 -0.3174911439418793 0.007167289280978872
1.3400000006800004 0.8521739130434782 -0.6796144247055054 0.007167289280978872
1.3400000006800004 0.8695652173913043 -0.8513087630271912 0.3962429144728007
1.3400000006800004 0.8869565217391304 -0.7349752187728882 0.15768228711296944
1.3400000006800004 0.9043478260869565 -0.6470036506652832 0.15768228711296944
1.3400000006800004 0.9217391304347826 -0.2558642625808716 0.007167289280978872
1.3400000006800004 0.9391304347826087 -0.7331967353820801 0.15768228711296944
1.3400000006800004 0.9565217391304348 -0.6269418001174927 0.007167289280978872
1.3400000006800004 0.9739130434782609 -0.3472348749637604 0.007167289280978872
1.3400000006800004 0.991304347826087 -0.365169882774353 0.15768228711296944
1.3400000006800004 1.008695652173913 -0.49027150869369507 0.35665229144898825
1.3400000006800004 1.0260869565217392 -0.5104641914367676 0.35665229144898825
1.3400000006800004 1.0434782608695652 -0.6065660715103149 0.35665229144898825
1.3400000006800004 1.0608695652173914 -0.6610323786735535 0.24572791664081006
1.3400000006800004 1.0782608695652174 -0.9230100512504578 0.30819728494496
1.3400000006800004 1.0956521739130436 -0.43990135192871094 0.30819728494496
1.3400000006800004 1.1304347826086956 -1.0430033206939697 0.15768228711296944
1.3400000006800004 1.1478260869565218 -0.9466925859451294 0.45871228277695064
1.3400000006800004 1.1652173913043478 -0.592142641544342 0.24572791664081006
1.3400000006800004 1.182608695652174 -0.8284085988998413 0.4297163092881073
1.3400000006800004 1.2 -0.6891471743583679 0.5952129188088194
1.3400000006800004 1.2173913043478262 -0.8911991119384766 0.5952129188088194
1.3400000006800004 1.2347826086956522 -0.9640152454376221 0.6465440897573933
1.3400000006800004 1.2521739130434784 -0.9781673550605774 0.6465440897573933
1.3400000006800004 1.2695652173913043 -1.0569303035736084 0.7597422784409318
1.3400000006800004 1.2869565217391306 -1.1931923627853394 0.8288936275240726
1.3400000006800004 1.3043478260869565 -1.1702243089675903 0.8651689610983784
1.3400000006800004 1.3217391304347825 -1.1989721059799194 0.8962429144728007
1.3400000006800004 1.3391304347826087 -1.1833215951919556 0.9744165149027627
1.3400000006800004 1.3565217391304347 -1.2664412260055542 0.953214590626219
1.3400000006800004 1.373913043478261 -1.2383512258529663 0.9559808349261996
1.3400000006800004 1.391304347826087 -1.1364328861236572 0.8962429144728007
1.3400000006800004 1.4086956521739131 -1.1272037029266357 0.9504126518672198
1.3400000006800004 1.4260869565217391 -0.9818017482757568 0.8851047171172246
1.3400000006800004 1.4434782608695653 -1.0715440511703491 0.8733641691924632
1.3400000006800004 1.4608695652173913 -0.9597614407539368 0.8135592176408466
1.3400000006800004 1.4782608695652175 -0.8284735679626465 0.7228491713604726
1.3400000006800004 1.4956521739130435 -0.7158275246620178 0.5278636318600913
1.3400000006800004 1.5130434782608695 -0.49953827261924744 0.4297163092881073
1.3400000006800004 1.5304347826086957 -0.5180585384368896 0.5071672892809789
1.3400000006800004 1.5478260869565217 -0.6785110235214233 0.30819728494496
1.3400000006800004 1.565217391304348 -0.5737115144729614 0.45871228277695064
1.3400000006800004 1.5826086956521739 -0.45444178581237793 0.35665229144898825
1.3400000006800004 1.6 -0.7617474794387817 0.15768228711296944
1.3400000006800004 1.617391304347826 -0.46533218026161194 0.35665229144898825
1.3500000007000004 0.06956521739130435 -0.6016532778739929 0.007167289280978872
1.3500000007000004 0.08695652173913043 -0.36200976371765137 0.15768228711296944
1.3500000007000004 0.10434782608695653 -0.3665584921836853 0.007167289280978872
1.3500000007000004 0.12173913043478261 -0.2785652279853821 0.15768228711296944
1.3500000007000004 0.43478260869565216 -0.2888159453868866 0.007167289280978872
1.3500000007000004 0.7304347826086957 -0.29851675033569336 0.007167289280978872
1.3500000007000004 0.7652173913043478 -0.6955705881118774 0.15768228711296944
1.3500000007000004 0.8 -0.3697547912597656 0.007167289280978872
1.3500000007000004 0.8173913043478261 -0.5695407390594482 0.15768228711296944
