desi_data/desi_elg_ts_zenodo/main-800efftime1200-oii-z-zenodo.ecsv
# %ECSV 0.9
# ---
# datatype:
# - {name: Z, datatype: float64}
# - {name: LOG10_FOII_SNR, datatype: float64}
# - {name: ZOK_FRAC, datatype: float64}
# - {name: ALPHA, datatype: float64}
# schema: astropy-2.0
Z LOG10_FOII_SNR ZOK_FRAC ALPHA
[from data line 13031]
0.9833333331 1.1802325581395348 1.0 0.9240122058966742
0.9833333331 1.2151162790697674 1.0 0.9291658882522812
0.9833333331 1.25 1.0 0.9263699624037162
0.9833333331 1.2848837209302326 1.0 0.860592519922807
0.9833333331 1.3197674418604652 1.0 0.840656763903961
0.9833333331 1.3546511627906979 1.0 0.7536526099502665
0.9833333331 1.38953488372093 1.0 0.7809536398997915
0.9833333331 1.4244186046511627 1.0 0.745177495604984
0.9833333331 1.4593023255813953 1.0 0.6201186886364495
0.9833333331 1.494186046511628 1.0 0.6162409562880683
0.9833333331 1.5290697674418605 1.0 0.49666945388668315
0.9833333331 1.5639534883720931 1.0 0.3776803289282371
0.9833333331 1.5988372093023258 1.0 0.3321400942545708
0.9833333331 1.633720930232558 1.0 0.2440944647267302
0.9833333331 1.6686046511627906 1.0 0.016128486901868022
0.9833333331 1.7034883720930232 1.0 0.0
0.9833333331 1.7383720930232558 1.0 0.0
0.9833333331 1.808139534883721 1.0 0.0
0.9899999997800001 -0.8081395348837209 0.0 0.0
0.9899999997800001 -0.7034883720930233 0.0 0.0
0.9899999997800001 -0.6686046511627908 0.0 0.0
0.9899999997800001 -0.5290697674418605 0.0 0.0
0.9899999997800001 -0.4941860465116279 0.0 0.0
0.9899999997800001 -0.38953488372093026 0.0 0.0
0.9899999997800001 -0.35465116279069764 0.0 0.0
0.9899999997800001 -0.31976744186046513 0.0 0.0
0.9899999997800001 -0.2848837209302326 0.0 0.0
0.9899999997800001 -0.25 0.0 0.0
0.9899999997800001 -0.2151162790697675 0.0 0.0
0.9899999997800001 -0.18023255813953487 0.0 0.0
0.9899999997800001 -0.14534883720930236 0.0 0.0
0.9899999997800001 -0.11046511627906974 0.0 0.045124460390711385
0.9899999997800001 -0.07558139534883723 0.0 0.2440944647267302
0.9899999997800001 -0.04069767441860461 0.0 0.016128486901868022
0.9899999997800001 -0.005813953488372103 0.0 0.016128486901868022
0.9899999997800001 0.029069767441860517 0.0 0.2440944647267302
0.9899999997800001 0.06395348837209291 0.0 0.195639458222702
0.9899999997800001 0.09883720930232553 0.0 0.07070072161440205
0.9899999997800001 0.13372093023255816 0.0 0.18162509642258018
0.9899999997800001 0.16860465116279078 0.0 0.2836850877505426
0.9899999997800001 0.20348837209302317 0.0 0.2925494712307584
0.9899999997800001 0.2383720930232558 0.0 0.2546891142616992
0.9899999997800001 0.2732558139534884 0.0 0.3528364368336834
0.9899999997800001 0.3081395348837208 0.0 0.3321400942545708
0.9899999997800001 0.34302325581395343 0.0 0.15055114304815798
0.9899999997800001 0.37790697674418605 0.2727272727272727 0.11427580947385213
0.9899999997800001 0.41279069767441867 0.2 0.2925494712307584
0.9899999997800001 0.44767441860465107 0.2 0.3321400942545708
0.9899999997800001 0.4825581395348837 0.17391304347826086 0.27444338490353604
0.9899999997800001 0.5174418604651163 0.32 0.2925494712307584
0.9899999997800001 0.5523255813953487 0.2727272727272727 0.3528364368336834
0.9899999997800001 0.5872093023255813 0.5384615384615384 0.15055114304815798
0.9899999997800001 0.622093023255814 0.5714285714285714 0.1666434847338586
0.9899999997800001 0.6569767441860466 0.5652173913043478 0.27444338490353604
0.9899999997800001 0.691860465116279 0.9090909090909091 0.3528364368336834
0.9899999997800001 0.7267441860465116 1.0 0.33926031381187594
0.9899999997800001 0.7616279069767442 1.0 0.37173071727838325
0.9899999997800001 0.7965116279069768 1.0 0.2925494712307584
0.9899999997800001 0.8313953488372092 1.0 0.4826550920865614
0.9899999997800001 0.8662790697674418 1.0 0.4826550920865614
0.9899999997800001 0.9011627906976745 1.0 0.4752934636762082
0.9899999997800001 0.9360465116279069 1.0 0.6437647394535211
0.9899999997800001 0.9709302325581395 1.0 0.6367593822321137
0.9899999997800001 1.005813953488372 1.0 0.7385967725759987
0.9899999997800001 1.0406976744186047 1.0 0.8132458138098708
0.9899999997800001 1.0755813953488373 1.0 0.8148193514269639
0.9899999997800001 1.1104651162790695 1.0 0.8729337521613225
0.9899999997800001 1.1453488372093021 1.0 0.9138201853799506
0.9899999997800001 1.1802325581395348 1.0 0.92683845717218
0.9899999997800001 1.2151162790697674 1.0 0.9254299295895636
0.9899999997800001 1.25 1.0 0.8983766715073496
0.9899999997800001 1.2848837209302326 1.0 0.923061888226957
0.9899999997800001 1.3197674418604652 1.0 0.8929747202762972
0.9899999997800001 1.3546511627906979 1.0 0.8649921803743296
0.9899999997800001 1.38953488372093 1.0 0.8027301125546122
0.9899999997800001 1.4244186046511627 1.0 0.7845879881821738
0.9899999997800001 1.4593023255813953 1.0 0.7049377024685313
0.9899999997800001 1.494186046511628 1.0 0.6712474856272705
0.9899999997800001 1.5290697674418605 1.0 0.5608286925165235
0.9899999997800001 1.5639534883720931 1.0 0.516128486901868
0.9899999997800001 1.5988372093023258 1.0 0.4052041120936898
0.9899999997800001 1.633720930232558 1.0 0.3528364368336834
0.9899999997800001 1.6686046511627906 1.0 0.22121571944639262
0.9899999997800001 1.7034883720930232 1.0 0.0
0.9899999997800001 1.7383720930232558 1.0 0.016128486901868022
0.9899999997800001 1.7732558139534884 1.0 0.0
0.9966666664600001 -0.563953488372093 0.0 0.0
0.9966666664600001 -0.4941860465116279 0.0 0.0
0.9966666664600001 -0.42441860465116277 0.0 0.0
0.9966666664600001 -0.38953488372093026 0.0 0.016128486901868022
0.9966666664600001 -0.35465116279069764 0.0 0.0
0.9966666664600001 -0.31976744186046513 0.0 0.0
0.9966666664600001 -0.2848837209302326 0.0 0.0
0.9966666664600001 -0.25 0.0 0.0
0.9966666664600001 -0.2151162790697675 0.0 0.18162509642258018
0.9966666664600001 -0.18023255813953487 0.0 0.0
0.9966666664600001 -0.14534883720930236 0.0 0.045124460390711385
0.9966666664600001 -0.11046511627906974 0.0 0.016128486901868022
0.9966666664600001 -0.07558139534883723 0.0 0.016128486901868022
0.9966666664600001 -0.04069767441860461 0.0 0.0
0.9966666664600001 -0.005813953488372103 0.0 0.09357946689473956
0.9966666664600001 0.029069767441860517 0.0 0.2647908073058427
0.9966666664600001 0.06395348837209291 0.0 0.2836850877505426
0.9966666664600001 0.09883720930232553 0.0 0.3171584825658492
0.9966666664600001 0.13372093023255816 0.0 0.2836850877505426
0.9966666664600001 0.16860465116279078 0.0 0.2440944647267302
0.9966666664600001 0.20348837209302317 0.0 0.3171584825658492
0.9966666664600001 0.2383720930232558 0.10714285714285714 0.3171584825658492
0.9966666664600001 0.2732558139534884 0.0 0.39460946255872076
0.9966666664600001 0.3081395348837208 0.125 0.2836850877505426
0.9966666664600001 0.34302325581395343 0.0 0.2647908073058427
0.9966666664600001 0.37790697674418605 0.0 0.3010661408801486
0.9966666664600001 0.41279069767441867 0.13043478260869565 0.27444338490353604
0.9966666664600001 0.44767441860465107 0.16666666666666666 0.133170089918552
0.9966666664600001 0.4825581395348837 0.0 0.18162509642258018
0.9966666664600001 0.5174418604651163 0.25 0.37173071727838325
0.9966666664600001 0.5523255813953487 0.0 0.0
0.9966666664600001 0.5872093023255813 0.5 0.2440944647267302
0.9966666664600001 0.622093023255814 0.6363636363636364 0.2647908073058427
0.9966666664600001 0.6569767441860466 1.0 0.2329562673711541
0.9966666664600001 0.691860465116279 0.7692307692307693 0.3010661408801486
0.9966666664600001 0.7267441860465116 1.0 0.32477846584421766
0.9966666664600001 0.7616279069767442 1.0 0.20880392758387656
0.9966666664600001 0.7965116279069768 1.0 0.4597763468062238
0.9966666664600001 0.8313953488372092 0.9361702127659575 0.4296283958625983
0.9966666664600001 0.8662790697674418 1.0 0.5608286925165235
0.9966666664600001 0.9011627906976745 1.0 0.5754733805675172
0.9966666664600001 0.9360465116279069 1.0 0.6437647394535211
0.9966666664600001 0.9709302325581395 1.0 0.7306583915265795
0.9966666664600001 1.005813953488372 1.0 0.7618093338190044
0.9966666664600001 1.0406976744186047 1.0 0.847507402742655
0.9966666664600001 1.0755813953488373 1.0 0.8306875989328673
0.9966666664600001 1.1104651162790695 1.0 0.8924270598574957
0.9966666664600001 1.1453488372093021 1.0 0.9310100372636454
0.9966666664600001 1.1802325581395348 1.0 0.923061888226957
0.9966666664600001 1.2151162790697674 1.0 0.912324331650995
0.9966666664600001 1.25 1.0 0.9052041120936898
0.9966666664600001 1.2848837209302326 1.0 0.8879953296918432
0.9966666664600001 1.3197674418604652 1.0 0.8618586881805046
0.9966666664600001 1.3546511627906979 1.0 0.8140340079273485
0.9966666664600001 1.38953488372093 1.0 0.7546891142616992
0.9966666664600001 1.4244186046511627 1.0 0.723615160887277
0.9966666664600001 1.4593023255813953 1.0 0.6915292930993564
0.9966666664600001 1.494186046511628 1.0 0.685925182303539
0.9966666664600001 1.5290697674418605 1.0 0.5423930125399603
0.9966666664600001 1.5639534883720931 1.0 0.45571740169513414
0.9966666664600001 1.5988372093023258 1.0 0.4296283958625983
0.9966666664600001 1.633720930232558 1.0 0.2925494712307584
0.9966666664600001 1.6686046511627906 1.0 0.22121571944639262
0.9966666664600001 1.7034883720930232 1.0 0.133170089918552
0.9966666664600001 1.7383720930232558 1.0 0.0
0.9966666664600001 1.7732558139534884 1.0 0.0
1.00333333314 -0.8081395348837209 0.0 0.0
1.00333333314 -0.38953488372093026 0.0 0.0
1.00333333314 -0.35465116279069764 0.0 0.0
1.00333333314 -0.31976744186046513 0.0 0.0
1.00333333314 -0.2848837209302326 0.0 0.0
1.00333333314 -0.25 0.0 0.11427580947385213
1.00333333314 -0.2151162790697675 0.0 0.0
1.00333333314 -0.18023255813953487 0.0 0.016128486901868022
1.00333333314 -0.14534883720930236 0.0 0.0
1.00333333314 -0.11046511627906974 0.0 0.0
1.00333333314 -0.07558139534883723 0.0 0.18162509642258018
1.00333333314 -0.04069767441860461 0.0 0.045124460390711385
1.00333333314 -0.005813953488372103 0.0 0.22121571944639262
1.00333333314 0.029069767441860517 0.0 0.1666434847338586
1.00333333314 0.06395348837209291 0.0 0.11427580947385213
1.00333333314 0.09883720930232553 0.0 0.133170089918552
1.00333333314 0.13372093023255816 0.0 0.33926031381187594
1.00333333314 0.16860465116279078 0.0 0.32477846584421766
1.00333333314 0.20348837209302317 0.0 0.3834712652031447
1.00333333314 0.2383720930232558 0.0 0.2836850877505426
1.00333333314 0.2732558139534884 0.0 0.35931892541586713
1.00333333314 0.3081395348837208 0.0 0.33926031381187594
1.00333333314 0.34302325581395343 0.0 0.30926134897423324
1.00333333314 0.37790697674418605 0.0 0.15055114304815798
1.00333333314 0.41279069767441867 0.1724137931034483 0.32477846584421766
1.00333333314 0.44767441860465107 0.0 0.0
1.00333333314 0.4825581395348837 0.08823529411764706 0.35931892541586713
1.00333333314 0.5174418604651163 0.09090909090909091 0.3528364368336834
1.00333333314 0.5523255813953487 0.5217391304347826 0.27444338490353604
1.00333333314 0.5872093023255813 0.15789473684210525 0.2329562673711541
1.00333333314 0.622093023255814 0.20588235294117646 0.35931892541586713
1.00333333314 0.6569767441860466 0.6774193548387096 0.33926031381187594
1.00333333314 0.691860465116279 0.8571428571428571 0.3171584825658492
1.00333333314 0.7267441860465116 0.9459459459459459 0.3776803289282371
1.00333333314 0.7616279069767442 1.0 0.5000361452161673
1.00333333314 0.7965116279069768 1.0 0.5957401537860609
1.00333333314 0.8313953488372092 1.0 0.5847150834145238
1.00333333314 0.8662790697674418 1.0 0.6142758094738521
1.00333333314 0.9011627906976745 0.9928571428571429 0.6666434847338586
1.00333333314 0.9360465116279069 1.0 0.7473274858513461
1.00333333314 0.9709302325581395 1.0 0.774443384903536
1.00333333314 1.005813953488372 1.0 0.8027301125546122
1.00333333314 1.0406976744186047 1.0 0.8441090980036153
1.00333333314 1.0755813953488373 1.0 0.8747258991229769
1.00333333314 1.1104651162790695 1.0 0.923061888226957
1.00333333314 1.1453488372093021 1.0 0.9026035152507859
1.00333333314 1.1802325581395348 1.0 0.8962319899652943
1.00333333314 1.2151162790697674 1.0 0.8637442042901764
1.00333333314 1.25 1.0 0.8686936434222867
1.00333333314 1.2848837209302326 1.0 0.8247784658442177
1.00333333314 1.3197674418604652 1.0 0.8002293489353656
1.00333333314 1.3546511627906979 1.0 0.7567473973591153
1.00333333314 1.38953488372093 1.0 0.685925182303539
1.00333333314 1.4244186046511627 1.0 0.6471844517186738
1.00333333314 1.4593023255813953 1.0 0.5608286925165235
1.00333333314 1.494186046511628 1.0 0.5311100985905897
1.00333333314 1.5290697674418605 1.0 0.5000361452161673
1.00333333314 1.5639534883720931 1.0 0.22121571944639262
1.00333333314 1.5988372093023258 1.0 0.30926134897423324
1.00333333314 1.633720930232558 1.0 0.2836850877505426
1.00333333314 1.6686046511627906 1.0 0.133170089918552
1.00333333314 1.7034883720930232 1.0 0.016128486901868022
1.00333333314 1.7383720930232558 1.0 0.0
1.00333333314 1.7732558139534884 1.0 0.0
1.0099999998200002 -0.9127906976744186 0.0 0.0
1.0099999998200002 -0.5988372093023255 0.0 0.0
1.0099999998200002 -0.5290697674418605 0.0 0.0
1.0099999998200002 -0.4593023255813954 0.0 0.0
1.0099999998200002 -0.38953488372093026 0.0 0.0
1.0099999998200002 -0.35465116279069764 0.0 0.016128486901868022
1.0099999998200002 -0.31976744186046513 0.0 0.0
1.0099999998200002 -0.2848837209302326 0.0 0.0
1.0099999998200002 -0.18023255813953487 0.0 0.0
1.0099999998200002 -0.14534883720930236 0.0 0.07070072161440205
1.0099999998200002 -0.11046511627906974 0.0 0.09357946689473956
1.0099999998200002 -0.07558139534883723 0.0 0.0
1.0099999998200002 -0.04069767441860461 0.0 0.0
1.0099999998200002 -0.005813953488372103 0.0 0.11427580947385213
1.0099999998200002 0.029069767441860517 0.0 0.0
1.0099999998200002 0.06395348837209291 0.0 0.09357946689473956
1.0099999998200002 0.09883720930232553 0.0 0.3321400942545708
1.0099999998200002 0.13372093023255816 0.0 0.22121571944639262
1.0099999998200002 0.16860465116279078 0.0 0.20880392758387656
1.0099999998200002 0.20348837209302317 0.0 0.22121571944639262
1.0099999998200002 0.2383720930232558 0.0 0.3010661408801486
1.0099999998200002 0.2732558139534884 0.0 0.3171584825658492
1.0099999998200002 0.3081395348837208 0.0 0.195639458222702
1.0099999998200002 0.34302325581395343 0.0 0.3321400942545708
1.0099999998200002 0.37790697674418605 0.0 0.2925494712307584
1.0099999998200002 0.41279069767441867 0.0 0.3776803289282371
1.0099999998200002 0.44767441860465107 0.044444444444444446 0.4201857237824114
1.0099999998200002 0.4825581395348837 0.2222222222222222 0.30926134897423324
1.0099999998200002 0.5174418604651163 0.4782608695652174 0.27444338490353604
1.0099999998200002 0.5523255813953487 0.4 0.2440944647267302
1.0099999998200002 0.5872093023255813 0.2222222222222222 0.22121571944639262
1.0099999998200002 0.622093023255814 0.5483870967741935 0.33926031381187594
1.0099999998200002 0.6569767441860466 0.631578947368421 0.2329562673711541
1.0099999998200002 0.691860465116279 0.9428571428571428 0.36561348906987745
1.0099999998200002 0.7267441860465116 0.8846153846153846 0.3010661408801486
1.0099999998200002 0.7616279069767442 1.0 0.48977531164386656
1.0099999998200002 0.7965116279069768 1.0 0.45571740169513414
1.0099999998200002 0.8313953488372092 1.0 0.589192504740987
1.0099999998200002 0.8662790697674418 1.0 0.6757558947869582
1.0099999998200002 0.9011627906976745 1.0 0.7113436903485141
1.0099999998200002 0.9360465116279069 1.0 0.7318103689813616
1.0099999998200002 0.9709302325581395 1.0 0.8002293489353656
1.0099999998200002 1.005813953488372 1.0 0.8262708926189487
1.0099999998200002 1.0406976744186047 1.0 0.8913275778075267
1.0099999998200002 1.0755813953488373 1.0 0.9077739319198954
1.0099999998200002 1.1104651162790695 1.0 0.8946094625587209
1.0099999998200002 1.1453488372093021 1.0 0.8924270598574957
1.0099999998200002 1.1802325581395348 1.0 0.8879953296918432
1.0099999998200002 1.2151162790697674 1.0 0.8541485087467577
1.0099999998200002 1.25 1.0 0.8618586881805046
1.0099999998200002 1.2848837209302326 1.0 0.8068350975770272
1.0099999998200002 1.3197674418604652 1.0 0.7845879881821738
1.0099999998200002 1.3546511627906979 1.0 0.7587863535693351
1.0099999998200002 1.38953488372093 1.0 0.6845012608671259
1.0099999998200002 1.4244186046511627 1.0 0.6313529475910049
1.0099999998200002 1.4593023255813953 1.0 0.5801433936945889
