desi_data/desi_elg_ts_zenodo/main_subsample_sgtstr-ebv0.1-gdepthmax24.5-100efftime1600-zok-efftime-zenodo.ecsv
# %ECSV 0.9
# ---
# datatype:
# - {name: SELNAME, datatype: string}
# - {name: SURVEY, datatype: string}
# - {name: EFFTIME_SPEC, datatype: float64}
# - {name: EFFICIENCY_06Z16, datatype: float64}
# - {name: EFFICIENCY_06Z16_ERR, datatype: float64}
# - {name: EFFICIENCY_11Z16, datatype: float64}
# - {name: EFFICIENCY_11Z16_ERR, datatype: float64}
# schema: astropy-2.0
SELNAME SURVEY EFFTIME_SPEC EFFICIENCY_06Z16 EFFICIENCY_06Z16_ERR EFFICIENCY_11Z16 EFFICIENCY_11Z16_ERR
[from data line 161]
ELG_LOP main 156.25 0.3932148547682837 0.01930573390895386 0.1875269583864564 0.012308805333861363
ELG_LOP main 193.75 0.420347542734796 0.021435732368600923 0.18261578280233748 0.012892221173127438
ELG_LOP main 231.25 0.4765069804785649 0.02468544354198158 0.20640459666180774 0.014685702400887927
ELG_LOP main 268.75 0.5007007689185745 0.015600738150403932 0.24097737748852321 0.009841901970604177
ELG_LOP main 306.25 0.5164380291416928 0.013255649160484195 0.25792296221972627 0.008532014529180256
ELG_LOP main 343.75 0.5200922034490202 0.011702499919223558 0.24941978760709982 0.007347221818547441
ELG_LOP main 381.25 0.5538443686420701 0.011336728239051934 0.26109446037502315 0.0070123364054054844
ELG_LOP main 418.75 0.5600459801231514 0.011350100204323584 0.27435023070420633 0.007179864033511816
ELG_LOP main 456.25 0.5716151727999438 0.011998472750361089 0.274352572107946 0.00748514653778059
ELG_LOP main 493.75 0.5827925717644851 0.011611299699508028 0.2797631766876248 0.007233890150330703
ELG_LOP main 531.25 0.5832874169433825 0.011125561437998229 0.2973287182391159 0.007190253425891063
ELG_LOP main 568.75 0.5954969367046845 0.011022601306364717 0.3029507634900723 0.007104710297887318
ELG_LOP main 606.25 0.599000059018439 0.011146174388629637 0.2954214013831069 0.007045546278612233
ELG_LOP main 643.75 0.6138689910616242 0.012513014554242644 0.3105388628747319 0.008019972781786525
ELG_LOP main 681.25 0.6064433635547579 0.013821220860655025 0.3066320334029162 0.008863474217842079
ELG_LOP main 718.75 0.6294550860302286 0.01470317846002501 0.32320336427694163 0.009494211289478065
ELG_LOP main 756.25 0.6134403826997692 0.01242521813167768 0.3204286966176531 0.008123899797845705
ELG_LOP main 793.75 0.6326284172261019 0.009757070126866932 0.317651912535013 0.006211228238390581
ELG_LOP main 831.25 0.6256246579969705 0.007268854799026665 0.3170488156285403 0.00465760795050157
ELG_LOP main 868.75 0.6291172553890689 0.005704966823369289 0.3175773605672719 0.0036452219953573314
ELG_LOP main 906.25 0.6302695871483638 0.0047122856001840805 0.3160482635264373 0.0029981359884716403
ELG_LOP main 943.75 0.6332024690110104 0.004179568320230258 0.31952505666579323 0.0026687100801325797
ELG_LOP main 981.25 0.6341840639130495 0.003869642852714279 0.324247168852943 0.0024907799371314656
ELG_LOP main 1018.75 0.637469289320337 0.003833942032674932 0.329062628452562 0.0024816545751810194
ELG_LOP main 1056.25 0.6336947775441143 0.003982168247447156 0.3220404534203417 0.002553710532466382
ELG_LOP main 1093.75 0.641988150460059 0.004415046657688991 0.33146728831841515 0.0028567508835097527
ELG_LOP main 1131.25 0.6400761423990821 0.005080575845795637 0.32992048013862346 0.0032846007551778048
ELG_LOP main 1168.75 0.6424311571500939 0.006209391259876713 0.3279043035338713 0.0039888627036944665
ELG_LOP main 1206.25 0.6450928572031234 0.008055047749108453 0.32781960890864703 0.005158801258566628
ELG_LOP main 1243.75 0.6498802769888858 0.010700873201006517 0.3346509396876041 0.006906471066399158
ELG_LOP main 1281.25 0.6381997155604833 0.014397638966755066 0.32491871386387866 0.009238714206952109
ELG_LOP main 1318.75 0.6729932523489518 0.021029542145203015 0.36290335567886384 0.01393815822114183
ELG_LOP main 1356.25 0.6311617153553185 0.026820264482688726 0.3127113119630082 0.016935601738381153
ELG_LOP main 1393.75 0.6634685283054506 0.03703308852375658 0.3319995675616566 0.023441925231756627
ELG_LOP main 1431.25 0.6843811740296877 0.04732254425351303 0.35576398183997493 0.030610604350297745
ELG_LOP main 1468.75 0.6813143430837034 0.06243763753612389 0.2844385454421699 0.03526136554452216
ELG_LOP main 1506.25 0.6600442112995212 0.08713700757110636 0.3623663439749978 0.05848940200214147
ELG_LOP main 1543.75 0.5865494405115323 0.08711894936708253 0.2688643852151502 0.05274821339173695
ELG_LOP main 1581.25 0.6991099350493143 0.10691126297503105 0.297859032956459 0.06099007017379813
ELG_LOP main 118.75 0.33075913267846635 0.023859642924509733 0.15586179245588055 0.015264447069999848
ELG_LOP main 156.25 0.3932148547682837 0.01930573390895386 0.1875269583864564 0.012308805333861363
ELG_LOP main 193.75 0.420347542734796 0.021435732368600923 0.18261578280233748 0.012892221173127438
ELG_LOP main 231.25 0.4765069804785649 0.02468544354198158 0.20640459666180774 0.014685702400887927
ELG_LOP main 268.75 0.5007007689185745 0.015600738150403932 0.24097737748852321 0.009841901970604177
ELG_LOP main 306.25 0.5164380291416928 0.013255649160484195 0.25792296221972627 0.008532014529180256
ELG_LOP main 343.75 0.5200922034490202 0.011702499919223558 0.24941978760709982 0.007347221818547441
ELG_LOP main 381.25 0.5538443686420701 0.011336728239051934 0.26109446037502315 0.0070123364054054844
ELG_LOP main 418.75 0.5600459801231514 0.011350100204323584 0.27435023070420633 0.007179864033511816
ELG_LOP main 456.25 0.5716151727999438 0.011998472750361089 0.274352572107946 0.00748514653778059
ELG_LOP main 493.75 0.5827925717644851 0.011611299699508028 0.2797631766876248 0.007233890150330703
ELG_LOP main 531.25 0.5832874169433825 0.011125561437998229 0.2973287182391159 0.007190253425891063
ELG_LOP main 568.75 0.5954969367046845 0.011022601306364717 0.3029507634900723 0.007104710297887318
ELG_LOP main 606.25 0.599000059018439 0.011146174388629637 0.2954214013831069 0.007045546278612233
ELG_LOP main 643.75 0.6138689910616242 0.012513014554242644 0.3105388628747319 0.008019972781786525
ELG_LOP main 681.25 0.6064433635547579 0.013821220860655025 0.3066320334029162 0.008863474217842079
ELG_LOP main 718.75 0.6294550860302286 0.01470317846002501 0.32320336427694163 0.009494211289478065
ELG_LOP main 756.25 0.6134403826997692 0.01242521813167768 0.3204286966176531 0.008123899797845705
ELG_LOP main 793.75 0.6326284172261019 0.009757070126866932 0.317651912535013 0.006211228238390581
ELG_LOP main 831.25 0.6256246579969705 0.007268854799026665 0.3170488156285403 0.00465760795050157
ELG_LOP main 868.75 0.6291172553890689 0.005704966823369289 0.3175773605672719 0.0036452219953573314
ELG_LOP main 906.25 0.6302695871483638 0.0047122856001840805 0.3160482635264373 0.0029981359884716403
ELG_LOP main 943.75 0.6332024690110104 0.004179568320230258 0.31952505666579323 0.0026687100801325797
ELG_LOP main 981.25 0.6341840639130495 0.003869642852714279 0.324247168852943 0.0024907799371314656
ELG_LOP main 1018.75 0.637469289320337 0.003833942032674932 0.329062628452562 0.0024816545751810194
ELG_LOP main 1056.25 0.6336947775441143 0.003982168247447156 0.3220404534203417 0.002553710532466382
ELG_LOP main 1093.75 0.641988150460059 0.004415046657688991 0.33146728831841515 0.0028567508835097527
ELG_LOP main 1131.25 0.6400761423990821 0.005080575845795637 0.32992048013862346 0.0032846007551778048
ELG_LOP main 1168.75 0.6424311571500939 0.006209391259876713 0.3279043035338713 0.0039888627036944665
ELG_LOP main 1206.25 0.6450928572031234 0.008055047749108453 0.32781960890864703 0.005158801258566628
ELG_LOP main 1243.75 0.6498802769888858 0.010700873201006517 0.3346509396876041 0.006906471066399158
ELG_LOP main 1281.25 0.6381997155604833 0.014397638966755066 0.32491871386387866 0.009238714206952109
ELG_LOP main 1318.75 0.6729932523489518 0.021029542145203015 0.36290335567886384 0.01393815822114183
ELG_LOP main 1356.25 0.6311617153553185 0.026820264482688726 0.3127113119630082 0.016935601738381153
ELG_LOP main 1393.75 0.6634685283054506 0.03703308852375658 0.3319995675616566 0.023441925231756627
ELG_LOP main 1431.25 0.6843811740296877 0.04732254425351303 0.35576398183997493 0.030610604350297745
ELG_LOP main 1468.75 0.6813143430837034 0.06243763753612389 0.2844385454421699 0.03526136554452216
ELG_LOP main 1506.25 0.6600442112995212 0.08713700757110636 0.3623663439749978 0.05848940200214147
ELG_LOP main 1543.75 0.5865494405115323 0.08711894936708253 0.2688643852151502 0.05274821339173695
ELG_LOP main 1581.25 0.6991099350493143 0.10691126297503105 0.297859032956459 0.06099007017379813
ELG_VLO sv1 118.75 0.45683395978937497 0.03758338252263018 0.08434553207023383 0.01393241922489491
ELG_VLO sv1 156.25 0.6114341939765803 0.039042552370560195 0.1425824248078134 0.015875734252892963
ELG_VLO sv1 193.75 0.6580693673229009 0.03387461196384856 0.16663722025912836 0.014298519227747955
ELG_VLO sv1 231.25 0.7185212709806819 0.03229226409122048 0.17698047081178087 0.013263206345030708
ELG_VLO sv1 268.75 0.7619636648109845 0.03112706733502096 0.19036065280365805 0.012787936594695274
ELG_VLO sv1 306.25 0.7682368731074868 0.03257656932212778 0.18478036692488695 0.013077790860927864
ELG_VLO sv1 343.75 0.8052174819781533 0.03781449215715101 0.21442259262756946 0.016005052379307067
ELG_VLO sv1 381.25 0.8259569007389759 0.038823916783576 0.20378003026262925 0.015657765036513307
ELG_VLO sv1 418.75 0.8336715760176272 0.039093097808154696 0.2265052965805164 0.016665398670361965
ELG_VLO sv1 456.25 0.8346797755414369 0.0376877741330203 0.2043389138802579 0.015108115848785422
ELG_VLO sv1 493.75 0.870136809083327 0.04390707825698709 0.20765765979225115 0.017236535442937965
ELG_VLO sv1 531.25 0.8363388346337156 0.04595513398459093 0.18300051428587144 0.01725381421951778
ELG_VLO sv1 568.75 0.8612760664402394 0.055730863515912415 0.2458978596602039 0.024363393542743646
ELG_VLO sv1 606.25 0.8781560316117577 0.05605658427717236 0.23765213348880102 0.023672553586813742
ELG_VLO sv1 643.75 0.8878642622939832 0.05299361234435847 0.22863097860961673 0.02169417416752759
ELG_VLO sv1 681.25 0.8857066741059367 0.045812747298989064 0.18489099333104625 0.016592101111555863
ELG_VLO sv1 718.75 0.8997146901771904 0.046878780687945494 0.22660594457609184 0.01890461741751666
ELG_VLO sv1 756.25 0.9170305343261528 0.04380104676112784 0.22758926262096033 0.017461457887782562
ELG_VLO sv1 793.75 0.9079611341508289 0.041507367875231446 0.23402054678720252 0.016947084435950603
ELG_VLO sv1 831.25 0.9125908580096215 0.0401298659790725 0.2215597591513092 0.015802340505355377
ELG_VLO sv1 868.75 0.9248284702533094 0.04154630632863559 0.25452241231523465 0.017595760185211678
ELG_VLO sv1 906.25 0.933263352941047 0.044556107591075214 0.22897672381732034 0.017596533714542128
ELG_VLO sv1 943.75 0.9401733898853272 0.048971866832110106 0.2543958832392407 0.02048305636119164
ELG_VLO sv1 981.25 0.9510635977483662 0.05093572465288126 0.2325457834997637 0.020018787121206555
ELG_VLO sv1 1018.75 0.9206177718388788 0.05284686027239426 0.23786869347384515 0.021565770278956814
ELG_VLO sv1 1056.25 0.934700145745503 0.059478832139011555 0.24463529388749233 0.024406193939019077
ELG_VLO sv1 1093.75 0.9269615185043358 0.06361889778434572 0.21255571240503116 0.024166068847794677
ELG_VLO sv1 1131.25 0.9549483162173966 0.06466419336425742 0.23051974958843355 0.02520604193544695
ELG_VLO sv1 1168.75 0.9270697052623159 0.07143729119146762 0.2614961408159418 0.03069698179348869
ELG_VLO sv1 1206.25 0.943587312532322 0.07513592334529925 0.2147628487699165 0.028338697313087333
ELG_VLO sv1 1243.75 0.9206852421781451 0.07789237667851368 0.252261896184369 0.03292188364974217
ELG_VLO sv1 1281.25 0.930068105673642 0.07849906888660008 0.160089526006481 0.025249223395185705
ELG_VLO sv1 1318.75 0.9531992059250209 0.08430710838639584 0.21732839581583568 0.03178053485031235
ELG_VLO sv1 1356.25 0.9163755520192843 0.09092802477759825 0.24760595474618885 0.03813642344053831
ELG_VLO sv1 1393.75 0.9228464594531433 0.09107116312209401 0.1863566253797616 0.032145775201391676
ELG_VLO sv1 1431.25 0.9415119786679845 0.09700386404880736 0.2406955554869197 0.039207822275127986
ELG_VLO sv1 1468.75 0.9014959825986594 0.1126165708986009 0.20246814933191282 0.042441218363945626
ELG_VLO sv1 1506.25 0.9377271984244983 0.11892927809897105 0.2676095806705225 0.05138635276792376
ELG_VLO sv1 1543.75 0.9327431159539203 0.12162111977917779 0.17560471298697036 0.04115661488093381
ELG_VLO sv1 1581.25 0.9562324929971989 0.12796254983469343 0.29317226890756304 0.05760770026903405
ELG_VLO sv1 118.75 0.45683395978937497 0.03758338252263018 0.08434553207023383 0.01393241922489491
ELG_VLO sv1 156.25 0.6114341939765803 0.039042552370560195 0.1425824248078134 0.015875734252892963
ELG_VLO sv1 193.75 0.6580693673229009 0.03387461196384856 0.16663722025912836 0.014298519227747955
ELG_VLO sv1 231.25 0.7185212709806819 0.03229226409122048 0.17698047081178087 0.013263206345030708
ELG_VLO sv1 268.75 0.7619636648109845 0.03112706733502096 0.19036065280365805 0.012787936594695274
ELG_VLO sv1 306.25 0.7682368731074868 0.03257656932212778 0.18478036692488695 0.013077790860927864
ELG_VLO sv1 343.75 0.8052174819781533 0.03781449215715101 0.21442259262756946 0.016005052379307067
ELG_VLO sv1 381.25 0.8259569007389759 0.038823916783576 0.20378003026262925 0.015657765036513307
ELG_VLO sv1 418.75 0.8336715760176272 0.039093097808154696 0.2265052965805164 0.016665398670361965
ELG_VLO sv1 456.25 0.8346797755414369 0.0376877741330203 0.2043389138802579 0.015108115848785422
ELG_VLO sv1 493.75 0.870136809083327 0.04390707825698709 0.20765765979225115 0.017236535442937965
ELG_VLO sv1 531.25 0.8363388346337156 0.04595513398459093 0.18300051428587144 0.01725381421951778
ELG_VLO sv1 568.75 0.8612760664402394 0.055730863515912415 0.2458978596602039 0.024363393542743646
ELG_VLO sv1 606.25 0.8781560316117577 0.05605658427717236 0.23765213348880102 0.023672553586813742
ELG_VLO sv1 643.75 0.8878642622939832 0.05299361234435847 0.22863097860961673 0.02169417416752759
ELG_VLO sv1 681.25 0.8857066741059367 0.045812747298989064 0.18489099333104625 0.016592101111555863
ELG_VLO sv1 718.75 0.8997146901771904 0.046878780687945494 0.22660594457609184 0.01890461741751666
ELG_VLO sv1 756.25 0.9170305343261528 0.04380104676112784 0.22758926262096033 0.017461457887782562
ELG_VLO sv1 793.75 0.9079611341508289 0.041507367875231446 0.23402054678720252 0.016947084435950603
ELG_VLO sv1 831.25 0.9125908580096215 0.0401298659790725 0.2215597591513092 0.015802340505355377
ELG_VLO sv1 868.75 0.9248284702533094 0.04154630632863559 0.25452241231523465 0.017595760185211678
ELG_VLO sv1 906.25 0.933263352941047 0.044556107591075214 0.22897672381732034 0.017596533714542128
ELG_VLO sv1 943.75 0.9401733898853272 0.048971866832110106 0.2543958832392407 0.02048305636119164
ELG_VLO sv1 981.25 0.9510635977483662 0.05093572465288126 0.2325457834997637 0.020018787121206555
ELG_VLO sv1 1018.75 0.9206177718388788 0.05284686027239426 0.23786869347384515 0.021565770278956814
ELG_VLO sv1 1056.25 0.934700145745503 0.059478832139011555 0.24463529388749233 0.024406193939019077
ELG_VLO sv1 1093.75 0.9269615185043358 0.06361889778434572 0.21255571240503116 0.024166068847794677
ELG_VLO sv1 1131.25 0.9549483162173966 0.06466419336425742 0.23051974958843355 0.02520604193544695
ELG_VLO sv1 1168.75 0.9270697052623159 0.07143729119146762 0.2614961408159418 0.03069698179348869
ELG_VLO sv1 1206.25 0.943587312532322 0.07513592334529925 0.2147628487699165 0.028338697313087333
ELG_VLO sv1 1243.75 0.9206852421781451 0.07789237667851368 0.252261896184369 0.03292188364974217
ELG_VLO sv1 1281.25 0.930068105673642 0.07849906888660008 0.160089526006481 0.025249223395185705
ELG_VLO sv1 1318.75 0.9531992059250209 0.08430710838639584 0.21732839581583568 0.03178053485031235
ELG_VLO sv1 1356.25 0.9163755520192843 0.09092802477759825 0.24760595474618885 0.03813642344053831
ELG_VLO sv1 1393.75 0.9228464594531433 0.09107116312209401 0.1863566253797616 0.032145775201391676
ELG_VLO sv1 1431.25 0.9415119786679845 0.09700386404880736 0.2406955554869197 0.039207822275127986
ELG_VLO sv1 1468.75 0.9014959825986594 0.1126165708986009 0.20246814933191282 0.042441218363945626
ELG_VLO sv1 1506.25 0.9377271984244983 0.11892927809897105 0.2676095806705225 0.05138635276792376
ELG_VLO sv1 1543.75 0.9327431159539203 0.12162111977917779 0.17560471298697036 0.04115661488093381
ELG_VLO sv1 1581.25 0.9562324929971989 0.12796254983469343 0.29317226890756304 0.05760770026903405
ELG_VLO sv3 118.75 0.5112906720408844 0.03645166688681555 0.13379257216159798 0.016150733925729865
