desi_data/desi_elg_ts_zenodo/main-hsczphot-nz-zenodo.ecsv
# %ECSV 0.9
# ---
# datatype:
# - {name: REDSHIFT, datatype: float64}
# - {name: 100PERC_LOWER_RISK_ZSPEC_HIST, datatype: float64}
# - {name: 100PERC_LOWER_RISK_ZPHOT_HIST, datatype: float64}
# - {name: 50PERC_LOWER_RISK_ZSPEC_HIST, datatype: float64}
# - {name: 50PERC_LOWER_RISK_ZPHOT_HIST, datatype: float64}
# - {name: 25PERC_LOWER_RISK_ZSPEC_HIST, datatype: float64}
# - {name: 25PERC_LOWER_RISK_ZPHOT_HIST, datatype: float64}
# schema: astropy-2.0
REDSHIFT 100PERC_LOWER_RISK_ZSPEC_HIST 100PERC_LOWER_RISK_ZPHOT_HIST 50PERC_LOWER_RISK_ZSPEC_HIST 50PERC_LOWER_RISK_ZPHOT_HIST 25PERC_LOWER_RISK_ZSPEC_HIST 25PERC_LOWER_RISK_ZPHOT_HIST
0.025 0.01104911330865698 0.021136211138447776 0.0022097738296485356 0.014833346247938275 0.0 0.015035931453841902
0.07500000000000001 0.09800563504778742 0.056698725117423396 0.04331156706111129 0.023910468578766175 0.013258496486498432 0.006633499170812604
0.125 0.15104137892934086 0.18206217848356065 0.09104268178151963 0.09940555918394452 0.011490696954965301 0.02078496406854615
0.17500000000000002 0.0685045025136733 0.17099082979199287 0.042869612295181596 0.057562239171103764 0.006629248243249217 0.0
0.225 0.05137837688525497 0.13833594274211589 0.03447247174251716 0.042286106468003154 0.005745348477482655 0.0
0.275 0.04353350643610846 0.09427421158577491 0.029389991934325496 0.015718919158262935 0.010164847306315455 0.0039800995024875585
0.32500000000000007 0.03613060051930834 0.12737642585551334 0.035135403891411725 0.0622114969503083 0.03093649180182968 0.04333886124930902
0.375 0.018452019225457163 0.095616193245359 0.015689394190504604 0.04029356741977264 0.01679409554956468 0.03847429519071311
0.42500000000000004 0.022540191149660244 0.126929098635652 0.011932778680102094 0.011733841061801921 0.0075131480090157785 0.0008844665561083473
0.475 0.06452682172255678 0.13520465220308658 0.058338029102721345 0.08014434838438295 0.04198523887391171 0.04555002763957989
0.525 0.032263410861278354 0.1591366584656675 0.028727059785430935 0.048485116840275816 0.017236045432447944 0.02255389718076283
0.5750000000000001 0.03535716258770231 0.19358085439498976 0.014142552509750614 0.03807963514396091 0.00795509789189905 0.011498065229408503
0.625 0.06143306999613289 0.37262357414448716 0.03380953959362264 0.08656475198423691 0.0335881910991294 0.06810392482034282
0.675 0.10397215623446208 0.41948110042496045 0.08043576739920662 0.131728970410795 0.10120652318027128 0.1503593145384189
0.7250000000000001 0.3121374509695601 0.426079176917916 0.3387583280851209 0.22869920409134717 0.4180845892075844 0.28745163073521324
0.775 0.6909010551903203 1.057593379557145 0.9022506546454963 1.3206106025216677 1.3112653025146936 1.8330569375345478
0.8250000000000001 1.1568421634163848 1.407515097293669 1.5861756549217174 1.9588872776381754 2.4152561099571286 2.801547816473187
0.875 1.4414673222473915 1.4247371952583334 1.8168760427370285 1.7082701440162968 2.5571220223626674 2.3425096738529607
0.925 1.5143914700845245 1.9674569447550867 1.9746538941739298 2.7583382224337734 2.821850002209747 3.744831398562739
0.9750000000000001 1.5352742942378894 1.4860210243793355 1.9554288618559916 1.8415488670201605 2.5385601272815697 2.0855721393034856
1.025 1.3984862714767128 1.3720644151196588 1.6328018827273012 1.2522000951990868 1.7514473858664412 1.1356550580431168
1.0750000000000002 1.301585547759791 0.8391858644598515 1.3210027953638934 0.7979011922025299 1.1406726477217475 0.7562189054726361
1.125 1.2247942102646252 1.3381793782151632 1.1833338857767897 1.477799794104297 1.1128298051001007 1.565505804311773
1.1750000000000003 1.1893265565438362 0.8189443077611266 1.0949429325908484 0.9488913734128865 0.9254430547575897 0.8999447208402425
1.225 1.146014032373906 0.894878103332591 1.0220203962124514 0.9621749670677607 0.7071198126132522 0.540409065782202
1.275 1.089774045632837 1.1932453589800929 1.0319643784458652 1.4397201589603361 0.5882352941176465 0.7796572692095074
1.3250000000000002 1.035080934754985 0.7762245582643698 1.0781486514855194 0.9059410872621398 0.6284527334600251 0.4081813156440018
1.375 1.0066847135517365 0.7856184298814576 0.9539593622592719 0.7711126116652085 0.4211782383877664 0.24941956882255364
1.4250000000000003 0.9767416164852762 0.40527846119436334 0.7117681505297926 0.33363959396482035 0.1988774472974763 0.08535102266445542
1.475 0.8602839622120355 0.3930887944531439 0.44217574331267356 0.16870163941685085 0.08573827727935682 0.009286898839137678
1.525 0.5724545605215177 0.4576157459181387 0.19622791607278978 0.2559305710838303 0.033588191099129326 0.044223327805417316
1.5750000000000002 0.5537815590298873 0.145157682845001 0.1785497254356015 0.04073635387493493 0.02784284262164668 0.0
1.625 0.19579028782940153 0.1598076492954595 0.05745411957086187 0.05556970012287319 0.011932646837848579 0.0039800995024875585
1.6750000000000003 0.0 0.06273764258555128 0.0 0.009519908785990228 0.0 0.0
1.725 0.0 0.0656452695146502 0.0 0.0030995051861363674 0.0 0.0
1.775 0.0 0.06900022366360987 0.0 0.0035422916412986894 0.0 0.0
1.8250000000000002 0.0 0.04025944978751954 0.0 0.0008855729103246724 0.0 0.0
1.875 0.0 0.05703422053231934 0.0 0.0019925390482305127 0.0 0.0
1.9250000000000003 0.0 0.027734287631402347 0.0 0.0011069661379058404 0.0 0.0
1.975 0.0 0.035450682174010414 0.0 0.00022139322758116907 0.0 0.0
