desi_data/desi_elg_ts_zenodo/main-200efftime1600-0.6z1.6-oii-dchi2-zok-zenodo.ecsv
# %ECSV 0.9
# ---
# datatype:
# - {name: LOG10_DELTACHI2, datatype: float64}
# - {name: LOG10_FOII_SNR, datatype: float64}
# - {name: ZOK_FRAC, datatype: float64}
# - {name: ALPHA, datatype: float64}
# schema: astropy-2.0
LOG10_DELTACHI2 LOG10_FOII_SNR ZOK_FRAC ALPHA
[from data line 281]
0.7999999975999998 1.0357142857142856 0.9782608695652174 0.49344754611180125
0.7999999975999998 1.1428571428571428 1.0 0.26412862159897665
0.7999999975999998 1.25 1.0 0.011553632439023631
0.7999999975999998 1.3571428571428572 1.0 0.0
0.9199999978399998 -1.0 0.0 0.0
0.9199999978399998 -0.6785714285714286 0.0 0.0
0.9199999978399998 -0.5714285714285714 0.0 0.0
0.9199999978399998 -0.4642857142857143 0.0 0.08461765027814266
0.9199999978399998 -0.3571428571428572 0.0 0.051144255462836075
0.9199999978399998 -0.25 0.043478260869565216 0.3429325482798107
0.9199999978399998 -0.1428571428571429 0.0 0.33327997068211734
0.9199999978399998 -0.03571428571428581 0.06666666666666667 0.40062925763084545
0.9199999978399998 0.0714285714285714 0.043478260869565216 0.49344754611180125
0.9199999978399998 0.1785714285714286 0.15789473684210525 0.5400060581072599
0.9199999978399998 0.2857142857142856 0.09803921568627451 0.5158537183199824
0.9199999978399998 0.3928571428571428 0.22580645161290322 0.5582644750201412
0.9199999978399998 0.5 0.5094339622641509 0.5242065650714087
0.9199999978399998 0.607142857142857 0.8769230769230769 0.568525308592442
0.9199999978399998 0.7142857142857142 0.978494623655914 0.6463101045479818
0.9199999978399998 0.8214285714285714 0.9739130434782609 0.69241755044782
0.9199999978399998 0.9285714285714284 0.96875 0.6532042467907985
0.9199999978399998 1.0357142857142856 1.0 0.5814931756396419
0.9199999978399998 1.1428571428571428 1.0 0.36955530425642324
0.9199999978399998 1.25 1.0 0.11361362376698603
0.9199999978399998 1.3571428571428572 1.0 0.0
1.0399999980799999 -1.0 0.0 0.0
1.0399999980799999 -0.8928571428571429 0.0 0.0
1.0399999980799999 -0.7857142857142857 0.0 0.0
1.0399999980799999 -0.6785714285714286 0.0 0.0
1.0399999980799999 -0.5714285714285714 0.0 0.0
1.0399999980799999 -0.4642857142857143 0.0 0.08461765027814266
1.0399999980799999 -0.3571428571428572 0.4444444444444444 0.1391898849906767
1.0399999980799999 -0.25 0.08333333333333333 0.20165925329482665
1.0399999980799999 -0.1428571428571429 0.125 0.26412862159897665
1.0399999980799999 -0.03571428571428581 0.05 0.31258362810300483
1.0399999980799999 0.0714285714285714 0.15 0.4630986259349954
1.0399999980799999 0.1785714285714286 0.16666666666666666 0.4736932754699644
1.0399999980799999 0.2857142857142856 0.375 0.5026892489588078
1.0399999980799999 0.3928571428571428 0.3157894736842105 0.4519604285794193
1.0399999980799999 0.5 0.6 0.48867488715868607
1.0399999980799999 0.607142857142857 0.85 0.4630986259349954
1.0399999980799999 0.7142857142857142 0.9649122807017544 0.6905210559392505
1.0399999980799999 0.8214285714285714 1.0 0.7823432544123141
1.0399999980799999 0.9285714285714284 0.9791666666666666 0.741249876318639
1.0399999980799999 1.0357142857142856 0.9696969696969697 0.6598862275697892
1.0399999980799999 1.1428571428571428 0.9787234042553191 0.49811755923887296
1.0399999980799999 1.25 0.75 0.0
1.1599999983199996 -0.4642857142857143 0.4 0.011553632439023631
1.1599999983199996 -0.3571428571428572 0.3333333333333333 0.0
1.1599999983199996 -0.25 0.16666666666666666 0.20165925329482665
1.1599999983199996 -0.1428571428571429 0.0 0.20165925329482665
1.1599999983199996 -0.03571428571428581 0.05555555555555555 0.28970488282266726
1.1599999983199996 0.0714285714285714 0.13333333333333333 0.2501142597988549
1.1599999983199996 0.1785714285714286 0.34375 0.4146436194309672
1.1599999983199996 0.2857142857142856 0.42857142857142855 0.4341026524461521
1.1599999983199996 0.3928571428571428 0.48148148148148145 0.37775051235050794
1.1599999983199996 0.5 0.7954545454545454 0.4837949685141079
1.1599999983199996 0.607142857142857 0.90625 0.5651586172629578
1.1599999983199996 0.7142857142857142 0.9844961240310077 0.7173634854206388
1.1599999983199996 0.8214285714285714 0.995 0.8125836281030048
1.1599999983199996 0.9285714285714284 0.9920634920634921 0.8627689006617862
1.1599999983199996 1.0357142857142856 0.9938650306748467 0.7681624324729932
1.1599999983199996 1.1428571428571428 1.0 0.5937300603312422
1.1599999983199996 1.25 1.0 0.21904030642443262
1.1599999983199996 1.3571428571428572 1.0 0.011553632439023631
1.1599999983199996 1.464285714285714 0.0 0.0
1.2799999985599997 -1.0 0.0 0.0
1.2799999985599997 -0.7857142857142857 1.0 0.0
1.2799999985599997 -0.6785714285714286 1.0 0.0
1.2799999985599997 -0.5714285714285714 1.0 0.0
1.2799999985599997 -0.4642857142857143 0.0 0.0
1.2799999985599997 -0.3571428571428572 0.6666666666666666 0.051144255462836075
1.2799999985599997 -0.25 0.6 0.011553632439023631
1.2799999985599997 -0.1428571428571429 0.375 0.11361362376698603
1.2799999985599997 -0.03571428571428581 0.3333333333333333 0.1391898849906767
1.2799999985599997 0.0714285714285714 0.75 0.20165925329482665
1.2799999985599997 0.1785714285714286 0.5882352941176471 0.2772930909601512
1.2799999985599997 0.2857142857142856 0.4444444444444444 0.28970488282266726
1.2799999985599997 0.3928571428571428 0.6956521739130435 0.3429325482798107
1.2799999985599997 0.5 0.8409090909090909 0.4837949685141079
1.2799999985599997 0.607142857142857 0.9565217391304348 0.5814931756396419
1.2799999985599997 0.7142857142857142 0.9859154929577465 0.7382128024625425
1.2799999985599997 0.8214285714285714 0.984251968503937 0.8644854885809833
1.2799999985599997 0.9285714285714284 0.9970059880239521 0.9239418636767964
1.2799999985599997 1.0357142857142856 0.9965635738831615 0.8940151247639678
1.2799999985599997 1.1428571428571428 1.0 0.6787805080144891
1.2799999985599997 1.25 0.9782608695652174 0.49344754611180125
1.2799999985599997 1.3571428571428572 1.0 0.08461765027814266
1.3999999987999998 -0.5714285714285714 1.0 0.0
1.3999999987999998 -0.4642857142857143 0.0 0.0
1.3999999987999998 -0.3571428571428572 1.0 0.0
1.3999999987999998 -0.25 0.25 0.0
1.3999999987999998 -0.1428571428571429 0.5714285714285714 0.08461765027814266
1.3999999987999998 -0.03571428571428581 0.5 0.051144255462836075
1.3999999987999998 0.0714285714285714 0.6428571428571429 0.23513264811013324
1.3999999987999998 0.1785714285714286 0.5263157894736842 0.3014454307474287
1.3999999987999998 0.2857142857142856 0.8571428571428571 0.32317827763797385
1.3999999987999998 0.3928571428571428 0.9166666666666666 0.3521742511268173
1.3999999987999998 0.5 0.8974358974358975 0.4576009337842638
1.3999999987999998 0.607142857142857 0.9782608695652174 0.49344754611180125
1.3999999987999998 0.7142857142857142 0.976 0.7105236367750425
1.3999999987999998 0.8214285714285714 1.0 0.8817349771861456
1.3999999987999998 0.9285714285714284 0.9976190476190476 0.9736932754699644
1.3999999987999998 1.0357142857142856 0.9920634920634921 0.9508145301896269
1.3999999987999998 1.1428571428571428 0.9959183673469387 0.8566516724532804
1.3999999987999998 1.25 1.0 0.5200703020884139
1.3999999987999998 1.3571428571428572 1.0 0.18276497285012672
1.5199999990399995 -0.6785714285714286 0.0 0.0
1.5199999990399995 -0.4642857142857143 0.5 0.0
1.5199999990399995 -0.3571428571428572 1.0 0.0
1.5199999990399995 -0.25 0.5 0.0
1.5199999990399995 -0.1428571428571429 0.0 0.0
1.5199999990399995 -0.03571428571428581 1.0 0.08461765027814266
1.5199999990399995 0.0714285714285714 0.8 0.2501142597988549
1.5199999990399995 0.1785714285714286 0.8461538461538461 0.21904030642443262
1.5199999990399995 0.2857142857142856 0.8888888888888888 0.28970488282266726
1.5199999990399995 0.3928571428571428 0.92 0.36103863460703306
1.5199999990399995 0.5 0.95 0.4630986259349954
1.5199999990399995 0.607142857142857 0.9615384615384616 0.5200703020884139
1.5199999990399995 0.7142857142857142 1.0 0.7122539028297956
1.5199999990399995 0.8214285714285714 0.9961389961389961 0.8687185123116401
1.5199999990399995 0.9285714285714284 0.9959677419354839 1.0
1.5199999990399995 1.0357142857142856 0.9944649446494465 1.0
1.5199999990399995 1.1428571428571428 0.9973333333333333 0.9490842641348736
1.5199999990399995 1.25 1.0 0.6486325570708635
1.5199999990399995 1.3571428571428572 1.0 0.2501142597988549
1.6399999992799996 -1.0 1.0 0.0
1.6399999992799996 -0.5714285714285714 1.0 0.0
1.6399999992799996 -0.3571428571428572 0.0 0.0
1.6399999992799996 -0.25 1.0 0.0
1.6399999992799996 -0.1428571428571429 0.6666666666666666 0.0
1.6399999992799996 -0.03571428571428581 0.75 0.0
1.6399999992799996 0.0714285714285714 0.6666666666666666 0.051144255462836075
1.6399999992799996 0.1785714285714286 0.9375 0.26412862159897665
1.6399999992799996 0.2857142857142856 0.9130434782608695 0.3429325482798107
1.6399999992799996 0.3928571428571428 0.9666666666666667 0.40062925763084545
1.6399999992799996 0.5 0.9310344827586207 0.3932676292204923
1.6399999992799996 0.607142857142857 1.0 0.49811755923887296
1.6399999992799996 0.7142857142857142 0.9914529914529915 0.696161561144095
1.6399999992799996 0.8214285714285714 1.0 0.8793530822881136
1.6399999992799996 0.9285714285714284 1.0 0.9710926786270606
1.6399999992799996 1.0357142857142856 1.0 1.0
1.6399999992799996 1.1428571428571428 1.0 1.0
1.6399999992799996 1.25 1.0 0.8158166492276206
1.6399999992799996 1.3571428571428572 0.96875 0.4146436194309672
1.6399999992799996 1.464285714285714 1.0 0.08461765027814266
1.7599999995199997 -0.8928571428571429 1.0 0.0
1.7599999995199997 -0.5714285714285714 1.0 0.0
1.7599999995199997 -0.4642857142857143 1.0 0.0
1.7599999995199997 -0.3571428571428572 1.0 0.0
1.7599999995199997 -0.25 0.25 0.0
1.7599999995199997 -0.1428571428571429 0.0 0.0
1.7599999995199997 -0.03571428571428581 0.6666666666666666 0.0
1.7599999995199997 0.0714285714285714 0.8571428571428571 0.08461765027814266
1.7599999995199997 0.1785714285714286 0.9333333333333333 0.2501142597988549
1.7599999995199997 0.2857142857142856 1.0 0.2501142597988549
1.7599999995199997 0.3928571428571428 1.0 0.36955530425642324
1.7599999995199997 0.5 1.0 0.4402198806546579
1.7599999995199997 0.607142857142857 1.0 0.4736932754699644
1.7599999995199997 0.7142857142857142 1.0 0.6554544974041366
1.7599999995199997 0.8214285714285714 1.0 0.8312968770733167
1.7599999995199997 0.9285714285714284 0.9975062344139651 0.9636408165811055
1.7599999995199997 1.0357142857142856 1.0 1.0
1.7599999995199997 1.1428571428571428 1.0 1.0
1.7599999995199997 1.25 0.994750656167979 0.9525311181088238
1.7599999995199997 1.3571428571428572 1.0 0.6367636335934707
1.7599999995199997 1.464285714285714 1.0 0.011553632439023631
1.8799999997599994 -0.5714285714285714 0.0 0.0
1.8799999997599994 -0.25 1.0 0.0
1.8799999997599994 -0.1428571428571429 0.5 0.0
1.8799999997599994 -0.03571428571428581 0.3333333333333333 0.0
1.8799999997599994 0.0714285714285714 1.0 0.0
1.8799999997599994 0.1785714285714286 0.8333333333333334 0.20165925329482665
1.8799999997599994 0.2857142857142856 0.9473684210526315 0.3014454307474287
1.8799999997599994 0.3928571428571428 1.0 0.421325600209958
1.8799999997599994 0.5 0.9666666666666667 0.40062925763084545
1.8799999997599994 0.607142857142857 0.96 0.36103863460703306
1.8799999997599994 0.7142857142857142 1.0 0.6024754264114099
1.8799999997599994 0.8214285714285714 1.0 0.8125836281030048
1.8799999997599994 0.9285714285714284 1.0 0.9485044313712543
1.8799999997599994 1.0357142857142856 1.0 1.0
1.8799999997599994 1.1428571428571428 1.0 1.0
1.8799999997599994 1.25 1.0 1.0
1.8799999997599994 1.3571428571428572 1.0 0.7734268658448058
1.8799999997599994 1.464285714285714 1.0 0.36955530425642324
1.9999999999999996 -0.8928571428571429 1.0 0.0
1.9999999999999996 -0.25 0.0 0.0
1.9999999999999996 -0.03571428571428581 1.0 0.0
1.9999999999999996 0.0714285714285714 0.8333333333333334 0.051144255462836075
1.9999999999999996 0.1785714285714286 1.0 0.0
1.9999999999999996 0.2857142857142856 0.9285714285714286 0.23513264811013324
1.9999999999999996 0.3928571428571428 1.0 0.3429325482798107
1.9999999999999996 0.5 1.0 0.421325600209958
1.9999999999999996 0.607142857142857 1.0 0.4278080887921418
1.9999999999999996 0.7142857142857142 0.9827586206896551 0.5437826270524829
1.9999999999999996 0.8214285714285714 1.0 0.7427526313885017
1.9999999999999996 0.9285714285714284 1.0 0.9049293435118042
1.9999999999999996 1.0357142857142856 1.0 1.0
1.9999999999999996 1.1428571428571428 1.0 1.0
1.9999999999999996 1.25 1.0 1.0
1.9999999999999996 1.3571428571428572 1.0 0.8476025614068823
1.9999999999999996 1.464285714285714 1.0 0.4146436194309672
1.9999999999999996 1.5714285714285712 1.0 0.0
2.1200000002399997 -0.8928571428571429 1.0 0.0
2.1200000002399997 -0.4642857142857143 1.0 0.0
2.1200000002399997 -0.25 1.0 0.0
2.1200000002399997 -0.1428571428571429 1.0 0.0
2.1200000002399997 -0.03571428571428581 1.0 0.0
2.1200000002399997 0.0714285714285714 0.625 0.11361362376698603
2.1200000002399997 0.1785714285714286 1.0 0.0
2.1200000002399997 0.2857142857142856 1.0 0.21904030642443262
2.1200000002399997 0.3928571428571428 0.9444444444444444 0.28970488282266726
2.1200000002399997 0.5 1.0 0.37775051235050794
2.1200000002399997 0.607142857142857 1.0 0.4341026524461521
2.1200000002399997 0.7142857142857142 1.0 0.5361626437741145
2.1200000002399997 0.8214285714285714 1.0 0.6998421109672797
2.1200000002399997 0.9285714285714284 1.0 0.9027899445221668
2.1200000002399997 1.0357142857142856 1.0 0.9625550781143883
2.1200000002399997 1.1428571428571428 0.9977477477477478 0.9857601153283242
2.1200000002399997 1.25 1.0 1.0
2.1200000002399997 1.3571428571428572 1.0 0.9371828067985613
2.1200000002399997 1.464285714285714 1.0 0.5846176502781426
2.1200000002399997 1.5714285714285712 1.0 0.0
2.24000000048 -0.8928571428571429 1.0 0.0
2.24000000048 -0.4642857142857143 1.0 0.0
2.24000000048 -0.25 1.0 0.0
2.24000000048 -0.03571428571428581 0.3333333333333333 0.0
2.24000000048 0.0714285714285714 1.0 0.0
2.24000000048 0.1785714285714286 1.0 0.011553632439023631
2.24000000048 0.2857142857142856 1.0 0.011553632439023631
2.24000000048 0.3928571428571428 1.0 0.23513264811013324
2.24000000048 0.5 1.0 0.33327997068211734
2.24000000048 0.607142857142857 1.0 0.3932676292204923
2.24000000048 0.7142857142857142 1.0 0.4837949685141079
2.24000000048 0.8214285714285714 1.0 0.5617389049978051
2.24000000048 0.9285714285714284 1.0 0.8476025614068823
2.24000000048 1.0357142857142856 1.0 0.9587116637812428
2.24000000048 1.1428571428571428 1.0 0.9641816568132493
2.24000000048 1.25 1.0 0.8991767623091418
2.24000000048 1.3571428571428572 0.9968847352024922 0.9153211464734503
2.24000000048 1.464285714285714 1.0 0.6998421109672797
2.24000000048 1.5714285714285712 1.0 0.18276497285012672
2.3600000007199995 0.1785714285714286 0.8333333333333334 0.051144255462836075
2.3600000007199995 0.2857142857142856 1.0 0.11361362376698603
2.3600000007199995 0.3928571428571428 1.0 0.23513264811013324
2.3600000007199995 0.5 1.0 0.3014454307474287
2.3600000007199995 0.607142857142857 1.0 0.32317827763797385
2.3600000007199995 0.7142857142857142 1.0 0.4278080887921418
2.3600000007199995 0.8214285714285714 1.0 0.49344754611180125
2.3600000007199995 0.9285714285714284 0.9923076923076923 0.7190403064244326
2.3600000007199995 1.0357142857142856 1.0 0.9531003117268686
2.3600000007199995 1.1428571428571428 1.0 0.9547989950252646
2.3600000007199995 1.25 1.0 0.866188612926939
2.3600000007199995 1.3571428571428572 1.0 0.8262584319903831
2.3600000007199995 1.464285714285714 1.0 0.7654815682869391
2.3600000007199995 1.5714285714285712 1.0 0.18276497285012672
2.4800000009599996 -0.4642857142857143 1.0 0.0
2.4800000009599996 -0.25 1.0 0.0
2.4800000009599996 -0.03571428571428581 1.0 0.0
2.4800000009599996 0.0714285714285714 1.0 0.0
2.4800000009599996 0.1785714285714286 1.0 0.011553632439023631
2.4800000009599996 0.2857142857142856 1.0 0.0
2.4800000009599996 0.3928571428571428 1.0 0.21904030642443262
2.4800000009599996 0.5 1.0 0.21904030642443262
2.4800000009599996 0.607142857142857 1.0 0.3521742511268173
2.4800000009599996 0.7142857142857142 1.0 0.40062925763084545
2.4800000009599996 0.8214285714285714 1.0 0.38564764594212386
2.4800000009599996 0.9285714285714284 1.0 0.5617389049978051
2.4800000009599996 1.0357142857142856 1.0 0.8840910282300524
