desi_data/desi_elg_ts_zenodo/main-800efftime1200-oii-z-zenodo.ecsv
# %ECSV 0.9
# ---
# datatype:
# - {name: Z, datatype: float64}
# - {name: LOG10_FOII_SNR, datatype: float64}
# - {name: ZOK_FRAC, datatype: float64}
# - {name: ALPHA, datatype: float64}
# schema: astropy-2.0
Z LOG10_FOII_SNR ZOK_FRAC ALPHA
[from data line 3903]
0.9999999998000001 1.058139534883721 1.0 0.8335829383733149
0.9999999998000001 1.0930232558139537 1.0 0.8907757420824529
0.9999999998000001 1.1279069767441858 1.0 0.8929747202762972
0.9999999998000001 1.1627906976744184 1.0 0.9277724252397397
0.9999999998000001 1.197674418604651 1.0 0.9057205148125738
0.9999999998000001 1.2325581395348837 1.0 0.9128240953720582
0.9999999998000001 1.2674418604651163 1.0 0.8776803289282371
0.9999999998000001 1.302325581395349 1.0 0.8729337521613225
0.9999999998000001 1.3372093023255816 1.0 0.8350162586991164
0.9999999998000001 1.3720930232558137 1.0 0.7985460285603869
0.9999999998000001 1.4069767441860463 1.0 0.7628077136970419
0.9999999998000001 1.441860465116279 1.0 0.674263468012227
0.9999999998000001 1.4767441860465116 1.0 0.645481327372718
0.9999999998000001 1.5116279069767442 1.0 0.565820802969824
0.9999999998000001 1.5465116279069768 1.0 0.4676734803978398
0.9999999998000001 1.5813953488372094 1.0 0.5281953267602277
0.9999999998000001 1.6162790697674416 1.0 0.39997139525460734
0.9999999998000001 1.6511627906976742 1.0 0.3171584825658492
0.9999999998000001 1.6860465116279069 1.0 0.016128486901868022
0.9999999998000001 1.7209302325581395 1.0 0.016128486901868022
0.9999999998000001 1.755813953488372 1.0 0.045124460390711385
0.9999999998000001 1.7906976744186047 1.0 0.0
1.0066666664800001 -0.8953488372093024 0.0 0.0
1.0066666664800001 -0.7906976744186047 0.0 0.0
1.0066666664800001 -0.5813953488372093 0.0 0.0
1.0066666664800001 -0.5465116279069768 0.0 0.0
1.0066666664800001 -0.4767441860465116 0.0 0.0
1.0066666664800001 -0.40697674418604657 0.0 0.0
1.0066666664800001 -0.37209302325581395 0.0 0.0
1.0066666664800001 -0.3023255813953488 0.0 0.0
1.0066666664800001 -0.2674418604651163 0.0 0.0
1.0066666664800001 -0.2325581395348837 0.0 0.0
1.0066666664800001 -0.19767441860465118 0.0 0.016128486901868022
1.0066666664800001 -0.16279069767441867 0.0 0.045124460390711385
1.0066666664800001 -0.12790697674418605 0.0 0.07070072161440205
1.0066666664800001 -0.09302325581395354 0.0 0.133170089918552
1.0066666664800001 -0.05813953488372092 0.0 0.0
1.0066666664800001 -0.023255813953488413 0.0 0.15055114304815798
1.0066666664800001 0.011627906976744207 0.0 0.1666434847338586
1.0066666664800001 0.04651162790697683 0.0 0.195639458222702
1.0066666664800001 0.08139534883720922 0.0 0.195639458222702
1.0066666664800001 0.11627906976744184 0.0 0.3528364368336834
1.0066666664800001 0.15116279069767447 0.0 0.2440944647267302
1.0066666664800001 0.18604651162790686 0.0 0.15055114304815798
1.0066666664800001 0.22093023255813948 0.0 0.2440944647267302
1.0066666664800001 0.2558139534883721 0.0 0.3776803289282371
1.0066666664800001 0.2906976744186047 0.0 0.2329562673711541
1.0066666664800001 0.3255813953488371 0.12 0.2925494712307584
1.0066666664800001 0.36046511627906974 0.0 0.2440944647267302
1.0066666664800001 0.39534883720930236 0.0 0.20880392758387656
1.0066666664800001 0.43023255813953476 0.13636363636363635 0.2647908073058427
1.0066666664800001 0.4651162790697674 0.0 0.09357946689473956
1.0066666664800001 0.5 0.34615384615384615 0.3010661408801486
1.0066666664800001 0.5348837209302326 0.35294117647058826 0.20880392758387656
1.0066666664800001 0.569767441860465 0.5 0.3171584825658492
1.0066666664800001 0.6046511627906976 0.5555555555555556 0.30926134897423324
1.0066666664800001 0.6395348837209303 0.55 0.2440944647267302
1.0066666664800001 0.6744186046511627 0.8636363636363636 0.2647908073058427
1.0066666664800001 0.7093023255813953 0.8333333333333334 0.4052041120936898
1.0066666664800001 0.7441860465116279 0.9411764705882353 0.44736455494370775
1.0066666664800001 0.7790697674418605 1.0 0.6162409562880683
1.0066666664800001 0.8139534883720929 0.9901960784313726 0.5978795527756984
1.0066666664800001 0.8488372093023255 1.0 0.6471844517186738
1.0066666664800001 0.8837209302325582 1.0 0.7138540910360395
1.0066666664800001 0.9186046511627908 1.0 0.8060202852102731
1.0066666664800001 0.9534883720930232 1.0 0.8371486546333329
1.0066666664800001 0.9883720930232558 1.0 0.8828990718787757
1.0066666664800001 1.0232558139534884 1.0 0.860592519922807
1.0066666664800001 1.058139534883721 1.0 0.9167813300062744
1.0066666664800001 1.0930232558139537 1.0 0.8929747202762972
1.0066666664800001 1.1279069767441858 1.0 0.9057205148125738
1.0066666664800001 1.1627906976744184 1.0 0.9153058051378333
1.0066666664800001 1.197674418604651 1.0 0.8935210029315834
1.0066666664800001 1.2325581395348837 1.0 0.8434230082039416
1.0066666664800001 1.2674418604651163 1.0 0.7818679454229955
1.0066666664800001 1.302325581395349 1.0 0.7836850877505426
1.0066666664800001 1.3372093023255816 1.0 0.7408125799755361
1.0066666664800001 1.3720930232558137 1.0 0.5000361452161673
1.0066666664800001 1.4069767441860463 1.0 0.6062323995271247
1.0066666664800001 1.441860465116279 1.0 0.5633390932040488
1.0066666664800001 1.4767441860465116 1.0 0.4249583827355266
1.0066666664800001 1.5116279069767442 1.0 0.37173071727838325
1.0066666664800001 1.5465116279069768 1.0 0.2647908073058427
1.0066666664800001 1.5813953488372094 1.0 0.30926134897423324
1.0066666664800001 1.6162790697674416 1.0 0.20880392758387656
1.0066666664800001 1.6511627906976742 1.0 0.0
1.0066666664800001 1.6860465116279069 1.0 0.0
1.0066666664800001 1.7209302325581395 1.0 0.0
1.01333333316 -0.8255813953488372 0.0 0.0
1.01333333316 -0.6162790697674418 0.0 0.0
1.01333333316 -0.5465116279069768 0.0 0.0
1.01333333316 -0.5116279069767442 0.0 0.0
1.01333333316 -0.40697674418604657 0.0 0.0
1.01333333316 -0.37209302325581395 0.0 0.0
1.01333333316 -0.33720930232558144 0.0 0.016128486901868022
1.01333333316 -0.3023255813953488 0.0 0.0
1.01333333316 -0.2674418604651163 0.0 0.0
1.01333333316 -0.2325581395348837 0.0 0.0
1.01333333316 -0.12790697674418605 0.0 0.133170089918552
1.01333333316 -0.09302325581395354 0.0 0.0
1.01333333316 -0.05813953488372092 0.0 0.016128486901868022
1.01333333316 -0.023255813953488413 0.0 0.2440944647267302
1.01333333316 0.011627906976744207 0.0 0.0
1.01333333316 0.04651162790697683 0.0 0.2546891142616992
1.01333333316 0.08139534883720922 0.0 0.33926031381187594
1.01333333316 0.11627906976744184 0.0 0.07070072161440205
1.01333333316 0.15116279069767447 0.0 0.18162509642258018
1.01333333316 0.18604651162790686 0.0 0.3171584825658492
1.01333333316 0.22093023255813948 0.0 0.2925494712307584
1.01333333316 0.2558139534883721 0.0 0.3321400942545708
1.01333333316 0.2906976744186047 0.1111111111111111 0.30926134897423324
1.01333333316 0.3255813953488371 0.09375 0.3461544560546926
1.01333333316 0.36046511627906974 0.0 0.22121571944639262
1.01333333316 0.39534883720930236 0.0 0.3321400942545708
1.01333333316 0.43023255813953476 0.1111111111111111 0.4597763468062238
1.01333333316 0.4651162790697674 0.11538461538461539 0.3010661408801486
1.01333333316 0.5 0.0 0.22121571944639262
1.01333333316 0.5348837209302326 0.42857142857142855 0.3171584825658492
1.01333333316 0.569767441860465 0.3333333333333333 0.30926134897423324
1.01333333316 0.6046511627906976 0.3 0.3321400942545708
1.01333333316 0.6395348837209303 0.782608695652174 0.27444338490353604
1.01333333316 0.6744186046511627 0.7142857142857143 0.36561348906987745
1.01333333316 0.7093023255813953 1.0 0.4826550920865614
1.01333333316 0.7441860465116279 1.0 0.4249583827355266
1.01333333316 0.7790697674418605 1.0 0.5192086412542772
1.01333333316 0.8139534883720929 1.0 0.6020961365441297
1.01333333316 0.8488372093023255 1.0 0.5451244603907114
1.01333333316 0.8837209302325582 1.0 0.674263468012227
1.01333333316 0.9186046511627908 1.0 0.7374803318598526
1.01333333316 0.9534883720930232 1.0 0.7587863535693351
1.01333333316 0.9883720930232558 1.0 0.7772574274077491
1.01333333316 1.0232558139534884 1.0 0.8454748084233301
1.01333333316 1.058139534883721 1.0 0.858037817033567
1.01333333316 1.0930232558139537 1.0 0.8828990718787757
1.01333333316 1.1279069767441858 1.0 0.860592519922807
1.01333333316 1.1627906976744184 1.0 0.9206677378337198
1.01333333316 1.197674418604651 1.0 0.8913275778075267
1.01333333316 1.2325581395348837 1.0 0.8534934637825989
1.01333333316 1.2674418604651163 1.0 0.8481807280602911
1.01333333316 1.302325581395349 1.0 0.807646863909134
1.01333333316 1.3372093023255816 1.0 0.7800354683797929
1.01333333316 1.3720930232558137 1.0 0.6929080103719509
1.01333333316 1.4069767441860463 1.0 0.7283359390036978
1.01333333316 1.441860465116279 1.0 0.6041741164297086
1.01333333316 1.4767441860465116 1.0 0.550486393086598
1.01333333316 1.5116279069767442 1.0 0.4676734803978398
1.01333333316 1.5465116279069768 1.0 0.44736455494370775
1.01333333316 1.5813953488372094 1.0 0.3461544560546926
1.01333333316 1.6162790697674416 1.0 0.22121571944639262
1.01333333316 1.6511627906976742 1.0 0.2329562673711541
1.01333333316 1.6860465116279069 1.0 0.0
1.01333333316 1.7209302325581395 1.0 0.0
1.01333333316 1.755813953488372 1.0 0.0
1.01333333316 1.8255813953488373 1.0 0.0
1.01999999984 -0.7209302325581395 0.0 0.0
1.01999999984 -0.5465116279069768 0.0 0.0
1.01999999984 -0.5116279069767442 0.0 0.0
1.01999999984 -0.4767441860465116 0.0 0.0
1.01999999984 -0.4418604651162791 0.0 0.0
1.01999999984 -0.40697674418604657 0.0 0.0
1.01999999984 -0.37209302325581395 0.0 0.0
1.01999999984 -0.2674418604651163 0.0 0.0
1.01999999984 -0.2325581395348837 0.0 0.11427580947385213
1.01999999984 -0.19767441860465118 0.0 0.0
1.01999999984 -0.16279069767441867 0.0 0.016128486901868022
1.01999999984 -0.12790697674418605 0.0 0.0
1.01999999984 -0.09302325581395354 0.0 0.0
1.01999999984 -0.05813953488372092 0.0 0.0
1.01999999984 -0.023255813953488413 0.0 0.20880392758387656
1.01999999984 0.011627906976744207 0.0 0.2546891142616992
1.01999999984 0.04651162790697683 0.0 0.09357946689473956
1.01999999984 0.08139534883720922 0.0 0.15055114304815798
1.01999999984 0.11627906976744184 0.0 0.32477846584421766
1.01999999984 0.15116279069767447 0.0 0.27444338490353604
1.01999999984 0.18604651162790686 0.0 0.3461544560546926
1.01999999984 0.22093023255813948 0.0 0.2836850877505426
1.01999999984 0.2558139534883721 0.0 0.3528364368336834
1.01999999984 0.2906976744186047 0.0 0.3461544560546926
1.01999999984 0.3255813953488371 0.0 0.41530580513783333
1.01999999984 0.36046511627906974 0.0 0.133170089918552
1.01999999984 0.39534883720930236 0.0 0.2647908073058427
1.01999999984 0.43023255813953476 0.1111111111111111 0.30926134897423324
1.01999999984 0.4651162790697674 0.2571428571428571 0.36561348906987745
1.01999999984 0.5 0.3225806451612903 0.33926031381187594
1.01999999984 0.5348837209302326 0.25 0.3171584825658492
1.01999999984 0.569767441860465 0.0 0.2647908073058427
1.01999999984 0.6046511627906976 0.2727272727272727 0.2647908073058427
1.01999999984 0.6395348837209303 0.41935483870967744 0.33926031381187594
1.01999999984 0.6744186046511627 0.6363636363636364 0.2647908073058427
1.01999999984 0.7093023255813953 0.52 0.2925494712307584
1.01999999984 0.7441860465116279 0.9230769230769231 0.3891117704079892
1.01999999984 0.7790697674418605 0.9791666666666666 0.4342000855825332
1.01999999984 0.8139534883720929 1.0 0.5531185130827766
1.01999999984 0.8488372093023255 0.9651162790697675 0.5608286925165235
1.01999999984 0.8837209302325582 1.0 0.6239283870715454
1.01999999984 0.9186046511627908 1.0 0.6915292930993564
1.01999999984 0.9534883720930232 1.0 0.7340961505186033
1.01999999984 0.9883720930232558 1.0 0.8202386369182584
1.01999999984 1.0232558139534884 1.0 0.858037817033567
1.01999999984 1.058139534883721 1.0 0.9167813300062744
1.01999999984 1.0930232558139537 1.0 0.8924270598574957
1.01999999984 1.1279069767441858 1.0 0.884611148350594
1.01999999984 1.1627906976744184 1.0 0.8567491055896617
1.01999999984 1.197674418604651 1.0 0.8693044658811773
1.01999999984 1.2325581395348837 1.0 0.8240283882730135
1.01999999984 1.2674418604651163 1.0 0.8495211473841768
1.01999999984 1.302325581395349 1.0 0.7881625090770058
1.01999999984 1.3372093023255816 1.0 0.774443384903536
1.01999999984 1.3720930232558137 1.0 0.706234107757671
1.01999999984 1.4069767441860463 1.0 0.6666434847338586
1.01999999984 1.441860465116279 1.0 0.6220318925629759
1.01999999984 1.4767441860465116 1.0 0.5423930125399603
1.01999999984 1.5116279069767442 1.0 0.4676734803978398
1.01999999984 1.5465116279069768 1.0 0.4515811387121392
1.01999999984 1.5813953488372094 1.0 0.35931892541586713
1.01999999984 1.6162790697674416 1.0 0.2440944647267302
1.01999999984 1.6511627906976742 1.0 0.22121571944639262
1.01999999984 1.6860465116279069 1.0 0.11427580947385213
1.01999999984 1.7209302325581395 1.0 0.0
1.01999999984 1.7906976744186047 1.0 0.0
1.0266666665200002 -0.5813953488372093 0.0 0.0
1.0266666665200002 -0.37209302325581395 0.0 0.0
1.0266666665200002 -0.33720930232558144 0.0 0.0
1.0266666665200002 -0.3023255813953488 0.0 0.0
1.0266666665200002 -0.2674418604651163 0.0 0.0
1.0266666665200002 -0.2325581395348837 0.0 0.016128486901868022
1.0266666665200002 -0.19767441860465118 0.0 0.133170089918552
1.0266666665200002 -0.16279069767441867 0.0 0.0
1.0266666665200002 -0.12790697674418605 0.0 0.0
1.0266666665200002 -0.09302325581395354 0.0 0.11427580947385213
1.0266666665200002 -0.05813953488372092 0.0 0.07070072161440205
1.0266666665200002 -0.023255813953488413 0.0 0.15055114304815798
1.0266666665200002 0.011627906976744207 0.0 0.016128486901868022
1.0266666665200002 0.04651162790697683 0.0 0.22121571944639262
1.0266666665200002 0.08139534883720922 0.0 0.2329562673711541
1.0266666665200002 0.11627906976744184 0.0 0.20880392758387656
1.0266666665200002 0.15116279069767447 0.0 0.3171584825658492
1.0266666665200002 0.18604651162790686 0.0 0.15055114304815798
1.0266666665200002 0.22093023255813948 0.0 0.2836850877505426
1.0266666665200002 0.2558139534883721 0.0 0.3010661408801486
1.0266666665200002 0.2906976744186047 0.0 0.2647908073058427
1.0266666665200002 0.3255813953488371 0.0 0.2647908073058427
1.0266666665200002 0.36046511627906974 0.0 0.2546891142616992
1.0266666665200002 0.39534883720930236 0.0 0.3171584825658492
1.0266666665200002 0.43023255813953476 0.0 0.2836850877505426
1.0266666665200002 0.4651162790697674 0.21212121212121213 0.3528364368336834
1.0266666665200002 0.5 0.13636363636363635 0.2647908073058427
1.0266666665200002 0.5348837209302326 0.2 0.09357946689473956
1.0266666665200002 0.569767441860465 0.0 0.0
1.0266666665200002 0.6046511627906976 0.4583333333333333 0.2836850877505426
1.0266666665200002 0.6395348837209303 0.7 0.2440944647267302
1.0266666665200002 0.6744186046511627 0.7931034482758621 0.32477846584421766
1.0266666665200002 0.7093023255813953 0.78125 0.3461544560546926
1.0266666665200002 0.7441860465116279 0.7857142857142857 0.3171584825658492
1.0266666665200002 0.7790697674418605 1.0 0.2647908073058427
1.0266666665200002 0.8139534883720929 1.0 0.443064469062749
1.0266666665200002 0.8488372093023255 1.0 0.5311100985905897
1.0266666665200002 0.8837209302325582 1.0 0.5451244603907114
1.0266666665200002 0.9186046511627908 1.0 0.5999980792473257
1.0266666665200002 0.9534883720930232 1.0 0.6041741164297086
1.0266666665200002 0.9883720930232558 1.0 0.6996732690967185
1.0266666665200002 1.0232558139534884 1.0 0.8194726846568847
1.0266666665200002 1.058139534883721 1.0 0.8255259613876933
1.0266666665200002 1.0930232558139537 1.0 0.860592519922807
1.0266666665200002 1.1279069767441858 1.0 0.8823253668133523
1.0266666665200002 1.1627906976744184 1.0 0.9187332284607078
1.0266666665200002 1.197674418604651 1.0 0.884611148350594
1.0266666665200002 1.2325581395348837 1.0 0.9143165221467894
1.0266666665200002 1.2674418604651163 1.0 0.8468319830971756
1.0266666665200002 1.302325581395349 1.0 0.8468319830971756
1.0266666665200002 1.3372093023255816 1.0 0.810863918911839
1.0266666665200002 1.3720930232558137 1.0 0.7881625090770058
1.0266666665200002 1.4069767441860463 1.0 0.6942780290549654
1.0266666665200002 1.441860465116279 1.0 0.6220318925629759
1.0266666665200002 1.4767441860465116 1.0 0.6162409562880683
1.0266666665200002 1.5116279069767442 1.0 0.6062323995271247
