desi_data/desi_elg_ts_zenodo/main-hsczphot-scatter-zenodo.ecsv
# %ECSV 0.9
# ---
# datatype:
# - {name: ZPHOT, datatype: float64}
# - {name: ZSPEC, datatype: float64}
# - {name: LOG10_RISK_MEAN, datatype: float64}
# - {name: ALPHA, datatype: float64}
# schema: astropy-2.0
ZPHOT ZSPEC LOG10_RISK_MEAN ALPHA
[from data line 14422]
0.8749999997500001 1.2608695652173914 -0.664263904094696 0.5952129188088194
0.8749999997500001 1.2782608695652173 -0.6582839488983154 0.3962429144728007
0.8749999997500001 1.2956521739130435 -0.6413949728012085 0.45871228277695064
0.8749999997500001 1.3130434782608695 -0.847298264503479 0.4842885440006413
0.8749999997500001 1.3304347826086957 -0.6316262483596802 0.5278636318600913
0.8749999997500001 1.3478260869565217 -0.5992401242256165 0.3962429144728007
0.8749999997500001 1.365217391304348 -0.9204118847846985 0.45871228277695064
0.8749999997500001 1.382608695652174 -0.6542630791664124 0.5071672892809789
0.8749999997500001 1.4 -0.7199628353118896 0.45871228277695064
0.8749999997500001 1.4173913043478261 -0.7128785848617554 0.35665229144898825
0.8749999997500001 1.434782608695652 -0.6374745965003967 0.4297163092881073
0.8749999997500001 1.4521739130434783 -0.623780369758606 0.3962429144728007
0.8749999997500001 1.4695652173913043 -0.5641157031059265 0.45871228277695064
0.8749999997500001 1.4869565217391305 -0.6543669104576111 0.24572791664081006
0.8749999997500001 1.5043478260869565 -0.6203799843788147 0.24572791664081006
0.8749999997500001 1.5217391304347827 -0.6258001923561096 0.35665229144898825
0.8749999997500001 1.5391304347826087 -0.5227890014648438 0.35665229144898825
0.8749999997500001 1.556521739130435 -0.6904681921005249 0.35665229144898825
0.8749999997500001 1.5739130434782609 -0.44386276602745056 0.35665229144898825
0.8749999997500001 1.5913043478260869 -0.736122727394104 0.15768228711296944
0.8749999997500001 1.608695652173913 -0.7646023035049438 0.007167289280978872
0.8849999997700001 0.026086956521739132 -0.2109663039445877 0.007167289280978872
0.8849999997700001 0.09565217391304348 -0.4048527181148529 0.15768228711296944
0.8849999997700001 0.13043478260869565 -0.2595182955265045 0.007167289280978872
0.8849999997700001 0.23478260869565218 -0.6611483097076416 0.007167289280978872
0.8849999997700001 0.4608695652173913 -0.31018856167793274 0.15768228711296944
0.8849999997700001 0.4782608695652174 -0.7282442450523376 0.007167289280978872
0.8849999997700001 0.4956521739130435 -0.9571826457977295 0.15768228711296944
0.8849999997700001 0.6869565217391305 -0.5395216941833496 0.15768228711296944
0.8849999997700001 0.7043478260869566 -0.5155465006828308 0.007167289280978872
0.8849999997700001 0.7217391304347827 -0.359210342168808 0.007167289280978872
0.8849999997700001 0.7391304347826088 -0.978813648223877 0.24572791664081006
0.8849999997700001 0.7565217391304347 -0.4885268807411194 0.15768228711296944
0.8849999997700001 0.7739130434782608 -1.1583950519561768 0.35665229144898825
0.8849999997700001 0.7913043478260869 -0.8288478851318359 0.5071672892809789
0.8849999997700001 0.808695652173913 -0.905436098575592 0.4297163092881073
0.8849999997700001 0.8260869565217391 -1.0917383432388306 0.6465440897573933
0.8849999997700001 0.8434782608695652 -1.119115948677063 0.6465440897573933
0.8849999997700001 0.8608695652173913 -1.4331532716751099 0.8239015170707722
0.8849999997700001 0.8782608695652174 -1.8441431522369385 1.0
0.8849999997700001 0.8956521739130435 -1.845307469367981 1.0
0.8849999997700001 0.9130434782608696 -1.7664921283721924 0.9769269155902881
0.8849999997700001 0.9304347826086956 -1.6087759733200073 0.8773486340281007
0.8849999997700001 0.9478260869565217 -1.4349849224090576 0.8239015170707722
0.8849999997700001 0.9652173913043478 -1.5388500690460205 0.6223917499701158
0.8849999997700001 0.9826086956521739 -1.1970270872116089 0.7729067478021063
0.8849999997700001 1.0 -1.181104302406311 0.6465440897573933
0.8849999997700001 1.0173913043478262 -1.0234997272491455 0.6576822871129695
0.8849999997700001 1.0347826086956522 -1.1117128133773804 0.6223917499701158
0.8849999997700001 1.0521739130434782 -1.0996845960617065 0.3962429144728007
0.8849999997700001 1.0695652173913044 -0.9951205253601074 0.6092272806089413
0.8849999997700001 1.0869565217391304 -0.9145750999450684 0.5467579123047912
0.8849999997700001 1.1043478260869566 -0.8797692656517029 0.3962429144728007
0.8849999997700001 1.1217391304347826 -0.6660231947898865 0.5467579123047912
0.8849999997700001 1.1391304347826088 -0.7712893486022949 0.45871228277695064
0.8849999997700001 1.1565217391304348 -1.1451979875564575 0.45871228277695064
0.8849999997700001 1.173913043478261 -0.8774925470352173 0.45871228277695064
0.8849999997700001 1.191304347826087 -0.7652603983879089 0.45871228277695064
0.8849999997700001 1.208695652173913 -0.8684696555137634 0.5278636318600913
0.8849999997700001 1.2260869565217392 -0.6428179740905762 0.4842885440006413
0.8849999997700001 1.2434782608695651 -0.8469449877738953 0.35665229144898825
0.8849999997700001 1.2608695652173914 -0.9644285440444946 0.45871228277695064
0.8849999997700001 1.2782608695652173 -0.6162109971046448 0.24572791664081006
0.8849999997700001 1.2956521739130435 -0.7681885361671448 0.4297163092881073
0.8849999997700001 1.3130434782608695 -0.9031783938407898 0.35665229144898825
0.8849999997700001 1.3304347826086957 -0.7910494804382324 0.24572791664081006
0.8849999997700001 1.3478260869565217 -0.9388706088066101 0.3962429144728007
0.8849999997700001 1.365217391304348 -0.7355659008026123 0.30819728494496
0.8849999997700001 1.382608695652174 -0.8922420144081116 0.30819728494496
0.8849999997700001 1.4 -0.7721865177154541 0.30819728494496
0.8849999997700001 1.4173913043478261 -0.39564990997314453 0.15768228711296944
0.8849999997700001 1.434782608695652 -0.7352428436279297 0.24572791664081006
0.8849999997700001 1.4521739130434783 -0.30632495880126953 0.007167289280978872
0.8849999997700001 1.4695652173913043 -0.5390012860298157 0.30819728494496
0.8849999997700001 1.4869565217391305 -0.7020776271820068 0.15768228711296944
0.8849999997700001 1.5043478260869565 -0.36116528511047363 0.15768228711296944
0.8849999997700001 1.5217391304347827 -0.5276917219161987 0.30819728494496
0.8849999997700001 1.5391304347826087 -0.46853184700012207 0.007167289280978872
0.8849999997700001 1.556521739130435 -0.40396109223365784 0.007167289280978872
0.8849999997700001 1.5739130434782609 -0.7946881055831909 0.007167289280978872
0.8849999997700001 1.5913043478260869 -0.8263859152793884 0.007167289280978872
0.8849999997700001 1.608695652173913 -0.4439921975135803 0.15768228711296944
0.8949999997900001 0.06086956521739131 -0.8158036470413208 0.007167289280978872
0.8949999997900001 0.0782608695652174 -0.5126742720603943 0.007167289280978872
0.8949999997900001 0.09565217391304348 -0.6955226063728333 0.007167289280978872
0.8949999997900001 0.11304347826086956 -0.5227252840995789 0.24572791664081006
0.8949999997900001 0.14782608695652175 -0.44069740176200867 0.15768228711296944
0.8949999997900001 0.1826086956521739 -0.32317984104156494 0.007167289280978872
0.8949999997900001 0.32173913043478264 -0.6336051225662231 0.007167289280978872
0.8949999997900001 0.3565217391304348 -0.30357468128204346 0.007167289280978872
0.8949999997900001 0.4956521739130435 -1.3865060806274414 0.15768228711296944
0.8949999997900001 0.7043478260869566 -0.9478477239608765 0.15768228711296944
0.8949999997900001 0.7217391304347827 -0.9471399784088135 0.15768228711296944
0.8949999997900001 0.7391304347826088 -0.4977512061595917 0.007167289280978872
0.8949999997900001 0.7565217391304347 -0.7118798494338989 0.30819728494496
0.8949999997900001 0.7739130434782608 -0.8039089441299438 0.35665229144898825
0.8949999997900001 0.7913043478260869 -0.6993604898452759 0.35665229144898825
0.8949999997900001 0.808695652173913 -1.1780200004577637 0.5071672892809789
0.8949999997900001 0.8260869565217391 -0.7353485822677612 0.5802313071200979
0.8949999997900001 0.8434782608695652 -0.9350185394287109 0.6092272806089413
0.8949999997900001 0.8608695652173913 -1.2683961391448975 0.8432162182488376
0.8949999997900001 0.8782608695652174 -1.8057851791381836 1.0
0.8949999997900001 0.8956521739130435 -1.8659143447875977 1.0
0.8949999997900001 0.9130434782608696 -1.7914913892745972 1.0
0.8949999997900001 0.9304347826086956 -1.7361760139465332 0.9842885440006413
0.8949999997900001 0.9478260869565217 -1.633795142173767 0.8337735461686506
0.8949999997900001 0.9652173913043478 -1.4582886695861816 0.818791934479929
0.8949999997900001 0.9826086956521739 -1.3668420314788818 0.8337735461686506
0.8949999997900001 1.0 -1.3159147500991821 0.6682769366479385
0.8949999997900001 1.0173913043478262 -1.2433147430419922 0.6092272806089413
0.8949999997900001 1.0347826086956522 -1.2619678974151611 0.6223917499701158
0.8949999997900001 1.0521739130434782 -1.0668177604675293 0.5641389654343972
0.8949999997900001 1.0695652173913044 -1.170594573020935 0.5641389654343972
0.8949999997900001 1.0869565217391304 -0.9925575256347656 0.6223917499701158
0.8949999997900001 1.1043478260869566 -1.0100103616714478 0.5467579123047912
0.8949999997900001 1.1217391304347826 -0.858579158782959 0.45871228277695064
0.8949999997900001 1.1391304347826088 -1.0317487716674805 0.5802313071200979
0.8949999997900001 1.1565217391304348 -0.9027260541915894 0.45871228277695064
0.8949999997900001 1.173913043478261 -0.6272958517074585 0.5641389654343972
0.8949999997900001 1.191304347826087 -0.7006214261054993 0.45871228277695064
0.8949999997900001 1.208695652173913 -0.7570059299468994 0.3962429144728007
0.8949999997900001 1.2260869565217392 -1.1180263757705688 0.3962429144728007
0.8949999997900001 1.2434782608695651 -0.9679993987083435 0.24572791664081006
0.8949999997900001 1.2608695652173914 -0.7618262767791748 0.35665229144898825
0.8949999997900001 1.2782608695652173 -0.7662410736083984 0.5278636318600913
0.8949999997900001 1.2956521739130435 -0.7764564752578735 0.5071672892809789
0.8949999997900001 1.3130434782608695 -0.7700656056404114 0.3962429144728007
0.8949999997900001 1.3304347826086957 -0.4600173532962799 0.24572791664081006
0.8949999997900001 1.3478260869565217 -0.6274775266647339 0.30819728494496
0.8949999997900001 1.365217391304348 -0.5753252506256104 0.30819728494496
0.8949999997900001 1.382608695652174 -0.8015762567520142 0.35665229144898825
0.8949999997900001 1.4 -0.9014859199523926 0.30819728494496
0.8949999997900001 1.4173913043478261 -1.2274121046066284 0.24572791664081006
0.8949999997900001 1.434782608695652 -0.5236693620681763 0.30819728494496
0.8949999997900001 1.4521739130434783 -0.47210395336151123 0.24572791664081006
0.8949999997900001 1.4695652173913043 -0.47737425565719604 0.15768228711296944
0.8949999997900001 1.4869565217391305 -0.36878252029418945 0.007167289280978872
0.8949999997900001 1.5043478260869565 -0.6839592456817627 0.24572791664081006
0.8949999997900001 1.5217391304347827 -0.5933442711830139 0.15768228711296944
0.8949999997900001 1.556521739130435 -0.2735370695590973 0.007167289280978872
0.8949999997900001 1.5739130434782609 -0.1906367987394333 0.007167289280978872
0.8949999997900001 1.5913043478260869 -0.8816017508506775 0.007167289280978872
0.8949999997900001 1.608695652173913 -0.571477472782135 0.35665229144898825
0.9149999998300001 0.06086956521739131 -1.0588853359222412 0.15768228711296944
0.9149999998300001 0.09565217391304348 -0.30290552973747253 0.007167289280978872
0.9149999998300001 0.30434782608695654 -0.5417090058326721 0.007167289280978872
0.9149999998300001 0.4782608695652174 -0.3825264275074005 0.007167289280978872
0.9149999998300001 0.4956521739130435 -1.9304773807525635 0.007167289280978872
0.9149999998300001 0.5652173913043478 -2.1747796535491943 0.007167289280978872
0.9149999998300001 0.6347826086956522 -1.3584457635879517 0.007167289280978872
0.9149999998300001 0.6521739130434783 -0.3594411313533783 0.15768228711296944
0.9149999998300001 0.6695652173913044 -0.9062938690185547 0.007167289280978872
0.9149999998300001 0.7043478260869566 -0.3331448435783386 0.15768228711296944
0.9149999998300001 0.7217391304347827 -0.5714388489723206 0.24572791664081006
0.9149999998300001 0.7391304347826088 -0.9045429825782776 0.24572791664081006
0.9149999998300001 0.7565217391304347 -0.9976935386657715 0.24572791664081006
0.9149999998300001 0.7739130434782608 -0.6979264616966248 0.35665229144898825
0.9149999998300001 0.7913043478260869 -0.7909030914306641 0.4297163092881073
0.9149999998300001 0.808695652173913 -0.8335142135620117 0.35665229144898825
0.9149999998300001 0.8260869565217391 -0.8026161193847656 0.5467579123047912
0.9149999998300001 0.8434782608695652 -1.187493085861206 0.5641389654343972
0.9149999998300001 0.8608695652173913 -1.1071149110794067 0.7146539632663879
0.9149999998300001 0.8782608695652174 -1.6733429431915283 0.9794086253560632
0.9149999998300001 0.8956521739130435 -1.7696713209152222 1.0
0.9149999998300001 0.9130434782608696 -1.822605013847351 1.0
0.9149999998300001 0.9304347826086956 -1.657425045967102 1.0
0.9149999998300001 0.9478260869565217 -1.6677626371383667 0.9559808349261996
0.9149999998300001 0.9652173913043478 -1.4875115156173706 0.8733641691924632
0.9149999998300001 0.9826086956521739 -1.3918744325637817 0.8566522914489882
0.9149999998300001 1.0 -1.3220577239990234 0.7664242592199226
0.9149999998300001 1.0173913043478262 -1.1371759176254272 0.80819728494496
0.9149999998300001 1.0347826086956522 -1.2165296077728271 0.6576822871129695
0.9149999998300001 1.0521739130434782 -1.132153034210205 0.5641389654343972
0.9149999998300001 1.0695652173913044 -1.055525541305542 0.6223917499701158
0.9149999998300001 1.0869565217391304 -0.8969516158103943 0.5278636318600913
0.9149999998300001 1.1043478260869566 -0.8688958287239075 0.5467579123047912
0.9149999998300001 1.1217391304347826 -0.7749086022377014 0.35665229144898825
0.9149999998300001 1.1391304347826088 -0.8415855169296265 0.4297163092881073
0.9149999998300001 1.1565217391304348 -0.8824349641799927 0.45871228277695064
0.9149999998300001 1.173913043478261 -0.6260235905647278 0.3962429144728007
0.9149999998300001 1.191304347826087 -1.0813119411468506 0.35665229144898825
0.9149999998300001 1.208695652173913 -0.8316601514816284 0.30819728494496
0.9149999998300001 1.2260869565217392 -0.702170729637146 0.4297163092881073
0.9149999998300001 1.2434782608695651 -0.7205295562744141 0.45871228277695064
0.9149999998300001 1.2608695652173914 -0.65975022315979 0.3962429144728007
0.9149999998300001 1.2782608695652173 -0.8350732326507568 0.30819728494496
0.9149999998300001 1.2956521739130435 -0.8273516297340393 0.007167289280978872
0.9149999998300001 1.3130434782608695 -0.6823152303695679 0.35665229144898825
0.9149999998300001 1.3304347826086957 -1.0336121320724487 0.35665229144898825
0.9149999998300001 1.3478260869565217 -0.8632959127426147 0.35665229144898825
0.9149999998300001 1.365217391304348 -1.1273932456970215 0.35665229144898825
0.9149999998300001 1.4 -0.7683514356613159 0.15768228711296944
0.9149999998300001 1.4173913043478261 -0.7706383466720581 0.4297163092881073
0.9149999998300001 1.434782608695652 -0.51756751537323 0.24572791664081006
0.9149999998300001 1.4521739130434783 -0.7552991509437561 0.35665229144898825
0.9149999998300001 1.4695652173913043 -0.8523077368736267 0.30819728494496
0.9149999998300001 1.4869565217391305 -0.6446883678436279 0.3962429144728007
0.9149999998300001 1.5043478260869565 -0.42274579405784607 0.007167289280978872
0.9149999998300001 1.5217391304347827 -0.7967897057533264 0.24572791664081006
0.9149999998300001 1.5391304347826087 -0.8519716858863831 0.15768228711296944
0.9149999998300001 1.556521739130435 -0.760043740272522 0.30819728494496
0.9149999998300001 1.5913043478260869 -0.789484441280365 0.24572791664081006
0.9149999998300001 1.608695652173913 -0.6503537893295288 0.30819728494496
0.9249999998500001 0.026086956521739132 -0.14804545044898987 0.007167289280978872
0.9249999998500001 0.06086956521739131 -1.1299679279327393 0.15768228711296944
0.9249999998500001 0.0782608695652174 -0.35388678312301636 0.007167289280978872
0.9249999998500001 0.23478260869565218 -0.49460461735725403 0.007167289280978872
0.9249999998500001 0.26956521739130435 -0.5249527096748352 0.007167289280978872
0.9249999998500001 0.4260869565217391 -0.7021515965461731 0.007167289280978872
