desi_data/desi_elg_ts_zenodo/main-800efftime1200-oii-z-zenodo.ecsv
# %ECSV 0.9
# ---
# datatype:
# - {name: Z, datatype: float64}
# - {name: LOG10_FOII_SNR, datatype: float64}
# - {name: ZOK_FRAC, datatype: float64}
# - {name: ALPHA, datatype: float64}
# schema: astropy-2.0
Z LOG10_FOII_SNR ZOK_FRAC ALPHA
[from data line 7247]
1.3666666672 0.8139534883720929 0.9694656488549618 0.6522151147226217
1.3666666672 0.8488372093023255 1.0 0.6162409562880683
1.3666666672 0.8837209302325582 1.0 0.6697236390862679
1.3666666672 0.9186046511627908 1.0 0.6942780290549654
1.3666666672 0.9534883720930232 1.0 0.7088039275838766
1.3666666672 0.9883720930232558 1.0 0.7150984912378868
1.3666666672 1.0232558139534884 1.0 0.7494563974226167
1.3666666672 1.058139534883721 1.0 0.7363581213986264
1.3666666672 1.0930232558139537 1.0 0.7800354683797929
1.3666666672 1.1279069767441858 1.0 0.7863826036938957
1.3666666672 1.1627906976744184 1.0 0.7763234593401894
1.3666666672 1.197674418604651 1.0 0.7385967725759987
1.3666666672 1.2325581395348837 1.0 0.7462551516180516
1.3666666672 1.2674418604651163 1.0 0.7505130770793162
1.3666666672 1.302325581395349 1.0 0.6942780290549654
1.3666666672 1.3372093023255816 1.0 0.6969924049106645
1.3666666672 1.3720930232558137 1.0 0.5957401537860609
1.3666666672 1.4069767441860463 1.0 0.565820802969824
1.3666666672 1.441860465116279 1.0 0.44736455494370775
1.3666666672 1.4767441860465116 1.0 0.3834712652031447
1.3666666672 1.5116279069767442 1.0 0.4715168947309853
1.3666666672 1.5465116279069768 1.0 0.2329562673711541
1.3666666672 1.5813953488372094 1.0 0.27444338490353604
1.3666666672 1.6162790697674416 1.0 0.045124460390711385
1.3666666672 1.6511627906976742 1.0 0.0
1.3666666672 1.6860465116279069 1.0 0.0
1.3733333338800002 -0.5116279069767442 0.0 0.0
1.3733333338800002 -0.4418604651162791 0.0 0.0
1.3733333338800002 -0.33720930232558144 0.0 0.0
1.3733333338800002 -0.3023255813953488 0.0 0.0
1.3733333338800002 -0.2325581395348837 0.0 0.0
1.3733333338800002 -0.16279069767441867 0.0 0.0
1.3733333338800002 -0.09302325581395354 0.0 0.045124460390711385
1.3733333338800002 -0.05813953488372092 0.0 0.0
1.3733333338800002 -0.023255813953488413 0.0 0.0
1.3733333338800002 0.011627906976744207 0.0 0.0
1.3733333338800002 0.04651162790697683 0.0 0.11427580947385213
1.3733333338800002 0.08139534883720922 0.0 0.016128486901868022
1.3733333338800002 0.11627906976744184 0.0 0.07070072161440205
1.3733333338800002 0.15116279069767447 0.0 0.20880392758387656
1.3733333338800002 0.18604651162790686 0.0 0.0
1.3733333338800002 0.22093023255813948 0.0 0.22121571944639262
1.3733333338800002 0.2558139534883721 0.0 0.195639458222702
1.3733333338800002 0.2906976744186047 0.0 0.09357946689473956
1.3733333338800002 0.3255813953488371 0.0 0.30926134897423324
1.3733333338800002 0.36046511627906974 0.0 0.016128486901868022
1.3733333338800002 0.39534883720930236 0.0 0.0
1.3733333338800002 0.43023255813953476 0.0 0.0
1.3733333338800002 0.4651162790697674 0.0 0.33926031381187594
1.3733333338800002 0.5 0.0 0.1666434847338586
1.3733333338800002 0.5348837209302326 0.0 0.07070072161440205
1.3733333338800002 0.569767441860465 0.23076923076923078 0.15055114304815798
1.3733333338800002 0.6046511627906976 0.1875 0.195639458222702
1.3733333338800002 0.6395348837209303 0.4 0.09357946689473956
1.3733333338800002 0.6744186046511627 0.8235294117647058 0.20880392758387656
1.3733333338800002 0.7093023255813953 0.8064516129032258 0.33926031381187594
1.3733333338800002 0.7441860465116279 0.9090909090909091 0.2647908073058427
1.3733333338800002 0.7790697674418605 0.7931034482758621 0.32477846584421766
1.3733333338800002 0.8139534883720929 1.0 0.36561348906987745
1.3733333338800002 0.8488372093023255 0.9565217391304348 0.5130040122633672
1.3733333338800002 0.8837209302325582 1.0 0.5978795527756984
1.3733333338800002 0.9186046511627908 1.0 0.6162409562880683
1.3733333338800002 0.9534883720930232 1.0 0.7036335109147671
1.3733333338800002 0.9883720930232558 1.0 0.7163358008018145
1.3733333338800002 1.0232558139534884 1.0 0.7340961505186033
1.3733333338800002 1.058139534883721 1.0 0.7890470204464292
1.3733333338800002 1.0930232558139537 1.0 0.7725468903949665
1.3733333338800002 1.1279069767441858 1.0 0.8052024038631436
1.3733333338800002 1.1627906976744184 1.0 0.7715923954913009
1.3733333338800002 1.197674418604651 1.0 0.8461544560546925
1.3733333338800002 1.2325581395348837 1.0 0.8225204152617358
1.3733333338800002 1.2674418604651163 1.0 0.76773189841882
1.3733333338800002 1.302325581395349 1.0 0.7138540910360395
1.3733333338800002 1.3372093023255816 1.0 0.6929080103719509
1.3733333338800002 1.3720930232558137 1.0 0.6697236390862679
1.3733333338800002 1.4069767441860463 1.0 0.5754733805675172
1.3733333338800002 1.441860465116279 1.0 0.49666945388668315
1.3733333338800002 1.4767441860465116 1.0 0.35931892541586713
1.3733333338800002 1.5116279069767442 1.0 0.3834712652031447
1.3733333338800002 1.5465116279069768 1.0 0.22121571944639262
1.3733333338800002 1.5813953488372094 1.0 0.20880392758387656
1.3733333338800002 1.6162790697674416 1.0 0.11427580947385213
1.3733333338800002 1.6511627906976742 1.0 0.0
1.3733333338800002 1.6860465116279069 1.0 0.0
1.3733333338800002 1.7906976744186047 1.0 0.0
1.3800000005600002 -0.4767441860465116 0.0 0.0
1.3800000005600002 -0.40697674418604657 0.0 0.0
1.3800000005600002 -0.3023255813953488 0.0 0.0
1.3800000005600002 -0.2674418604651163 0.0 0.0
1.3800000005600002 -0.2325581395348837 0.0 0.0
1.3800000005600002 -0.19767441860465118 0.0 0.0
1.3800000005600002 -0.12790697674418605 0.0 0.0
1.3800000005600002 -0.09302325581395354 0.0 0.09357946689473956
1.3800000005600002 -0.05813953488372092 0.0 0.07070072161440205
1.3800000005600002 0.011627906976744207 0.0 0.07070072161440205
1.3800000005600002 0.04651162790697683 0.0 0.07070072161440205
1.3800000005600002 0.08139534883720922 0.0 0.15055114304815798
1.3800000005600002 0.11627906976744184 0.0 0.20880392758387656
1.3800000005600002 0.15116279069767447 0.0 0.20880392758387656
1.3800000005600002 0.18604651162790686 0.0 0.11427580947385213
1.3800000005600002 0.22093023255813948 0.0 0.195639458222702
1.3800000005600002 0.2558139534883721 0.0 0.07070072161440205
1.3800000005600002 0.2906976744186047 0.0 0.0
1.3800000005600002 0.3255813953488371 0.0 0.22121571944639262
1.3800000005600002 0.36046511627906974 0.0 0.20880392758387656
1.3800000005600002 0.39534883720930236 0.0 0.2925494712307584
1.3800000005600002 0.43023255813953476 0.0 0.18162509642258018
1.3800000005600002 0.4651162790697674 0.0 0.0
1.3800000005600002 0.5 0.5 0.0
1.3800000005600002 0.5348837209302326 0.0 0.016128486901868022
1.3800000005600002 0.569767441860465 0.0 0.0
1.3800000005600002 0.6046511627906976 0.0 0.0
1.3800000005600002 0.6395348837209303 0.6 0.18162509642258018
1.3800000005600002 0.6744186046511627 1.0 0.045124460390711385
1.3800000005600002 0.7093023255813953 0.8888888888888888 0.07070072161440205
1.3800000005600002 0.7441860465116279 0.8421052631578947 0.2329562673711541
1.3800000005600002 0.7790697674418605 1.0 0.27444338490353604
1.3800000005600002 0.8139534883720929 1.0 0.4296283958625983
1.3800000005600002 0.8488372093023255 1.0 0.5000361452161673
1.3800000005600002 0.8837209302325582 0.9565217391304348 0.5130040122633672
1.3800000005600002 0.9186046511627908 1.0 0.589192504740987
1.3800000005600002 0.9534883720930232 1.0 0.4826550920865614
1.3800000005600002 0.9883720930232558 1.0 0.7126025184591374
1.3800000005600002 1.0232558139534884 1.0 0.723615160887277
1.3800000005600002 1.058139534883721 1.0 0.7430060050995929
1.3800000005600002 1.0930232558139537 1.0 0.7908053073078478
1.3800000005600002 1.1279069767441858 1.0 0.8068350975770272
1.3800000005600002 1.1627906976744184 1.0 0.774443384903536
1.3800000005600002 1.197674418604651 1.0 0.8255259613876933
1.3800000005600002 1.2325581395348837 1.0 0.8002293489353656
1.3800000005600002 1.2674418604651163 1.0 0.7968495571117171
1.3800000005600002 1.302325581395349 1.0 0.7036335109147671
1.3800000005600002 1.3372093023255816 1.0 0.6681890232224296
1.3800000005600002 1.3720930232558137 1.0 0.645481327372718
1.3800000005600002 1.4069767441860463 1.0 0.5957401537860609
1.3800000005600002 1.441860465116279 1.0 0.6122927158650514
1.3800000005600002 1.4767441860465116 1.0 0.49666945388668315
1.3800000005600002 1.5116279069767442 1.0 0.4515811387121392
1.3800000005600002 1.5465116279069768 1.0 0.30926134897423324
1.3800000005600002 1.5813953488372094 1.0 0.2647908073058427
1.3800000005600002 1.6162790697674416 1.0 0.0
1.3800000005600002 1.6860465116279069 1.0 0.0
1.3800000005600002 1.755813953488372 1.0 0.0
1.38666666724 -0.6162790697674418 0.0 0.0
1.38666666724 -0.5813953488372093 0.0 0.0
1.38666666724 -0.5116279069767442 0.0 0.0
1.38666666724 -0.4767441860465116 0.0 0.0
1.38666666724 -0.4418604651162791 0.0 0.0
1.38666666724 -0.40697674418604657 0.0 0.0
1.38666666724 -0.3023255813953488 0.0 0.0
1.38666666724 -0.2674418604651163 0.0 0.0
1.38666666724 -0.2325581395348837 0.0 0.0
1.38666666724 -0.19767441860465118 0.0 0.0
1.38666666724 -0.16279069767441867 0.0 0.0
1.38666666724 -0.12790697674418605 0.0 0.0
1.38666666724 -0.09302325581395354 0.0 0.0
1.38666666724 -0.05813953488372092 0.0 0.0
1.38666666724 -0.023255813953488413 0.0 0.11427580947385213
1.38666666724 0.011627906976744207 0.0 0.22121571944639262
1.38666666724 0.08139534883720922 0.0 0.195639458222702
1.38666666724 0.11627906976744184 0.0 0.11427580947385213
1.38666666724 0.15116279069767447 0.0 0.09357946689473956
1.38666666724 0.18604651162790686 0.0 0.11427580947385213
1.38666666724 0.22093023255813948 0.0 0.3321400942545708
1.38666666724 0.2558139534883721 0.0 0.133170089918552
1.38666666724 0.2906976744186047 0.043478260869565216 0.27444338490353604
1.38666666724 0.3255813953488371 0.0 0.27444338490353604
1.38666666724 0.36046511627906974 0.0 0.1666434847338586
1.38666666724 0.39534883720930236 0.0 0.045124460390711385
1.38666666724 0.43023255813953476 0.0 0.2440944647267302
1.38666666724 0.4651162790697674 0.0 0.07070072161440205
1.38666666724 0.5 0.0 0.133170089918552
1.38666666724 0.5348837209302326 0.0 0.1666434847338586
1.38666666724 0.569767441860465 0.0 0.133170089918552
1.38666666724 0.6046511627906976 0.0 0.016128486901868022
1.38666666724 0.6395348837209303 0.23076923076923078 0.3010661408801486
1.38666666724 0.6744186046511627 0.5263157894736842 0.2329562673711541
1.38666666724 0.7093023255813953 0.92 0.2925494712307584
1.38666666724 0.7441860465116279 0.8125 0.195639458222702
1.38666666724 0.7790697674418605 0.9032258064516129 0.33926031381187594
1.38666666724 0.8139534883720929 1.0 0.4752934636762082
1.38666666724 0.8488372093023255 0.9538461538461539 0.5000361452161673
1.38666666724 0.8837209302325582 1.0 0.5557191099256804
1.38666666724 0.9186046511627908 1.0 0.6239283870715454
1.38666666724 0.9534883720930232 1.0 0.6816250964225802
1.38666666724 0.9883720930232558 1.0 0.7187894680491866
1.38666666724 1.0232558139534884 1.0 0.7408125799755361
1.38666666724 1.058139534883721 1.0 0.7925494712307584
1.38666666724 1.0930232558139537 1.0 0.8194726846568847
1.38666666724 1.1279069767441858 1.0 0.8035573411396185
1.38666666724 1.1627906976744184 1.0 0.8163815685315383
1.38666666724 1.197674418604651 1.0 0.8156018648537777
1.38666666724 1.2325581395348837 1.0 0.7224187543293319
1.38666666724 1.2674418604651163 1.0 0.732956267371154
1.38666666724 1.302325581395349 1.0 0.7075228192015763
1.38666666724 1.3372093023255816 1.0 0.6681890232224296
1.38666666724 1.3720930232558137 1.0 0.6142758094738521
1.38666666724 1.4069767441860463 1.0 0.570700721614402
1.38666666724 1.441860465116279 1.0 0.4676734803978398
1.38666666724 1.4767441860465116 1.0 0.35931892541586713
1.38666666724 1.5116279069767442 1.0 0.4103136946845328
1.38666666724 1.5465116279069768 1.0 0.20880392758387656
1.38666666724 1.5813953488372094 1.0 0.133170089918552
1.38666666724 1.6162790697674416 1.0 0.0
1.38666666724 1.6511627906976742 1.0 0.0
1.38666666724 1.7209302325581395 1.0 0.0
1.3933333339200002 -0.8953488372093024 0.0 0.0
1.3933333339200002 -0.4767441860465116 0.0 0.0
1.3933333339200002 -0.37209302325581395 0.0 0.0
1.3933333339200002 -0.3023255813953488 0.0 0.0
1.3933333339200002 -0.2325581395348837 0.0 0.18162509642258018
1.3933333339200002 -0.19767441860465118 0.0 0.0
1.3933333339200002 -0.12790697674418605 0.0 0.045124460390711385
1.3933333339200002 -0.09302325581395354 0.0 0.0
1.3933333339200002 -0.05813953488372092 0.0 0.016128486901868022
1.3933333339200002 -0.023255813953488413 0.0 0.133170089918552
1.3933333339200002 0.011627906976744207 0.0 0.11427580947385213
1.3933333339200002 0.04651162790697683 0.0 0.07070072161440205
1.3933333339200002 0.08139534883720922 0.0 0.09357946689473956
1.3933333339200002 0.11627906976744184 0.0 0.30926134897423324
1.3933333339200002 0.15116279069767447 0.0 0.18162509642258018
1.3933333339200002 0.18604651162790686 0.0 0.0
1.3933333339200002 0.22093023255813948 0.0 0.3528364368336834
1.3933333339200002 0.2558139534883721 0.0 0.1666434847338586
1.3933333339200002 0.2906976744186047 0.0 0.3461544560546926
1.3933333339200002 0.3255813953488371 0.0 0.43867750690899643
1.3933333339200002 0.36046511627906974 0.0 0.4052041120936898
1.3933333339200002 0.39534883720930236 0.0 0.3010661408801486
1.3933333339200002 0.43023255813953476 0.0 0.2440944647267302
1.3933333339200002 0.4651162790697674 0.0 0.27444338490353604
1.3933333339200002 0.5 0.0 0.2647908073058427
1.3933333339200002 0.5348837209302326 0.0 0.18162509642258018
1.3933333339200002 0.569767441860465 0.0 0.2440944647267302
1.3933333339200002 0.6046511627906976 0.0 0.133170089918552
1.3933333339200002 0.6395348837209303 0.5238095238095238 0.2546891142616992
1.3933333339200002 0.6744186046511627 0.7142857142857143 0.2546891142616992
1.3933333339200002 0.7093023255813953 0.8333333333333334 0.3321400942545708
1.3933333339200002 0.7441860465116279 0.9285714285714286 0.3171584825658492
1.3933333339200002 0.7790697674418605 1.0 0.37173071727838325
1.3933333339200002 0.8139534883720929 1.0 0.48977531164386656
1.3933333339200002 0.8488372093023255 0.9508196721311475 0.48624438440012313
1.3933333339200002 0.8837209302325582 1.0 0.589192504740987
1.3933333339200002 0.9186046511627908 0.9782608695652174 0.6635190100953579
1.3933333339200002 0.9534883720930232 1.0 0.6915292930993564
1.3933333339200002 0.9883720930232558 1.0 0.732956267371154
1.3933333339200002 1.0232558139534884 1.0 0.7618093338190044
1.3933333339200002 1.058139534883721 1.0 0.7863826036938957
1.3933333339200002 1.0930232558139537 1.0 0.7890470204464292
1.3933333339200002 1.1279069767441858 1.0 0.8100641123319425
1.3933333339200002 1.1627906976744184 1.0 0.8035573411396185
1.3933333339200002 1.197674418604651 1.0 0.7557206945435859
1.3933333339200002 1.2325581395348837 1.0 0.7597986968525423
1.3933333339200002 1.2674418604651163 1.0 0.7150984912378868
1.3933333339200002 1.302325581395349 1.0 0.7075228192015763
1.3933333339200002 1.3372093023255816 1.0 0.6220318925629759
1.3933333339200002 1.3720930232558137 1.0 0.6122927158650514
1.3933333339200002 1.4069767441860463 1.0 0.568274470217196
1.3933333339200002 1.441860465116279 1.0 0.4342000855825332
1.3933333339200002 1.4767441860465116 1.0 0.5000361452161673
1.3933333339200002 1.5116279069767442 1.0 0.39997139525460734
1.3933333339200002 1.5465116279069768 1.0 0.3171584825658492
1.3933333339200002 1.5813953488372094 1.0 0.133170089918552
1.3933333339200002 1.6162790697674416 1.0 0.0
1.3933333339200002 1.6511627906976742 1.0 0.0
1.4000000006000002 -0.686046511627907 0.0 0.0
1.4000000006000002 -0.5465116279069768 0.0 0.0
1.4000000006000002 -0.4418604651162791 0.0 0.0
1.4000000006000002 -0.40697674418604657 0.0 0.0
1.4000000006000002 -0.37209302325581395 0.0 0.0
1.4000000006000002 -0.3023255813953488 0.0 0.0
1.4000000006000002 -0.2674418604651163 0.0 0.0
1.4000000006000002 -0.19767441860465118 0.0 0.0
1.4000000006000002 -0.16279069767441867 0.0 0.0
1.4000000006000002 -0.12790697674418605 0.0 0.11427580947385213
1.4000000006000002 -0.09302325581395354 0.0 0.09357946689473956
1.4000000006000002 -0.05813953488372092 0.0 0.0
1.4000000006000002 -0.023255813953488413 0.0 0.045124460390711385
1.4000000006000002 0.011627906976744207 0.0 0.0
1.4000000006000002 0.04651162790697683 0.0 0.0
