desi_data/desi_elg_ts_zenodo/main-200efftime1600-0.6z1.6-oii-dchi2-zok-zenodo.ecsv
# %ECSV 0.9
# ---
# datatype:
# - {name: LOG10_DELTACHI2, datatype: float64}
# - {name: LOG10_FOII_SNR, datatype: float64}
# - {name: ZOK_FRAC, datatype: float64}
# - {name: ALPHA, datatype: float64}
# schema: astropy-2.0
LOG10_DELTACHI2 LOG10_FOII_SNR ZOK_FRAC ALPHA
-1.000000006 -0.5714285714285714 0.0 0.0
-1.000000006 -0.4642857142857143 0.0 0.0
-1.000000006 -0.25 0.0 0.0
-1.000000006 -0.03571428571428581 0.0 0.0
-1.000000006 0.0714285714285714 0.0 0.0
-1.000000006 0.1785714285714286 0.25 0.0
-1.000000006 0.2857142857142856 0.0 0.11361362376698603
-1.000000006 0.3928571428571428 0.0 0.1391898849906767
-1.000000006 0.5 0.0 0.0
-1.000000006 0.607142857142857 1.0 0.0
-1.000000006 0.7142857142857142 1.0 0.0
-1.000000006 0.8214285714285714 1.0 0.0
-1.000000006 0.9285714285714284 1.0 0.0
-0.88000000576 -0.6785714285714286 0.0 0.0
-0.88000000576 -0.3571428571428572 0.0 0.0
-0.88000000576 -0.25 0.0 0.0
-0.88000000576 -0.1428571428571429 0.0 0.0
-0.88000000576 -0.03571428571428581 0.0 0.0
-0.88000000576 0.0714285714285714 0.0 0.051144255462836075
-0.88000000576 0.1785714285714286 0.0 0.011553632439023631
-0.88000000576 0.2857142857142856 0.0 0.051144255462836075
-0.88000000576 0.3928571428571428 0.0 0.0
-0.88000000576 0.5 0.16666666666666666 0.051144255462836075
-0.88000000576 0.7142857142857142 1.0 0.0
-0.88000000576 0.9285714285714284 1.0 0.0
-0.88000000576 1.0357142857142856 0.0 0.0
-0.76000000552 -1.0 0.0 0.0
-0.76000000552 -0.3571428571428572 0.0 0.0
-0.76000000552 -0.1428571428571429 0.0 0.0
-0.76000000552 -0.03571428571428581 0.0 0.0
-0.76000000552 0.0714285714285714 0.0 0.1391898849906767
-0.76000000552 0.1785714285714286 0.0 0.0
-0.76000000552 0.2857142857142856 0.3333333333333333 0.0
-0.76000000552 0.3928571428571428 0.0 0.0
-0.76000000552 0.5 0.0 0.0
-0.76000000552 0.7142857142857142 1.0 0.0
-0.76000000552 1.0357142857142856 1.0 0.0
-0.6400000052800001 -0.7857142857142857 0.0 0.0
-0.6400000052800001 -0.4642857142857143 0.0 0.0
-0.6400000052800001 -0.3571428571428572 0.0 0.0
-0.6400000052800001 -0.25 0.0 0.0
-0.6400000052800001 -0.1428571428571429 0.0 0.0
-0.6400000052800001 -0.03571428571428581 0.0 0.08461765027814266
-0.6400000052800001 0.0714285714285714 0.0 0.1620686302710142
-0.6400000052800001 0.1785714285714286 0.0 0.21904030642443262
-0.6400000052800001 0.2857142857142856 0.0 0.1391898849906767
-0.6400000052800001 0.3928571428571428 0.1111111111111111 0.1391898849906767
-0.6400000052800001 0.5 0.0 0.0
-0.6400000052800001 0.607142857142857 0.5 0.0
-0.6400000052800001 0.7142857142857142 1.0 0.0
-0.6400000052800001 0.8214285714285714 1.0 0.0
-0.6400000052800001 1.1428571428571428 1.0 0.0
-0.5200000050400001 -0.6785714285714286 0.0 0.0
-0.5200000050400001 -0.5714285714285714 0.0 0.0
-0.5200000050400001 -0.3571428571428572 0.0 0.0
-0.5200000050400001 -0.25 0.0 0.0
-0.5200000050400001 -0.1428571428571429 0.0 0.0
-0.5200000050400001 -0.03571428571428581 0.0 0.11361362376698603
-0.5200000050400001 0.0714285714285714 0.0 0.1391898849906767
-0.5200000050400001 0.1785714285714286 0.0 0.18276497285012672
-0.5200000050400001 0.2857142857142856 0.0 0.1620686302710142
-0.5200000050400001 0.3928571428571428 0.09090909090909091 0.18276497285012672
-0.5200000050400001 0.5 1.0 0.0
-0.5200000050400001 0.607142857142857 0.75 0.0
-0.5200000050400001 0.7142857142857142 1.0 0.0
-0.5200000050400001 0.8214285714285714 1.0 0.0
-0.5200000050400001 0.9285714285714284 1.0 0.0
-0.5200000050400001 1.0357142857142856 1.0 0.0
-0.4000000048000001 -0.5714285714285714 0.0 0.0
-0.4000000048000001 -0.4642857142857143 0.0 0.0
-0.4000000048000001 -0.3571428571428572 0.0 0.0
-0.4000000048000001 -0.25 0.0 0.0
-0.4000000048000001 -0.1428571428571429 0.0 0.0
-0.4000000048000001 -0.03571428571428581 0.0 0.051144255462836075
-0.4000000048000001 0.0714285714285714 0.0 0.23513264811013324
-0.4000000048000001 0.1785714285714286 0.0 0.20165925329482665
-0.4000000048000001 0.2857142857142856 0.0 0.23513264811013324
-0.4000000048000001 0.3928571428571428 0.0 0.011553632439023631
-0.4000000048000001 0.5 0.2 0.011553632439023631
-0.4000000048000001 0.607142857142857 0.5 0.0
-0.4000000048000001 0.7142857142857142 1.0 0.0
-0.4000000048000001 0.8214285714285714 1.0 0.0
-0.4000000048000001 0.9285714285714284 1.0 0.0
-0.4000000048000001 1.0357142857142856 1.0 0.0
-0.4000000048000001 1.1428571428571428 1.0 0.0
-0.2800000045600002 -0.6785714285714286 0.0 0.0
-0.2800000045600002 -0.5714285714285714 0.0 0.0
-0.2800000045600002 -0.3571428571428572 0.0 0.011553632439023631
-0.2800000045600002 -0.25 0.0 0.0
-0.2800000045600002 -0.1428571428571429 0.0 0.18276497285012672
-0.2800000045600002 -0.03571428571428581 0.0 0.1391898849906767
-0.2800000045600002 0.0714285714285714 0.0 0.3014454307474287
-0.2800000045600002 0.1785714285714286 0.0 0.23513264811013324
-0.2800000045600002 0.2857142857142856 0.05263157894736842 0.3014454307474287
-0.2800000045600002 0.3928571428571428 0.07692307692307693 0.21904030642443262
-0.2800000045600002 0.5 0.0 0.11361362376698603
-0.2800000045600002 0.607142857142857 0.6666666666666666 0.051144255462836075
-0.2800000045600002 0.8214285714285714 1.0 0.0
-0.2800000045600002 0.9285714285714284 1.0 0.0
-0.2800000045600002 1.1428571428571428 0.5 0.0
-0.16000000432000017 -0.6785714285714286 0.0 0.0
-0.16000000432000017 -0.5714285714285714 0.0 0.0
-0.16000000432000017 -0.4642857142857143 0.0 0.0
-0.16000000432000017 -0.3571428571428572 0.0 0.051144255462836075
-0.16000000432000017 -0.25 0.0 0.1391898849906767
-0.16000000432000017 -0.1428571428571429 0.0 0.18276497285012672
-0.16000000432000017 -0.03571428571428581 0.0 0.36103863460703306
-0.16000000432000017 0.0714285714285714 0.0 0.23513264811013324
-0.16000000432000017 0.1785714285714286 0.041666666666666664 0.3521742511268173
-0.16000000432000017 0.2857142857142856 0.08 0.36103863460703306
-0.16000000432000017 0.3928571428571428 0.05555555555555555 0.28970488282266726
-0.16000000432000017 0.5 0.047619047619047616 0.32317827763797385
-0.16000000432000017 0.607142857142857 0.625 0.11361362376698603
-0.16000000432000017 0.7142857142857142 0.6666666666666666 0.0
-0.16000000432000017 0.8214285714285714 1.0 0.0
-0.16000000432000017 0.9285714285714284 1.0 0.0
-0.16000000432000017 1.0357142857142856 1.0 0.0
-0.16000000432000017 1.25 1.0 0.0
-0.04000000408000015 -0.7857142857142857 0.0 0.0
-0.04000000408000015 -0.6785714285714286 0.0 0.0
-0.04000000408000015 -0.5714285714285714 0.0 0.0
-0.04000000408000015 -0.4642857142857143 0.0 0.011553632439023631
-0.04000000408000015 -0.3571428571428572 0.0 0.051144255462836075
-0.04000000408000015 -0.25 0.0 0.051144255462836075
-0.04000000408000015 -0.1428571428571429 0.0 0.08461765027814266
-0.04000000408000015 -0.03571428571428581 0.0 0.3429325482798107
-0.04000000408000015 0.0714285714285714 0.041666666666666664 0.3521742511268173
-0.04000000408000015 0.1785714285714286 0.038461538461538464 0.36955530425642324
-0.04000000408000015 0.2857142857142856 0.0 0.4077494771881506
-0.04000000408000015 0.3928571428571428 0.06666666666666667 0.40062925763084545
-0.04000000408000015 0.5 0.26666666666666666 0.2501142597988549
-0.04000000408000015 0.607142857142857 0.6 0.011553632439023631
-0.04000000408000015 0.7142857142857142 0.8571428571428571 0.23513264811013324
-0.04000000408000015 0.8214285714285714 1.0 0.051144255462836075
-0.04000000408000015 0.9285714285714284 0.8571428571428571 0.08461765027814266
-0.04000000408000015 1.0357142857142856 1.0 0.11361362376698603
-0.04000000408000015 1.1428571428571428 1.0 0.0
-0.04000000408000015 1.25 1.0 0.0
0.07999999615999975 -1.0 0.0 0.0
0.07999999615999975 -0.6785714285714286 0.5 0.0
0.07999999615999975 -0.5714285714285714 0.0 0.0
0.07999999615999975 -0.4642857142857143 0.0 0.0
0.07999999615999975 -0.3571428571428572 0.0 0.1391898849906767
0.07999999615999975 -0.25 0.0 0.08461765027814266
0.07999999615999975 -0.1428571428571429 0.0 0.31258362810300483
0.07999999615999975 -0.03571428571428581 0.08 0.36103863460703306
0.07999999615999975 0.0714285714285714 0.02857142857142857 0.4341026524461521
0.07999999615999975 0.1785714285714286 0.047619047619047616 0.4736932754699644
0.07999999615999975 0.2857142857142856 0.02702702702702703 0.4461694923045117
0.07999999615999975 0.3928571428571428 0.07692307692307693 0.4576009337842638
0.07999999615999975 0.5 0.24 0.36103863460703306
0.07999999615999975 0.607142857142857 0.6666666666666666 0.32317827763797385
0.07999999615999975 0.7142857142857142 1.0 0.21904030642443262
0.07999999615999975 0.8214285714285714 1.0 0.21904030642443262
0.07999999615999975 0.9285714285714284 1.0 0.21904030642443262
0.07999999615999975 1.0357142857142856 1.0 0.0
0.07999999615999975 1.1428571428571428 1.0 0.0
0.19999999639999988 -0.8928571428571429 0.0 0.0
0.19999999639999988 -0.6785714285714286 0.0 0.0
0.19999999639999988 -0.5714285714285714 0.0 0.0
0.19999999639999988 -0.4642857142857143 0.0 0.0
0.19999999639999988 -0.3571428571428572 0.0 0.0
0.19999999639999988 -0.25 0.0 0.1620686302710142
0.19999999639999988 -0.1428571428571429 0.0 0.37775051235050794
0.19999999639999988 -0.03571428571428581 0.03125 0.4146436194309672
0.19999999639999988 0.0714285714285714 0.020833333333333332 0.5026892489588078
0.19999999639999988 0.1785714285714286 0.0 0.4519604285794193
0.19999999639999988 0.2857142857142856 0.06976744186046512 0.47880285806080747
0.19999999639999988 0.3928571428571428 0.03571428571428571 0.38564764594212386
0.19999999639999988 0.5 0.3 0.31258362810300483
0.19999999639999988 0.607142857142857 0.8333333333333334 0.20165925329482665
0.19999999639999988 0.7142857142857142 0.8 0.2501142597988549
0.19999999639999988 0.8214285714285714 0.9166666666666666 0.20165925329482665
0.19999999639999988 0.9285714285714284 1.0 0.18276497285012672
0.19999999639999988 1.0357142857142856 1.0 0.11361362376698603
0.19999999639999988 1.1428571428571428 1.0 0.0
0.3199999966399998 -0.8928571428571429 0.0 0.0
0.3199999966399998 -0.7857142857142857 0.0 0.0
0.3199999966399998 -0.6785714285714286 0.0 0.0
0.3199999966399998 -0.5714285714285714 0.0 0.011553632439023631
0.3199999966399998 -0.4642857142857143 0.0 0.051144255462836075
0.3199999966399998 -0.3571428571428572 0.0 0.11361362376698603
0.3199999966399998 -0.25 0.0 0.21904030642443262
0.3199999966399998 -0.1428571428571429 0.03571428571428571 0.38564764594212386
0.3199999966399998 -0.03571428571428581 0.041666666666666664 0.3521742511268173
0.3199999966399998 0.0714285714285714 0.0196078431372549 0.5158537183199824
0.3199999966399998 0.1785714285714286 0.0 0.5158537183199824
0.3199999966399998 0.2857142857142856 0.0 0.5322499750181362
0.3199999966399998 0.3928571428571428 0.06818181818181818 0.4837949685141079
0.3199999966399998 0.5 0.28125 0.4146436194309672
0.3199999966399998 0.607142857142857 0.6923076923076923 0.36955530425642324
0.3199999966399998 0.7142857142857142 0.8095238095238095 0.32317827763797385
0.3199999966399998 0.8214285714285714 1.0 0.23513264811013324
0.3199999966399998 0.9285714285714284 1.0 0.23513264811013324
0.3199999966399998 1.0357142857142856 0.9166666666666666 0.20165925329482665
0.3199999966399998 1.1428571428571428 1.0 0.0
0.3199999966399998 1.25 0.0 0.0
0.4399999968799997 -1.0 0.0 0.0
0.4399999968799997 -0.8928571428571429 0.0 0.0
0.4399999968799997 -0.7857142857142857 0.0 0.0
0.4399999968799997 -0.6785714285714286 0.0 0.0
0.4399999968799997 -0.5714285714285714 0.0 0.011553632439023631
0.4399999968799997 -0.4642857142857143 0.0 0.11361362376698603
0.4399999968799997 -0.3571428571428572 0.0 0.26412862159897665
0.4399999968799997 -0.25 0.0 0.20165925329482665
0.4399999968799997 -0.1428571428571429 0.041666666666666664 0.3521742511268173
0.4399999968799997 -0.03571428571428581 0.041666666666666664 0.5026892489588078
0.4399999968799997 0.0714285714285714 0.0196078431372549 0.5158537183199824
0.4399999968799997 0.1785714285714286 0.046875 0.5651586172629578
0.4399999968799997 0.2857142857142856 0.03125 0.5651586172629578
0.4399999968799997 0.3928571428571428 0.05454545454545454 0.5322499750181362
0.4399999968799997 0.5 0.07692307692307693 0.4576009337842638
0.4399999968799997 0.607142857142857 0.5666666666666667 0.40062925763084545
0.4399999968799997 0.7142857142857142 0.9259259259259259 0.37775051235050794
0.4399999968799997 0.8214285714285714 0.9714285714285714 0.4341026524461521
0.4399999968799997 0.9285714285714284 1.0 0.37775051235050794
0.4399999968799997 1.0357142857142856 1.0 0.11361362376698603
0.4399999968799997 1.1428571428571428 1.0 0.08461765027814266
0.4399999968799997 1.25 1.0 0.0
0.5599999971199998 -1.0 0.0 0.0
0.5599999971199998 -0.8928571428571429 0.0 0.0
0.5599999971199998 -0.7857142857142857 0.0 0.0
0.5599999971199998 -0.6785714285714286 0.0 0.0
0.5599999971199998 -0.5714285714285714 0.0 0.0
0.5599999971199998 -0.4642857142857143 0.0 0.0
0.5599999971199998 -0.3571428571428572 0.0 0.26412862159897665
0.5599999971199998 -0.25 0.0 0.26412862159897665
0.5599999971199998 -0.1428571428571429 0.0 0.4402198806546579
0.5599999971199998 -0.03571428571428581 0.0 0.5158537183199824
0.5599999971199998 0.0714285714285714 0.03508771929824561 0.5400060581072599
0.5599999971199998 0.1785714285714286 0.0547945205479452 0.5937300603312422
0.5599999971199998 0.2857142857142856 0.02666666666666667 0.5995992619668643
0.5599999971199998 0.3928571428571428 0.1320754716981132 0.5242065650714087
0.5599999971199998 0.5 0.12195121951219512 0.468460558630882
0.5599999971199998 0.607142857142857 0.8181818181818182 0.33327997068211734
0.5599999971199998 0.7142857142857142 0.9512195121951219 0.468460558630882
0.5599999971199998 0.8214285714285714 0.9736842105263158 0.4519604285794193
0.5599999971199998 0.9285714285714284 0.9655172413793104 0.3932676292204923
0.5599999971199998 1.0357142857142856 1.0 0.3014454307474287
0.5599999971199998 1.1428571428571428 1.0 0.011553632439023631
0.5599999971199998 1.25 1.0 0.0
0.5599999971199998 1.3571428571428572 1.0 0.0
0.5599999971199998 2.0 0.0 0.0
0.6799999973599997 -1.0 0.0 0.0
0.6799999973599997 -0.7857142857142857 0.0 0.0
0.6799999973599997 -0.6785714285714286 0.0 0.0
0.6799999973599997 -0.5714285714285714 0.0 0.0
0.6799999973599997 -0.4642857142857143 0.0 0.08461765027814266
0.6799999973599997 -0.3571428571428572 0.0 0.2501142597988549
0.6799999973599997 -0.25 0.05555555555555555 0.28970488282266726
0.6799999973599997 -0.1428571428571429 0.03125 0.4146436194309672
0.6799999973599997 -0.03571428571428581 0.02 0.5115536324390236
0.6799999973599997 0.0714285714285714 0.022727272727272728 0.4837949685141079
0.6799999973599997 0.1785714285714286 0.0 0.5322499750181362
0.6799999973599997 0.2857142857142856 0.08108108108108109 0.5966844901365023
0.6799999973599997 0.3928571428571428 0.15384615384615385 0.5200703020884139
0.6799999973599997 0.5 0.3023255813953488 0.47880285806080747
0.6799999973599997 0.607142857142857 0.717391304347826 0.49344754611180125
0.6799999973599997 0.7142857142857142 0.9655172413793104 0.5437826270524829
0.6799999973599997 0.8214285714285714 0.9111111111111111 0.48867488715868607
0.6799999973599997 0.9285714285714284 0.9767441860465116 0.47880285806080747
0.6799999973599997 1.0357142857142856 0.9655172413793104 0.3932676292204923
0.6799999973599997 1.1428571428571428 1.0 0.1391898849906767
0.6799999973599997 1.25 1.0 0.0
0.7999999975999998 -0.7857142857142857 0.0 0.0
0.7999999975999998 -0.6785714285714286 0.0 0.0
0.7999999975999998 -0.5714285714285714 0.0 0.0
0.7999999975999998 -0.4642857142857143 0.0 0.21904030642443262
0.7999999975999998 -0.3571428571428572 0.0 0.1391898849906767
0.7999999975999998 -0.25 0.0 0.26412862159897665
0.7999999975999998 -0.1428571428571429 0.04 0.36103863460703306
0.7999999975999998 -0.03571428571428581 0.06818181818181818 0.4837949685141079
0.7999999975999998 0.0714285714285714 0.05172413793103448 0.5437826270524829
0.7999999975999998 0.1785714285714286 0.0625 0.613613623766986
0.7999999975999998 0.2857142857142856 0.14864864864864866 0.5966844901365023
0.7999999975999998 0.3928571428571428 0.1346153846153846 0.5200703020884139
0.7999999975999998 0.5 0.36363636363636365 0.4837949685141079
0.7999999975999998 0.607142857142857 0.6451612903225806 0.5582644750201412
0.7999999975999998 0.7142857142857142 0.9420289855072463 0.5814931756396419
0.7999999975999998 0.8214285714285714 0.9887640449438202 0.6367636335934707
