desi_data/desi_elg_ts_zenodo/main_subsample_sgtstr-ebv0.1-gdepthmax24.5-100efftime1600-zok-efftime-zenodo.ecsv
# %ECSV 0.9
# ---
# datatype:
# - {name: SELNAME, datatype: string}
# - {name: SURVEY, datatype: string}
# - {name: EFFTIME_SPEC, datatype: float64}
# - {name: EFFICIENCY_06Z16, datatype: float64}
# - {name: EFFICIENCY_06Z16_ERR, datatype: float64}
# - {name: EFFICIENCY_11Z16, datatype: float64}
# - {name: EFFICIENCY_11Z16_ERR, datatype: float64}
# schema: astropy-2.0
SELNAME SURVEY EFFTIME_SPEC EFFICIENCY_06Z16 EFFICIENCY_06Z16_ERR EFFICIENCY_11Z16 EFFICIENCY_11Z16_ERR
ELG_LOP sv1 118.75 0.32405551684327905 0.014184499315763904 0.14181995008773568 0.008714022578200895
ELG_LOP sv1 156.25 0.38914757520116744 0.013683784783292293 0.17041429874303043 0.008311850120679922
ELG_LOP sv1 193.75 0.4343036092260118 0.011800851616664278 0.20609256415919905 0.007454483641025935
ELG_LOP sv1 231.25 0.47869635727739723 0.01125133758606592 0.22428593809353145 0.007007724926705391
ELG_LOP sv1 268.75 0.49667802655694404 0.01089536985756993 0.23910591526057348 0.006878435798380777
ELG_LOP sv1 306.25 0.5077399507044288 0.011649803006917484 0.23184820807602788 0.007115659566913932
ELG_LOP sv1 343.75 0.5136600619396678 0.01290617188634236 0.24893610822131693 0.00816130160129004
ELG_LOP sv1 381.25 0.5601548160544388 0.013811378451408141 0.26871001391048266 0.008626254165727086
ELG_LOP sv1 418.75 0.5829822639507507 0.013597335464010476 0.2831647372208608 0.008531961937760757
ELG_LOP sv1 456.25 0.589923315200967 0.014029953764886862 0.2930780111480474 0.008918141350129605
ELG_LOP sv1 493.75 0.5767141700252699 0.015195836784002919 0.27922771977022254 0.00952403580557477
ELG_LOP sv1 531.25 0.602099271027067 0.01716359484189682 0.2891750420678766 0.010670034910331267
ELG_LOP sv1 568.75 0.6026062378009768 0.019775579912475257 0.2876142962429033 0.012246081114173381
ELG_LOP sv1 606.25 0.6076552171950064 0.020321763521604537 0.3006767210985811 0.012857925563262344
ELG_LOP sv1 643.75 0.6189337536788663 0.019024493534453037 0.29854261272103905 0.011833351054347786
ELG_LOP sv1 681.25 0.6291846664116921 0.01792620714844747 0.3174923037374682 0.011451301074474809
ELG_LOP sv1 718.75 0.6291910461548075 0.016985502005361707 0.31979011663595575 0.010898985314521313
ELG_LOP sv1 756.25 0.643880937468568 0.016293968881422243 0.33850634810708097 0.010660622020061178
ELG_LOP sv1 793.75 0.6409257867146875 0.015860255540984056 0.3297049029135154 0.010240052320931552
ELG_LOP sv1 831.25 0.6553595264995777 0.015548451065464548 0.338639042837437 0.01005081812379702
ELG_LOP sv1 868.75 0.6349951562841093 0.015032076349896483 0.31614218651277054 0.009516300834410041
ELG_LOP sv1 906.25 0.6624658954660969 0.016913435485891855 0.3388858181243909 0.010856058232507708
ELG_LOP sv1 943.75 0.6525029167660084 0.017442365381462707 0.3447525721855501 0.01143715437637339
ELG_LOP sv1 981.25 0.665148058600227 0.01897053485272559 0.3438264699202202 0.012252796870534849
ELG_LOP sv1 1018.75 0.6521150741416462 0.0200633865635699 0.3155183152489267 0.01245325011971808
ELG_LOP sv1 1056.25 0.6480924067209436 0.021099221226770964 0.3337073303696985 0.013619787209900067
ELG_LOP sv1 1093.75 0.6756750527195676 0.02307785234248817 0.35487430798952524 0.015038978182393902
ELG_LOP sv1 1131.25 0.6799379948297486 0.024503484741984067 0.3448241241953678 0.01561270438300452
ELG_LOP sv1 1168.75 0.6675419454783592 0.025309657271155944 0.3532080896248673 0.016584646318736917
ELG_LOP sv1 1206.25 0.675919325097739 0.026709260557603007 0.35581999919390594 0.017430268361578512
ELG_LOP sv1 1243.75 0.6717854146330854 0.02720692197730903 0.34970765861275094 0.01763787611161086
ELG_LOP sv1 1281.25 0.6663273312575207 0.029340453814832666 0.3544522459713935 0.01929316903961903
ELG_LOP sv1 1318.75 0.666278520180619 0.03013041866656933 0.3382925588720638 0.0192408926366488
ELG_LOP sv1 1356.25 0.66225749482479 0.030923921131448467 0.32127391390083576 0.019202869411472773
ELG_LOP sv1 1393.75 0.6578679280850852 0.03263865890404495 0.3407841800470981 0.02112550671536684
ELG_LOP sv1 1431.25 0.6964313634021874 0.03891141823701806 0.3823103480977781 0.02602439004519359
ELG_LOP sv1 1468.75 0.6935022231973295 0.04090476801213387 0.3302712428962398 0.025018576827458235
ELG_LOP sv1 1506.25 0.6829431540916316 0.04429963432470063 0.3427197180669693 0.028030792029126343
ELG_LOP sv1 1543.75 0.6355534935702852 0.042341508838272084 0.3473356697389481 0.028409951670688795
ELG_LOP sv1 1581.25 0.6709536178243448 0.045301154417022475 0.32713537576719404 0.028190461811618175
ELG_LOP sv1 118.75 0.32405551684327905 0.014184499315763904 0.14181995008773568 0.008714022578200895
ELG_LOP sv1 156.25 0.38914757520116744 0.013683784783292293 0.17041429874303043 0.008311850120679922
ELG_LOP sv1 193.75 0.4343036092260118 0.011800851616664278 0.20609256415919905 0.007454483641025935
ELG_LOP sv1 231.25 0.47869635727739723 0.01125133758606592 0.22428593809353145 0.007007724926705391
ELG_LOP sv1 268.75 0.49667802655694404 0.01089536985756993 0.23910591526057348 0.006878435798380777
ELG_LOP sv1 306.25 0.5077399507044288 0.011649803006917484 0.23184820807602788 0.007115659566913932
ELG_LOP sv1 343.75 0.5136600619396678 0.01290617188634236 0.24893610822131693 0.00816130160129004
ELG_LOP sv1 381.25 0.5601548160544388 0.013811378451408141 0.26871001391048266 0.008626254165727086
ELG_LOP sv1 418.75 0.5829822639507507 0.013597335464010476 0.2831647372208608 0.008531961937760757
ELG_LOP sv1 456.25 0.589923315200967 0.014029953764886862 0.2930780111480474 0.008918141350129605
ELG_LOP sv1 493.75 0.5767141700252699 0.015195836784002919 0.27922771977022254 0.00952403580557477
ELG_LOP sv1 531.25 0.602099271027067 0.01716359484189682 0.2891750420678766 0.010670034910331267
ELG_LOP sv1 568.75 0.6026062378009768 0.019775579912475257 0.2876142962429033 0.012246081114173381
ELG_LOP sv1 606.25 0.6076552171950064 0.020321763521604537 0.3006767210985811 0.012857925563262344
ELG_LOP sv1 643.75 0.6189337536788663 0.019024493534453037 0.29854261272103905 0.011833351054347786
ELG_LOP sv1 681.25 0.6291846664116921 0.01792620714844747 0.3174923037374682 0.011451301074474809
ELG_LOP sv1 718.75 0.6291910461548075 0.016985502005361707 0.31979011663595575 0.010898985314521313
ELG_LOP sv1 756.25 0.643880937468568 0.016293968881422243 0.33850634810708097 0.010660622020061178
ELG_LOP sv1 793.75 0.6409257867146875 0.015860255540984056 0.3297049029135154 0.010240052320931552
ELG_LOP sv1 831.25 0.6553595264995777 0.015548451065464548 0.338639042837437 0.01005081812379702
ELG_LOP sv1 868.75 0.6349951562841093 0.015032076349896483 0.31614218651277054 0.009516300834410041
ELG_LOP sv1 906.25 0.6624658954660969 0.016913435485891855 0.3388858181243909 0.010856058232507708
ELG_LOP sv1 943.75 0.6525029167660084 0.017442365381462707 0.3447525721855501 0.01143715437637339
ELG_LOP sv1 981.25 0.665148058600227 0.01897053485272559 0.3438264699202202 0.012252796870534849
ELG_LOP sv1 1018.75 0.6521150741416462 0.0200633865635699 0.3155183152489267 0.01245325011971808
ELG_LOP sv1 1056.25 0.6480924067209436 0.021099221226770964 0.3337073303696985 0.013619787209900067
ELG_LOP sv1 1093.75 0.6756750527195676 0.02307785234248817 0.35487430798952524 0.015038978182393902
ELG_LOP sv1 1131.25 0.6799379948297486 0.024503484741984067 0.3448241241953678 0.01561270438300452
ELG_LOP sv1 1168.75 0.6675419454783592 0.025309657271155944 0.3532080896248673 0.016584646318736917
ELG_LOP sv1 1206.25 0.675919325097739 0.026709260557603007 0.35581999919390594 0.017430268361578512
ELG_LOP sv1 1243.75 0.6717854146330854 0.02720692197730903 0.34970765861275094 0.01763787611161086
ELG_LOP sv1 1281.25 0.6663273312575207 0.029340453814832666 0.3544522459713935 0.01929316903961903
ELG_LOP sv1 1318.75 0.666278520180619 0.03013041866656933 0.3382925588720638 0.0192408926366488
ELG_LOP sv1 1356.25 0.66225749482479 0.030923921131448467 0.32127391390083576 0.019202869411472773
ELG_LOP sv1 1393.75 0.6578679280850852 0.03263865890404495 0.3407841800470981 0.02112550671536684
ELG_LOP sv1 1431.25 0.6964313634021874 0.03891141823701806 0.3823103480977781 0.02602439004519359
ELG_LOP sv1 1468.75 0.6935022231973295 0.04090476801213387 0.3302712428962398 0.025018576827458235
ELG_LOP sv1 1506.25 0.6829431540916316 0.04429963432470063 0.3427197180669693 0.028030792029126343
ELG_LOP sv1 1543.75 0.6355534935702852 0.042341508838272084 0.3473356697389481 0.028409951670688795
ELG_LOP sv1 1581.25 0.6709536178243448 0.045301154417022475 0.32713537576719404 0.028190461811618175
ELG_LOP sv3 118.75 0.3537667311986957 0.01138663269760475 0.16172840074362985 0.0071319838017128295
ELG_LOP sv3 156.25 0.38233856606765204 0.008479059566056935 0.1725194457454147 0.005245603670198042
ELG_LOP sv3 193.75 0.4405998421400923 0.011615884896678235 0.2043490765960676 0.007233041912263261
ELG_LOP sv3 231.25 0.4663303590668102 0.010716566927676412 0.2207383080456017 0.006727335141963971
ELG_LOP sv3 268.75 0.4903950195632126 0.012956501140004215 0.24106816174705742 0.00828956539859883
ELG_LOP sv3 306.25 0.5175670955874667 0.014796515334935915 0.24223177444320343 0.009158388045480829
ELG_LOP sv3 343.75 0.5334044191863471 0.012897452891489995 0.26799576738859554 0.008313236958815208
ELG_LOP sv3 381.25 0.5316356158997645 0.011808373699853934 0.2633683603427857 0.007548351658244193
ELG_LOP sv3 418.75 0.5514053873248541 0.011794314475704388 0.2682813041442799 0.007438366157743493
ELG_LOP sv3 456.25 0.5711834226099137 0.011339427770152366 0.2735153022437063 0.007064522225490052
ELG_LOP sv3 493.75 0.5706529461365732 0.011423039181616525 0.2772687382951168 0.007180374772517561
ELG_LOP sv3 531.25 0.5851759548003579 0.011331548397604186 0.29089019463663984 0.007209688082033267
ELG_LOP sv3 568.75 0.5912574974955144 0.011015930244752418 0.2965801114884661 0.007042604585402508
ELG_LOP sv3 606.25 0.5927279069357452 0.010903249805476311 0.2902851969102828 0.0068677231883033886
ELG_LOP sv3 643.75 0.6064874797536839 0.011571850110751408 0.30837484529649817 0.007446612797511477
ELG_LOP sv3 681.25 0.5998609693791271 0.012286966004668035 0.2931057455450187 0.007721602112133348
ELG_LOP sv3 718.75 0.6059156774604542 0.013214069299041618 0.3042841377082716 0.008439075634920927
ELG_LOP sv3 756.25 0.6152143886747763 0.013851080589964539 0.30869243045395345 0.008831553658395679
ELG_LOP sv3 793.75 0.6223857605953834 0.014572027478389734 0.3087287642828828 0.009217782698014496
ELG_LOP sv3 831.25 0.6181147077879144 0.014397784310955647 0.31429882488415267 0.009252836969424893
ELG_LOP sv3 868.75 0.6164756638318267 0.013529789332002499 0.30833013857387775 0.008608255378236075
ELG_LOP sv3 906.25 0.6170631939077197 0.012214682025375831 0.3185012602537195 0.007924095492222016
ELG_LOP sv3 943.75 0.626647080079323 0.01065238965585464 0.3119159952701865 0.0067493306029745
ELG_LOP sv3 981.25 0.624565082124842 0.00892717339357355 0.3218398559691178 0.005780506538233236
ELG_LOP sv3 1018.75 0.6241704682588611 0.0075305406020103795 0.31904336312794096 0.004851914454719739
ELG_LOP sv3 1056.25 0.6263093660167756 0.006636988167049248 0.3209947157649452 0.004282274377558929
ELG_LOP sv3 1093.75 0.6279319925841634 0.00599639682879337 0.3189079879163243 0.0038464126960141426
ELG_LOP sv3 1131.25 0.6283727678675431 0.005600530712726298 0.31788206105737665 0.003583561592725753
ELG_LOP sv3 1168.75 0.6276685350773324 0.005322235929560253 0.3157097022004063 0.0033936727585324655
ELG_LOP sv3 1206.25 0.6276367534668748 0.005250224880566726 0.3126676604499223 0.00332785084613445
ELG_LOP sv3 1243.75 0.626008429428775 0.005324517031153941 0.3180737787389837 0.0034171380785163463
ELG_LOP sv3 1281.25 0.6340872628818816 0.005665966986532037 0.31836845006089554 0.0036061626819679417
ELG_LOP sv3 1318.75 0.6314609951944345 0.006191704120984929 0.32058866390276697 0.003969231649063747
ELG_LOP sv3 1356.25 0.629707922221306 0.0068659098241978115 0.31117949867510897 0.00432922533886897
ELG_LOP sv3 1393.75 0.6319213162643946 0.008035520411022803 0.3219524894908464 0.005162222454536914
ELG_LOP sv3 1431.25 0.6219768976874626 0.009387585494999356 0.31428383739628313 0.006006895177967257
ELG_LOP sv3 1468.75 0.6449427711616722 0.011910825498354255 0.33673653873310255 0.007758431091752412
ELG_LOP sv3 1506.25 0.6304028411430309 0.014172055231332742 0.3141644635523238 0.008982137157951424
ELG_LOP sv3 1543.75 0.6314022077811655 0.017781509601517004 0.33748332100922057 0.011770784324257195
ELG_LOP sv3 1581.25 0.6488433927520496 0.022380684130054836 0.3283021023391526 0.01428890577455794
ELG_LOP sv3 118.75 0.3537667311986957 0.01138663269760475 0.16172840074362985 0.0071319838017128295
ELG_LOP sv3 156.25 0.38233856606765204 0.008479059566056935 0.1725194457454147 0.005245603670198042
ELG_LOP sv3 193.75 0.4405998421400923 0.011615884896678235 0.2043490765960676 0.007233041912263261
ELG_LOP sv3 231.25 0.4663303590668102 0.010716566927676412 0.2207383080456017 0.006727335141963971
ELG_LOP sv3 268.75 0.4903950195632126 0.012956501140004215 0.24106816174705742 0.00828956539859883
ELG_LOP sv3 306.25 0.5175670955874667 0.014796515334935915 0.24223177444320343 0.009158388045480829
ELG_LOP sv3 343.75 0.5334044191863471 0.012897452891489995 0.26799576738859554 0.008313236958815208
ELG_LOP sv3 381.25 0.5316356158997645 0.011808373699853934 0.2633683603427857 0.007548351658244193
ELG_LOP sv3 418.75 0.5514053873248541 0.011794314475704388 0.2682813041442799 0.007438366157743493
ELG_LOP sv3 456.25 0.5711834226099137 0.011339427770152366 0.2735153022437063 0.007064522225490052
ELG_LOP sv3 493.75 0.5706529461365732 0.011423039181616525 0.2772687382951168 0.007180374772517561
ELG_LOP sv3 531.25 0.5851759548003579 0.011331548397604186 0.29089019463663984 0.007209688082033267
ELG_LOP sv3 568.75 0.5912574974955144 0.011015930244752418 0.2965801114884661 0.007042604585402508
ELG_LOP sv3 606.25 0.5927279069357452 0.010903249805476311 0.2902851969102828 0.0068677231883033886
ELG_LOP sv3 643.75 0.6064874797536839 0.011571850110751408 0.30837484529649817 0.007446612797511477
ELG_LOP sv3 681.25 0.5998609693791271 0.012286966004668035 0.2931057455450187 0.007721602112133348
ELG_LOP sv3 718.75 0.6059156774604542 0.013214069299041618 0.3042841377082716 0.008439075634920927
ELG_LOP sv3 756.25 0.6152143886747763 0.013851080589964539 0.30869243045395345 0.008831553658395679
ELG_LOP sv3 793.75 0.6223857605953834 0.014572027478389734 0.3087287642828828 0.009217782698014496
ELG_LOP sv3 831.25 0.6181147077879144 0.014397784310955647 0.31429882488415267 0.009252836969424893
ELG_LOP sv3 868.75 0.6164756638318267 0.013529789332002499 0.30833013857387775 0.008608255378236075
ELG_LOP sv3 906.25 0.6170631939077197 0.012214682025375831 0.3185012602537195 0.007924095492222016
ELG_LOP sv3 943.75 0.626647080079323 0.01065238965585464 0.3119159952701865 0.0067493306029745
ELG_LOP sv3 981.25 0.624565082124842 0.00892717339357355 0.3218398559691178 0.005780506538233236
ELG_LOP sv3 1018.75 0.6241704682588611 0.0075305406020103795 0.31904336312794096 0.004851914454719739
ELG_LOP sv3 1056.25 0.6263093660167756 0.006636988167049248 0.3209947157649452 0.004282274377558929
ELG_LOP sv3 1093.75 0.6279319925841634 0.00599639682879337 0.3189079879163243 0.0038464126960141426
ELG_LOP sv3 1131.25 0.6283727678675431 0.005600530712726298 0.31788206105737665 0.003583561592725753
ELG_LOP sv3 1168.75 0.6276685350773324 0.005322235929560253 0.3157097022004063 0.0033936727585324655
ELG_LOP sv3 1206.25 0.6276367534668748 0.005250224880566726 0.3126676604499223 0.00332785084613445
ELG_LOP sv3 1243.75 0.626008429428775 0.005324517031153941 0.3180737787389837 0.0034171380785163463
ELG_LOP sv3 1281.25 0.6340872628818816 0.005665966986532037 0.31836845006089554 0.0036061626819679417
ELG_LOP sv3 1318.75 0.6314609951944345 0.006191704120984929 0.32058866390276697 0.003969231649063747
ELG_LOP sv3 1356.25 0.629707922221306 0.0068659098241978115 0.31117949867510897 0.00432922533886897
ELG_LOP sv3 1393.75 0.6319213162643946 0.008035520411022803 0.3219524894908464 0.005162222454536914
ELG_LOP sv3 1431.25 0.6219768976874626 0.009387585494999356 0.31428383739628313 0.006006895177967257
ELG_LOP sv3 1468.75 0.6449427711616722 0.011910825498354255 0.33673653873310255 0.007758431091752412
ELG_LOP sv3 1506.25 0.6304028411430309 0.014172055231332742 0.3141644635523238 0.008982137157951424
ELG_LOP sv3 1543.75 0.6314022077811655 0.017781509601517004 0.33748332100922057 0.011770784324257195
ELG_LOP sv3 1581.25 0.6488433927520496 0.022380684130054836 0.3283021023391526 0.01428890577455794
