desi_data/desi_elg_ts_zenodo/photsnr-zenodo.ecsv
# %ECSV 0.9
# ---
# datatype:
# - {name: LOG10SNR, datatype: float64}
# - {name: LRG, datatype: float64}
# - {name: ELG_LOP, datatype: float64}
# - {name: ELG_VLO, datatype: float64}
# - {name: QSO, datatype: float64}
# schema: astropy-2.0
LOG10SNR LRG ELG_LOP ELG_VLO QSO
[from data line 311]
1.2795295295295295 0.0036324353969207335 0.7695204342136752 0.8037615080238568 0.2694532220715006
1.282032032032032 0.0037564960154109843 0.7727555644494009 0.807467878176795 0.27179256085670356
1.2845345345345345 0.0038780387984706215 0.7759602933383983 0.8111351949105213 0.2741190309806127
1.287037037037037 0.00400438835826143 0.7791255667265574 0.8147282638393432 0.2764082739057789
1.2895395395395395 0.004145272695310783 0.7822389443533525 0.8182978698443698 0.2786832693845126
1.292042042042042 0.004291192703221364 0.7853108789820654 0.8218100534306345 0.28098538097097264
1.2945445445445445 0.004438257181782224 0.7883435789429669 0.8252851902951173 0.28325945725961393
1.297047047047047 0.004585207213278057 0.7913281004984603 0.828680059262406 0.28552250326714623
1.2995495495495495 0.004742915268886512 0.7942919741659216 0.8320324788609862 0.2877901452251406
1.3020520520520522 0.004912983607517982 0.7972082583160469 0.8353730126363281 0.29005457001781154
1.3045545545545547 0.005091635476026544 0.8000704383745375 0.838651030068663 0.29231118169469694
1.3070570570570572 0.005265251673673879 0.802911749711969 0.841874249225029 0.2945475711895491
1.3095595595595597 0.005457980531180874 0.8057167708219501 0.845031710450232 0.29677017283301504
1.3120620620620622 0.005662268542255687 0.8084732086659735 0.8481615409954393 0.2990493046671647
1.3145645645645647 0.005866785447460557 0.8112199666623098 0.851233794760544 0.30128661335210927
1.3170670670670672 0.0060825181650381605 0.8139007691945579 0.8542697736105704 0.3035124321608987
1.3195695695695697 0.0063021420828267135 0.8165395030351471 0.8572339744371446 0.30571274344462346
1.3220720720720722 0.006539963083954704 0.8191356529070143 0.8601205315093174 0.30789627950916165
1.3245745745745747 0.0067933488859264896 0.8216879674230059 0.8630199005727732 0.3100837221315926
1.3270770770770772 0.007058179394401066 0.8242191555794067 0.8658572163772443 0.3123111495230437
1.3295795795795797 0.0073315934327527355 0.8267023125524176 0.8686363379562497 0.3144988219429977
1.3320820820820822 0.007614735471631777 0.8291444313878958 0.8713125005209695 0.31667937063973556
1.3345845845845847 0.007896504145730484 0.8315838634215447 0.8739693679180947 0.318861298121612
1.3370870870870872 0.008205969009565944 0.8339651427580621 0.8765504438969076 0.32105172811184335
1.3395895895895897 0.008530426438920059 0.8363100950616248 0.8791123790694666 0.32318332993615995
1.3420920920920922 0.008887844623002211 0.8386226953267201 0.8816596499146536 0.3253392902979256
1.3445945945945947 0.00924926845436034 0.840894699120337 0.8841193978796309 0.32748835673399807
1.3470970970970972 0.009630834969163381 0.8431559925121406 0.8865272804341136 0.3296116858474829
1.3495995995995997 0.010022472825688878 0.8453807380379622 0.8888984249894958 0.3317483432173078
1.3521021021021022 0.010436313412829789 0.8475459690629856 0.8912448717303567 0.3338454754131587
1.3546046046046047 0.010877850189707453 0.8496874973431023 0.8935748018077566 0.33596696614645866
1.3571071071071072 0.011329458308307573 0.8518034457975822 0.8958449940462831 0.3380942018178362
1.3596096096096097 0.011801094663287576 0.8538812269438815 0.8980793744537539 0.3401945511790106
1.3621121121121122 0.012294132619427798 0.855939169923248 0.9002833456770952 0.34230064547826256
1.3646146146146148 0.012798729729135839 0.8579444074201513 0.9024252636414519 0.3444421285960726
1.3671171171171173 0.013333540864011248 0.859923586619859 0.9045119202458173 0.34651007650648924
1.3696196196196198 0.01389982494176933 0.861884436678319 0.9065732615902984 0.3486012339667394
1.3721221221221223 0.014476409255379925 0.8638214735753589 0.9085819657175811 0.35067791418303407
1.3746246246246248 0.015084008723613082 0.8657241341311831 0.910550998980289 0.35278377868476296
1.3771271271271273 0.0157057996279097 0.8675954732026664 0.9124724889500434 0.35488964318649185
1.3796296296296298 0.016342926438920057 0.8694329144044928 0.91434350276137 0.35698631578729656
1.3821321321321323 0.017007291651407058 0.871248419525629 0.9162109662618592 0.35910321057013445
1.3846346346346348 0.017696377429940083 0.873024763589963 0.918038450175092 0.3611920700551536
1.3871371371371373 0.01841647836309567 0.8747860542029509 0.9198333638454249 0.3633218334992853
1.3896396396396398 0.01916232988588254 0.8765062330673973 0.9215875261217977 0.36540425865365755
1.3921421421421423 0.019935763151341133 0.8782148181979219 0.9233023262562773 0.3675096635603402
1.3946446446446448 0.02074192827739771 0.8798821443578869 0.9249925829375764 0.3695962250701283
1.3971471471471473 0.021583228652417852 0.8815346010940285 0.9266579874430134 0.37166486237311425
1.3996496496496498 0.02242693241580358 0.8831462037201601 0.9282770835462231 0.37376107537887276
1.4021521521521523 0.023335298770930074 0.8847372688747732 0.9298453947683234 0.3757986900162396
1.4046546546546548 0.024266897880257234 0.886293331994594 0.9313760418232788 0.37787973638547323
1.4071571571571573 0.025240270168319583 0.8878435062336927 0.9328952661390182 0.3799704342506772
1.4096596596596598 0.026253813376206726 0.8893710450875155 0.9343834638252652 0.38207446037222126
1.4121621621621623 0.027283035832002693 0.8908671520404838 0.9358231920505141 0.38417503953091875
1.4146646646646648 0.028350712501648036 0.8923429791604652 0.9372539673179991 0.38626527780107656
1.4171671671671673 0.02944997656124108 0.8937861229924386 0.9386773332411278 0.3883334555090163
1.4196696696696698 0.030603259635527298 0.8952114161547231 0.9400272231660557 0.39040002463429435
1.4221721721721723 0.03180014704158915 0.8966096572711901 0.9413618313182486 0.39246498517691064
1.4246746746746748 0.0330187793900063 0.8979685901088368 0.9426476612867619 0.3945193750334641
1.4271771771771773 0.03427723931705316 0.8993022375648826 0.943918981289244 0.3965733052949714
1.4296796796796798 0.03557323788142918 0.9006389766833076 0.9451605095529598 0.398678480404131
1.4321821821821823 0.03689784821206217 0.9019489213944468 0.9463838231784663 0.40077791057521295
1.4346846846846848 0.03829307238181738 0.9032363043313192 0.9475727142249837 0.40286883823794006
1.4371871871871873 0.03974918239016744 0.904513970615 0.9487487932802182 0.4049491952146044
1.4396896896896898 0.04123035630575861 0.9057612723574573 0.9498791813785884 0.40699784013308027
1.4421921921921923 0.04277207271874954 0.9069793873348353 0.9509901199480231 0.40906739662615865
1.4446946946946948 0.04434766546298873 0.9081790259489476 0.9520934948117606 0.41109512997003206
1.4471971971971973 0.04599535985819551 0.909373585403437 0.95316059476042 0.4132058202197461
1.4496996996996998 0.04770336785667199 0.9105465768322816 0.9542056210373511 0.4152563035184068
1.4522022022022023 0.04945063119845304 0.9116950557951201 0.9552563586838901 0.4173566528795812
1.4547047047047048 0.051270110638266704 0.9128295486662436 0.956231304912117 0.4194436739844155
1.4572072072072073 0.05312678537421443 0.9139470373942817 0.9572189087702861 0.42156424552762306
1.4597097097097098 0.05506517531459209 0.915033499082015 0.9581828953433192 0.42366528428136674
1.4622122122122123 0.05703435151546225 0.9161232732651546 0.9591314457822766 0.42575805032427866
1.4647147147147148 0.05904438531854738 0.9171811002703765 0.9600326072896213 0.4278303643876343
1.4672172172172173 0.06112365959597439 0.9182338481159754 0.9609410237799816 0.42992749658348517
1.4697197197197198 0.06323074451020318 0.9192585501671351 0.9617988097505733 0.43200555558491843
1.4722222222222223 0.06546051667814189 0.9202603591944875 0.9626445555365859 0.4341008494005845
1.4747247247247248 0.06771867171820752 0.9212479244915931 0.9634745564658411 0.43621085025772927
1.4772272272272273 0.07002203334895916 0.9222284967428411 0.964277389799123 0.43827535120529937
1.4797297297297298 0.07238135959450946 0.9232022967812588 0.9650627803008993 0.4403931651782297
1.4822322322322323 0.07480958297320656 0.9241623683664928 0.9658416876263637 0.4425229286223614
1.4847347347347348 0.07731082357939145 0.9250938052692154 0.966607937321886 0.44459018714020876
1.4872372372372373 0.07985429515257166 0.9260014658160223 0.9673368315729448 0.44669651123698384
1.4897397397397398 0.08247055505910961 0.9269171867683176 0.9680547661688098 0.4487908858625575
1.4922422422422423 0.08513488273295927 0.9278012549867313 0.9687799557476905 0.4509211089017354
1.4947447447447448 0.08786181295137921 0.9286722940565473 0.9694576020336177 0.45300537243629246
1.4972472472472473 0.09063726872537098 0.9295401678529751 0.9701374093783156 0.4551395020333632
1.4997497497497498 0.09348230831489972 0.9303897861191642 0.9707988477234633 0.4572375534193065
1.5022522522522523 0.09636168202393683 0.931227626623909 0.9714392929262678 0.4593321578424033
1.5047547547547548 0.09931910863132297 0.9320498615947401 0.9720845233306359 0.4614145829967755
1.5072572572572573 0.10232837975916675 0.9328547243674409 0.9726940962652889 0.4634802329319611
1.5097597597597598 0.10536317258251175 0.9336468156300755 0.9732978034689931 0.4655810418881817
1.5122622622622623 0.10843619072557607 0.9344327235679517 0.9738765041354944 0.4676820806419254
1.5147647647647648 0.11158989404948508 0.9352007440306345 0.9744314331555191 0.46975945025078936
1.5172672672672673 0.11474611520882469 0.9359642742217665 0.9749733958229201 0.4718597996119637
1.5197697697697699 0.11794479622928966 0.936713855126688 0.9755116538181429 0.4739436035514746
1.5222722722722724 0.12120070078226858 0.9374577311784099 0.9760553144602923 0.47606463468972837
1.5247747747747749 0.12452927922154022 0.9381722732430345 0.9765684115569715 0.4781767037245811
1.5272772772772774 0.1278809759679475 0.9388831347572079 0.977082589183036 0.48025200515573707
1.5297797797797799 0.1312712413752692 0.9395774337943501 0.9775770085574836 0.48232110205376927
1.5322822822822824 0.13472777163324204 0.9402539557728123 0.9780532132937217 0.48440559538584943
1.5347847847847849 0.13820719130422046 0.9409278645604541 0.9785355924835902 0.4865112300900552
1.5372872872872874 0.1417457801078183 0.9415926455829765 0.9789969785311157 0.48862077135215376
1.5397897897897899 0.1452801343700101 0.9422434773192884 0.9794364452682535 0.4906873404774318
1.5422922922922924 0.14885935188169286 0.9428906653106534 0.9798745227533244 0.49275942474326434
1.5447947947947949 0.1524951062434994 0.9435243824873664 0.9803189290533665 0.49485012260846833
1.5472972972972974 0.15613292065247644 0.9441532413374837 0.9807386375388872 0.49690658064272974
1.5497997997997999 0.15981365271083894 0.9447691446500122 0.9811435273356952 0.4989807330862702
1.5523023023023024 0.1635400491481476 0.945378975054296 0.9815499607459108 0.5009818099174634
1.5548048048048049 0.1672908228103072 0.9459720957595307 0.9819448170555696 0.5030401063319097
1.5573073073073074 0.17100749124708847 0.9465593275840432 0.9823263982899231 0.5051507965816238
1.5598098098098099 0.17480587488829968 0.9471339351205076 0.9826842078777999 0.5072219616573639
1.5623123123123124 0.17857290003369325 0.947708616267981 0.9830506617007592 0.509279798476764
1.5648148148148149 0.18238902296998377 0.9482675078540181 0.9834053840618209 0.5113569382881048
1.5673173173173174 0.18625653263847183 0.9488177869519991 0.9837562473893636 0.5134209796406287
1.5698198198198199 0.19013937821367363 0.9493668514683312 0.9840969228684163 0.5154827230179215
1.5723223223223224 0.19400116552891028 0.9499101743259591 0.9844164508437852 0.5175070093989483
1.5748248248248249 0.19790403934049194 0.9504459152496573 0.984735361373791 0.5195349725403449
1.5773273273273274 0.20180737094033374 0.950965572167883 0.9850510303156409 0.521551216008063
1.57982982982983 0.20571871383472748 0.9514808492310717 0.9853605248038605 0.5236030780918624
1.5823323323323324 0.2096226176698944 0.9519888019988622 0.9856576703848194 0.5256170235843495
1.584834834834835 0.2135218291753952 0.9524861179758483 0.9859446281172884 0.5276233857585741
1.5873373373373374 0.21744873687063274 0.9529760728519316 0.986236988496684 0.5296626089786027
1.58983983983984 0.22134371383472748 0.953455133298679 0.9865180804982041 0.5316567918841029
1.5923423423423424 0.22528652967200388 0.9539301819454344 0.9867950047435238 0.5336755631245752
1.594844844844845 0.22922373760309392 0.9543905820013935 0.9870615867790127 0.5356846828690771
1.5973473473473474 0.2332147356547471 0.9548581223252282 0.9873244641423234 0.5377020753244108
1.59984984984985 0.23715778038615357 0.9553138112766095 0.9875873415056342 0.5397003945853268
1.6023523523523524 0.2411392793314094 0.9557632800977282 0.9878332391214616 0.5417000926313814
1.604854854854855 0.24508232406281588 0.956198284355573 0.9880735797290217 0.5437076037932216
1.6073573573573574 0.2490173574996704 0.9566342455565351 0.9883129941685371 0.5457121275872614
1.60985985985986 0.2529613178075971 0.9570693970363979 0.9885448449023555 0.5476801135751276
1.6123623623623624 0.2568929178325008 0.9574995429676469 0.9887751520227663 0.5497129024645092
1.614864864864865 0.26085873752984784 0.9579164389172711 0.9889835398327895 0.5516563001174033
1.6173673673673674 0.2647952587785477 0.9583409536063295 0.989187914247953 0.5536688668247518
1.61986986986987 0.26871152289673766 0.9587493474844111 0.9893892014363014 0.5556515598540968
1.6223723723723724 0.27267974598245026 0.9591511899826892 0.9895980523303468 0.5576087453583771
1.624874874874875 0.2765884565943484 0.9595543942846344 0.9898016549388065 0.5595542111889791
1.6273773773773774 0.2805009439593924 0.9599499430416407 0.9899987743709543 0.5614856593706717
1.62987987987988 0.284436435184507 0.960340044583979 0.9901957394417614 0.5634596200941386
1.6323823823823824 0.2883770765275479 0.9607216440547748 0.9903817448573747 0.5653912980733544
1.634884884884885 0.2922825826216252 0.9610939685384331 0.9905600322059501 0.5673039028581525
1.6373873873873874 0.29619255215123863 0.9614650784404425 0.9907389369998886 0.5692847575073126
1.63988988988989 0.3000970282217307 0.961829747379162 0.9909139827603081 0.571248836937286
1.6423923923923924 0.303977928196827 0.9621932385417371 0.9910865587392754 0.5731887876273335
1.644894894894895 0.3078869821499202 0.9625439213887416 0.9912546582393608 0.5750981752468081
1.6473973973973974 0.3117485405710268 0.9628841146669597 0.9914198248739717 0.5770574289287963
1.6498998998999 0.31563401842872424 0.9632285037726923 0.9915748036600927 0.5789785362219493
1.6524024024024024 0.3194814998608324 0.9635684762178833 0.9917239167152648 0.580934342941091
1.654904904904905 0.32333584811684224 0.9639065347768396 0.991873029770437 0.5828917582428944
1.6574074074074074 0.3272317406574572 0.9642350239046225 0.9920185925147718 0.5847823024654745
1.65990990990991 0.33104969474678814 0.9645610838691073 0.9921641552591065 0.5866889325146718
1.6624124124124124 0.3348858459194585 0.9648849355033214 0.9923069394993076 0.5885941837787305
1.664914914914915 0.33868056725458884 0.9651985920127852 0.9924523478823015 0.5905090865387597
1.6674174174174174 0.34250985160335756 0.9655174749038901 0.9925835550219457 0.5924828174647035
1.66991991991992 0.34629999505588677 0.965834149464724 0.9927218627832648 0.5944319600556752
1.6724224224224224 0.3500793804843033 0.966142800425574 0.9928489021667085 0.5962963073606213
1.674924924924925 0.35382694962864214 0.9664503104157841 0.9929845857852347 0.5982185636413898
1.6774274274274275 0.3576038172216281 0.9667549127711377 0.9931147123954936 0.6001146230045243
1.67992992992993 0.361372215731802 0.9670567915191572 0.9932369665773739 0.6020251596116145
1.6824324324324325 0.3651401564537158 0.9673550265222299 0.9933564422551205 0.6039140952515328
1.684934934934935 0.36887685312687696 0.9676548441619968 0.9934712870926444 0.6058296874041312
1.6874374374374375 0.3726238500358906 0.9679457180641667 0.9935873668208943 0.607721840209373
1.68993993993994 0.3763549388028654 0.9682311815571732 0.9937042183558481 0.6096192783576462
1.6924424424424425 0.3800733239456221 0.9685065971474476 0.9938079491768375 0.6114755827492837
