desi_data/desi_elg_ts_zenodo/photsnr-zenodo.ecsv
# %ECSV 0.9
# ---
# datatype:
# - {name: LOG10SNR, datatype: float64}
# - {name: LRG, datatype: float64}
# - {name: ELG_LOP, datatype: float64}
# - {name: ELG_VLO, datatype: float64}
# - {name: QSO, datatype: float64}
# schema: astropy-2.0
LOG10SNR LRG ELG_LOP ELG_VLO QSO
[from data line 151]
0.8791291291291291 0.00015061233757672563 0.0733358510752121 0.04968644580851847 0.005678986188479469
0.8816316316316316 0.00015210014942208843 0.07574009704654598 0.051592962728219394 0.005941644757387818
0.8841341341341341 0.00015404574952756285 0.07817986032973537 0.05353899615115434 0.00621694219006691
0.8866366366366366 0.00015576245550298146 0.08067711381097481 0.05554893516916306 0.0065108532221174594
0.8891391391391391 0.00015679247908823263 0.08320966377104268 0.057584189447056074 0.006818552105554275
0.8916416416416416 0.0001580513968035396 0.08578785255670726 0.059718543705715665 0.007137970662669415
0.8941441441441441 0.0001594247615838745 0.08842021904501568 0.06191047474447796 0.00746956848850909
0.8966466466466466 0.00016056923223415357 0.09107264453328394 0.06414809674010459 0.007806221859857062
0.8991491491491491 0.00016194259701448845 0.09377840119759223 0.06641134271829703 0.008160110045437865
0.9016516516516517 0.00016365930298990706 0.09652420225081118 0.06872815208173247 0.008537667375898422
0.9041541541541542 0.00016491822070521404 0.0993370997387582 0.07113819569498568 0.008938664053715632
0.9066566566566567 0.00016640603255057684 0.10218238607067709 0.07356166874488483 0.009348393037410807
0.9091591591591592 0.00016766495026588382 0.10506403624105529 0.07609026186784013 0.009779033595708485
0.9116616616616617 0.00016961055037135824 0.10796280097103225 0.07865312320844367 0.010230355931085561
0.9141641641641642 0.00017121280928174894 0.1109530273797252 0.08129810478233042 0.010695006522802693
0.9166666666666667 0.00017304396232219546 0.11395197669298786 0.0839730324563242 0.01117551314361403
0.9191691691691692 0.00017476066829761407 0.11700175440798362 0.08672344282594861 0.011677390934074078
0.9216716716716717 0.0001770496095981722 0.12009934247334239 0.08952942327824587 0.012181336902242065
0.9241741741741742 0.00017910965676867454 0.1232339200707372 0.0923545445367971 0.012713777763275
0.9266766766766767 0.00018036857448398152 0.12640673858732152 0.09522504802953116 0.013284824608189477
0.9291791791791792 0.0001816274921992885 0.12961489038823878 0.09814355789924092 0.01386299517632019
0.9316816816816818 0.0001831153040446513 0.13285889075055218 0.10113508068312918 0.01443312283114225
0.9341841841841843 0.00018448866882498618 0.13616299450173608 0.10416040860064342 0.015068742780049068
0.9366866866866868 0.0001863198218654327 0.13947261907859698 0.10725319242406886 0.015721827340711824
0.9391891891891893 0.00018860876316599085 0.14283454427737155 0.11040339866625624 0.016390308335422574
0.9416916916916918 0.00019078325740152108 0.1462378756687238 0.11361210785659087 0.017079700904735828
0.9441941941941943 0.00019181328098677225 0.14969126254621434 0.11688348775127322 0.017792303023882627
0.9466966966966968 0.00019364443402721877 0.15318462020160653 0.12021784707298479 0.018570627234637288
0.9491991991991993 0.00019501779880755365 0.1566961965817329 0.12357999143603278 0.019329648453451177
0.9517017017017018 0.00019696339891302808 0.16024711804618416 0.12697532348734372 0.020149795813410844
0.9542042042042043 0.00019982457553872576 0.1638353234867076 0.13040986331920718 0.02100831935972895
0.9567067067067068 0.00020131238738408855 0.16745308374735535 0.13387666467128903 0.02186477472833911
0.9592092092092093 0.00020325798748956298 0.17112229810331295 0.13744781428972322 0.02275730830807667
0.9617117117117118 0.00020474579933492577 0.1748200367252685 0.14103795035307065 0.023652599458091478
0.9642142142142143 0.0002066913994404002 0.17857044402418282 0.14469430743160322 0.0245589208892153
0.9667167167167168 0.00020920923487101415 0.18233446935976713 0.14843031496196687 0.02550936344477517
0.9692192192192193 0.00021035370552129323 0.18614133630260513 0.15218777871869588 0.026503237732201777
0.9717217217217218 0.00021287154095190719 0.18998865249490343 0.15600961115452092 0.027504005945321517
0.9742242242242243 0.00021527492931749324 0.19386817350365104 0.1599024498070946 0.02851189788165749
0.9767267267267268 0.00021710608235793975 0.19779164028478774 0.16385857660937903 0.029557706409305697
0.9792292292292293 0.00021893723539838627 0.20177333337406475 0.1678332267725544 0.03063155023477264
0.9817317317317318 0.00022031060017872116 0.2057933041880358 0.17192905058822475 0.03173549753576626
0.9842342342342343 0.00022202730615413977 0.20984860828633975 0.17602749854668795 0.03285530086585409
0.9867367367367368 0.00022443069451972582 0.21393479220293052 0.18013659743766347 0.03402382127084005
0.9892392392392393 0.00022706297701536769 0.21805910662219727 0.18430960192371276 0.03520980628758195
0.9917417417417418 0.00022969525951100955 0.22220013074051312 0.18855778038271115 0.03636476863870475
0.9942442442442443 0.00023175530668151188 0.22641947697243367 0.19287881739454726 0.03757327381271088
0.9967467467467468 0.00023404424798207003 0.23067007107768614 0.19722825689308285 0.03880039258608847
0.9992492492492493 0.00023598984808754445 0.23497543177365468 0.20162354170982352 0.04004382698360648
1.0017517517517518 0.0002383932364531305 0.23930990562369336 0.20610017495314362 0.041281516443046874
1.0042542542542543 0.0002413688601438561 0.2436715051305585 0.21057017065881112 0.042562637634354
1.0067567567567568 0.00024342890731435843 0.24810800383910855 0.21512213223642107 0.04389201630551306
1.0092592592592593 0.0002465189780701119 0.25257464625585513 0.2197406235518977 0.04520461975748549
1.0117617617617618 0.0002492657076307817 0.25706550669457157 0.22441128900055046 0.046510099486241685
1.0142642642642643 0.0002523557783865352 0.26160969830932806 0.22910603481836148 0.04785349580631011
1.0167667667667668 0.0002554458491422887 0.266202951661601 0.23388660554163387 0.0492157355232731
1.0192692692692693 0.00025796368457290265 0.2708422487000203 0.23872182017953458 0.050562119211141884
1.0217717717717718 0.00026093930826362824 0.27552773664660407 0.24363930941205925 0.05196342450703262
1.0242742742742743 0.00026242712010899103 0.2802678071563813 0.2486390732392079 0.053393454493311406
1.0267767767767768 0.0002651738496696608 0.2850681282770471 0.25372666866924776 0.05480969662820393
1.0292792792792793 0.0002683783674904422 0.2898832820160318 0.2587500497815324 0.05625259527577657
1.0317817817817818 0.00027055286172597245 0.2947511412374798 0.26388796700865935 0.05773409990723075
1.0342842842842843 0.00027364293248172594 0.2996569101285767 0.2690371526136616 0.05919285458389759
1.0367867867867868 0.00027661855617245153 0.30462429143422914 0.2741988414872653 0.06068355111627595
1.0392892892892893 0.0002792508386680934 0.3096100754921383 0.27950223407168473 0.06218160116939365
1.0417917917917918 0.00028291314474898643 0.31466983861411957 0.28484838474749413 0.06366586337112508
1.0442942942942943 0.0002870332390899911 0.31977715444793225 0.29028391063960235 0.06517999925086009
1.0467967967967968 0.00029080999223591203 0.32491277371471583 0.29570847687651675 0.0667364178748463
1.0492992992992993 0.00029412895712172134 0.33007489294474907 0.3011918547842599 0.06828594257313939
1.0518018018018018 0.0002981346043976981 0.33529056418384945 0.30674253423657355 0.06988694191660787
1.0543043043043043 0.00030225469873870276 0.34051569443760976 0.3123355086962548 0.071480587739337
1.0568068068068068 0.00030694702840484696 0.34577336075736004 0.31800489201961124 0.07306067550820299
1.0593093093093093 0.00031129601687590743 0.3510683110531824 0.3236904832837473 0.07469246771976745
1.0618118118118118 0.0003151872170868563 0.3563760696645755 0.32940818170676095 0.07630656552205288
1.0643143143143143 0.00031976509968797257 0.36172100183552724 0.3351399270117836 0.07795306477509603
1.0668168168168168 0.0003246863234841726 0.3671121985256524 0.3409718528269581 0.07960921552410957
1.0693193193193193 0.0003292642060852889 0.37250089244147067 0.3468633621196652 0.08127823493441695
1.0718218218218218 0.00033372764162137726 0.3779185890948455 0.3527411332530448 0.0829300195304915
1.0743243243243243 0.0003392211007427168 0.3833636690435784 0.35874717866059425 0.0846155843624624
1.0768268268268268 0.00034460011279902845 0.3888493086582851 0.36473608995931955 0.08628988911580118
1.0793293293293293 0.0003503224660504238 0.3943310836950179 0.37070771278788 0.08801727709697708
1.0818318318318318 0.0003547859015865122 0.39982301705099643 0.3767463284383294 0.08977361956606415
1.0843343343343343 0.0003609660430980192 0.40532967260878033 0.3828241518693313 0.0915083610679794
1.0868368368368369 0.0003684051023248331 0.4108531114766224 0.3890081759027746 0.09327941057854514
1.0893393393393394 0.0003755008203565633 0.4163776913151044 0.3950997374931039 0.0950568944197578
1.0918418418418419 0.0003815665148030424 0.42193145791866554 0.40122803708253363 0.09686103477365059
1.0943443443443444 0.00038946336228996793 0.42748010855709934 0.4073869002174334 0.09867298824332892
1.0968468468468469 0.00039724576271186557 0.43301952101390023 0.41355749481423076 0.10056789861884795
1.0993493493493494 0.00040411258661353995 0.4385765265018586 0.4196779219752818 0.10243109693617856
1.1018518518518519 0.00041246722236057713 0.4441502416888661 0.4258767646974379 0.10431865379095825
1.1043543543543544 0.0004209363051726422 0.44969697844106515 0.4320674262685338 0.1062144833565697
1.1068568568568569 0.0004306643057000143 0.4552424270006063 0.43830732910733144 0.10811284069493529
1.1093593593593594 0.0004397056238372189 0.4608129401087211 0.44457023178590205 0.11006611964132285
1.1118618618618619 0.00044954807142961887 0.46634918729213387 0.450825879481457 0.11203755259203564
1.1143643643643644 0.0004587038366318514 0.47187004977466 0.45705605755578693 0.11405471524984621
1.1168668668668669 0.0004687751783543072 0.47740861570485715 0.4633140206714533 0.11606980972994885
1.1193693693693694 0.0004809065672472653 0.4829188045910744 0.4695468228885761 0.1181009900366688
1.1218718718718719 0.0004950980033107257 0.48843760596534774 0.47584754409563235 0.12015905665359196
1.1243743743743744 0.000505856027423349 0.49387837967005255 0.4821197084546484 0.12221367630766855
1.1268768768768769 0.0005203908046818932 0.49933140960776035 0.4883535912011565 0.12431563425150466
1.1293793793793794 0.0005337811112901583 0.5047700853987078 0.494561078158395 0.12641598361267903
1.1318818818818819 0.0005462558413782001 0.5101893646887767 0.5007932629301548 0.12854873442461112
1.1343843843843844 0.000561133959831828 0.5155804141568838 0.5069890184254957 0.13072330838574822
1.1368868868868869 0.0005781865725209861 0.5209569990617171 0.5131756666017319 0.13289765254936223
1.1393893893893894 0.0005930646909746139 0.5262939812436939 0.5193811468615406 0.1350446508077268
1.1418918918918919 0.0006073705741031023 0.5316538196439735 0.5255568353825829 0.13725415399237575
1.1443943943943944 0.0006252243162474557 0.5369451261948491 0.5316650679977141 0.1394363112717753
1.146896896896897 0.0006430780583918091 0.5422203855457568 0.537791978335077 0.1416885567957217
1.1493993993993994 0.0006642507654219719 0.5474538338435372 0.5439142578322171 0.14398538303915034
1.151901901901902 0.0006839356606067719 0.552672118273458 0.5499658398352901 0.14630013348938115
1.1544044044044044 0.0007029338734014044 0.5578753860575373 0.5559953481666348 0.148617181914843
1.156906906906907 0.0007237632392364834 0.5630230039187922 0.5620331920103804 0.15090022030688538
1.1594094094094094 0.0007453937345267578 0.5681433857067072 0.5679696204532481 0.15319911472802197
1.161911911911912 0.0007691987240525624 0.5732211467203956 0.5738750222666233 0.15553477675285526
1.1644144144144144 0.0007903714310827252 0.5782650098644271 0.5798298197090411 0.15788583521173655
1.166916916916917 0.0008142908676735577 0.5832851334580473 0.5856943157671156 0.1602555072699893
1.1694194194194194 0.0008465649400114275 0.5882839098590498 0.591519295321956 0.16265597219633804
1.171921921921922 0.0008766645181137669 0.5932273675867684 0.5972797518363596 0.16501300539082006
1.1744244244244244 0.0009042462607854924 0.5981185246925734 0.6030040877970259 0.16741002335432223
1.176926926926927 0.0009327435799774412 0.603000333200232 0.6086898334225026 0.16983691499582798
1.1794294294294294 0.0009633009463398922 0.6078387848235738 0.6143487201746876 0.1722571425091637
1.181931931931932 0.0009994662188887108 0.6126287267919668 0.6199955667422934 0.1746658801463442
1.1844344344344344 0.0010326558677468038 0.6173733979898082 0.6256194134701263 0.17711690052777593
1.186936936936937 0.0010658455166048968 0.6221060337876737 0.6312309112906985 0.17956700171911522
1.1894394394394394 0.0011006374243733804 0.6267756585618122 0.6367485574160899 0.18201917108816246
1.191941941941942 0.0011349715438817524 0.6314063431121754 0.6422140294083052 0.18444652232471442
1.1944444444444444 0.0011744557813163801 0.6359942228607893 0.647635817141086 0.18689800230119236
1.196946946946947 0.001217487877766873 0.6405652824938407 0.6529890684385702 0.18933914138913058
1.1994494494494494 0.001260519974217366 0.6450841887269965 0.6583128367199697 0.19182991674205935
1.201951951951952 0.0013026364941476356 0.6495814165179937 0.6636037260357877 0.19432344966526538
1.2044544544544544 0.0013495597908090775 0.6540443047732799 0.6688404345209997 0.19677791700954367
1.206956956956957 0.0014007176288765519 0.6584630632286544 0.6740059824281224 0.19923583131666853
1.2094594594594594 0.0014500443139035797 0.6628291898125748 0.6791682887470891 0.2017468288516305
1.211961961961962 0.0014995998930606633 0.6671717240681019 0.6842640653281892 0.20424357894016001
1.2144644644644644 0.0015499566016729423 0.6714531611861366 0.6892913054739928 0.20672585178473393
1.216966966966967 0.0015990543925699142 0.6757179254106268 0.6943469481064958 0.209215018555001
1.2194694694694694 0.0016559345838887839 0.6799521042608663 0.6993738795296178 0.2117430211066727
1.221971971971972 0.0017129292222726814 0.684131185270849 0.7043251738957684 0.21424206917043323
1.2244744744744744 0.0017712972254369137 0.6882884406166554 0.7091694958527739 0.2167381298663934
1.226976976976977 0.0018320686169667323 0.6924071237937316 0.7139692073823003 0.2191884608552558
1.2294794794794794 0.0018959300792523043 0.6964630903911168 0.7187764826175238 0.22164407718714962
1.231981981981982 0.001960020435667932 0.7005037090931199 0.7234990134766712 0.22405718097726912
1.2344844844844844 0.002022622980238197 0.7044929841163267 0.7281644306397382 0.22654450936735135
1.236986986986987 0.0020879722543691317 0.7084567529249056 0.7327802978124219 0.2289923125834596
1.2394894894894894 0.002157784964036155 0.7123907460803331 0.7373246956843348 0.23142954511350505
1.241991991991992 0.0022272543325080945 0.7162636420982683 0.741866315052114 0.23386861602373535
1.2444944944944945 0.0022995848776057315 0.7200903104025346 0.7463375456485075 0.23627321730549997
1.246996996996997 0.002375463281719234 0.7238718551582672 0.7507257298435733 0.23871274781077645
1.2494994994994995 0.0024517994740928476 0.7276206798204875 0.7551007933246747 0.2411251622083266
1.252002002002002 0.0025340869138479128 0.7313449920167018 0.7594607293943818 0.24351919280402842
1.2545045045045045 0.002622211153919401 0.7350142063726594 0.7637603101798526 0.24589254162265084
1.257007007007007 0.002706673087909996 0.738648234666302 0.7679870324124856 0.24828726161092196
1.2595095095095095 0.002794911775046512 0.7422086519509178 0.7721594194531718 0.2506314261441101
1.262012012012012 0.0028864694270688373 0.7457397352484363 0.776287813511742 0.25300661334291735
1.2645145145145145 0.0029806593615868044 0.7492395706726228 0.7803157183374789 0.25540983583954335
1.267017017017017 0.003074620401974716 0.752712280439983 0.7843951798510289 0.2577425104965763
1.2695195195195195 0.0031779661016949155 0.7561796902146931 0.7883579441909659 0.26012160425327635
1.272022022022022 0.0032876063899916503 0.7595756973106471 0.7922750175740386 0.2624591046582945
1.2745245245245245 0.0034014812196944176 0.7629239308617427 0.796141306076002 0.2648099333196527
