desi_data/desi_elg_ts_zenodo/photsnr-zenodo.ecsv
# %ECSV 0.9
# ---
# datatype:
# - {name: LOG10SNR, datatype: float64}
# - {name: LRG, datatype: float64}
# - {name: ELG_LOP, datatype: float64}
# - {name: ELG_VLO, datatype: float64}
# - {name: QSO, datatype: float64}
# schema: astropy-2.0
LOG10SNR LRG ELG_LOP ELG_VLO QSO
[from data line 818]
2.5482982982982985 0.993254146646059 0.9999846889101219 0.999999845638658 0.9797309392720978
2.550800800800801 0.9934422976209649 0.9999857194642483 0.999999845638658 0.9800156584032241
2.5533033033033035 0.9936251840308795 0.9999868604348883 0.999999845638658 0.9803118674105057
2.555805805805806 0.9937966257342913 0.9999879646000237 0.999999845638658 0.9805802709174917
2.5583083083083085 0.993963260660972 0.9999892159871772 0.999999845638658 0.980853959767509
2.560810810810811 0.994127492199287 0.9999902833468081 0.999999845638658 0.9811389086961585
2.5633133133133135 0.9942960727260731 0.9999912402899254 0.999999845638658 0.9813992692898358
2.565815815815816 0.9944590453466728 0.9999923076495563 0.999999845638658 0.9816564127181896
2.5683183183183185 0.9946119466255501 0.9999935222312052 0.999999845638658 0.9819248162251756
2.570820820820821 0.9947669079515978 0.9999941847302865 0.999999845638658 0.9821755253228825
2.5733233233233235 0.994919351442215 0.9999945895908361 0.999999845638658 0.9824315197636209
2.575825825825826 0.9950632114029551 0.9999951048678993 0.9999999999999987 0.982693718737483
2.5783283283283285 0.9952044390811995 0.9999958409779895 0.9999999999999987 0.9829377637070199
2.580830830830831 0.9953379988060871 0.9999961722275301 0.9999999999999987 0.9831760637384792
2.5833333333333335 0.9954711007427145 0.9999967611156023 0.9999999999999987 0.9834267728361862
2.585835835835836 0.9955974503025053 0.9999972027816565 0.9999999999999987 0.9836790905165548
2.5883383383383385 0.9957246009917513 0.9999974236146836 0.9999999999999987 0.9839183097381065
2.590840840840841 0.995846143774811 0.9999975340311971 0.9999999999999987 0.9841522436166268
2.5933433433433435 0.9959683732402608 0.9999977180587196 0.9999999999999987 0.9843758366066074
2.595845845845846 0.9960788146580127 0.9999980861137647 0.9999999999999987 0.9846033361544808
2.5983483483483485 0.9961933761701056 0.9999983069467918 0.9999999999999987 0.9848368104379549
2.600850850850851 0.9962985530228663 0.9999984173633053 0.9999999999999987 0.9850712039115214
2.6033533533533535 0.9964071632875777 0.9999987118073415 0.9999999999999987 0.9852945671039789
2.605855855855856 0.9965102800931679 0.999998895834864 0.9999999999999987 0.9855147131311129
2.6083583583583585 0.9966067589689864 0.999999043056882 0.9999999999999987 0.9857265864474152
2.610860860860861 0.9967096468804465 0.9999990798623866 0.9999999999999987 0.9859531668051962
2.6133633633633635 0.9968085291446306 0.9999993006954137 0.9999999999999987 0.9861613633611288
2.615865865865866 0.9968932199727513 0.9999993375009182 0.9999999999999987 0.9863700195121076
2.6183683683683685 0.9969834042599932 0.9999994111119272 0.9999999999999987 0.9865848801962102
2.620870870870871 0.9970742752296253 0.9999994847229363 0.9999999999999987 0.9867933065496659
2.6233733733733735 0.9971606827637214 0.9999995951394498 0.9999999999999987 0.9869952985724747
2.625875875875876 0.9972410246033709 0.9999995951394498 0.9999999999999987 0.9872039547234535
2.6283783783783785 0.9973249143020364 0.9999996319449543 0.9999999999999987 0.9874061765437854
2.630880880880881 0.9974080028712466 0.9999997423614678 0.9999999999999987 0.987596678690439
2.6333833833833835 0.9974818212281896 0.9999997791669724 0.9999999999999987 0.9877805167089225
2.635885885885886 0.9975548384556774 0.9999997791669724 0.9999999999999987 0.9879703294630068
2.6383883883883885 0.9976294579420756 0.9999997791669724 0.9999999999999987 0.9881520993037823
2.640890890890891 0.9976998428870677 0.9999997791669724 0.9999999999999987 0.9883465080083287
2.6433933933933935 0.9977662221847838 0.9999998527779814 0.9999999999999987 0.9885379293450747
2.645895895895896 0.9978328303766301 0.999999889583486 0.9999999999999987 0.9887201587808965
2.6483983983983985 0.9978992096743462 0.999999963194495 0.9999999999999987 0.9889010094315797
2.650900900900901 0.9979647878426072 0.999999963194495 0.9999999999999987 0.9890761151441853
2.6534034034034035 0.998029564881413 0.999999963194495 0.9999999999999987 0.9892459355137594
2.655905905905906 0.9980872462021871 0.999999963194495 0.9999999999999987 0.9894081725650711
2.6584084084084085 0.9981443552876361 0.999999963194495 0.9999999999999987 0.9895768439470297
2.660910910910911 0.9981980309611342 0.999999963194495 0.9999999999999987 0.9897505708744967
2.6634134134134135 0.9982522788699575 0.999999963194495 0.9999999999999987 0.9899116589381929
2.665915915915916 0.9983133936026823 0.999999963194495 0.9999999999999987 0.9900796409275822
2.6684184184184185 0.9983670692761805 0.999999963194495 0.9999999999999987 0.990244175954125
2.670920920920921 0.9984171970906627 0.9999999999999996 0.9999999999999987 0.9904015872574514
2.6734234234234235 0.9984701860817706 0.9999999999999996 0.9999999999999987 0.9905709480319794
2.675925925925926 0.9985137904135463 0.9999999999999996 0.9999999999999987 0.9907301977154908
2.6784284284284285 0.9985565936158667 0.9999999999999996 0.9999999999999987 0.9908984095024032
2.680930930930931 0.9986016857594877 0.9999999999999996 0.9999999999999987 0.9910397349791124
2.6834334334334335 0.9986513557857098 0.9999999999999996 0.9999999999999987 0.9911953079022541
2.685935935935936 0.998697249058786 0.9999999999999996 0.9999999999999987 0.9913504212303496
2.6884384384384385 0.9987386788963261 0.9999999999999996 0.9999999999999987 0.9914933552897205
2.690940940940941 0.9987772475572405 0.9999999999999996 0.9999999999999987 0.99163766813423
2.6934434434434436 0.9988179907123904 0.9999999999999996 0.9999999999999987 0.9917737082679079
2.695945945945946 0.9988591916558005 0.9999999999999996 0.9999999999999987 0.9919102079966319
2.6984484484484486 0.9988952424812843 0.9999999999999996 0.9999999999999987 0.9920480865104945
2.700950950950951 0.9989301488361177 0.9999999999999996 0.9999999999999987 0.9921896417847268
2.7034534534534536 0.9989670007910567 0.9999999999999996 0.9999999999999987 0.9923256819184046
2.705955955955956 0.9990035094048006 0.9999999999999996 0.9999999999999987 0.9924683861802525
2.7084584584584586 0.9990349823476833 0.9999999999999996 0.9999999999999987 0.9926048859089764
2.710960960960961 0.9990640519022004 0.9999999999999996 0.9999999999999987 0.992733802319438
2.7134634634634636 0.9990934647979125 0.9999999999999996 0.9999999999999987 0.9928595015645761
2.715965965965966 0.9991207031993892 0.9999999999999996 0.9999999999999987 0.9929953119007309
2.7184684684684686 0.9991506883304265 0.9999999999999996 0.9999999999999987 0.993125607096331
2.720970970970971 0.9991786134142934 0.9999999999999996 0.9999999999999987 0.9932540639117464
2.7234734734734736 0.99920585181577 0.9999999999999996 0.9999999999999987 0.9933666646980676
2.725975975975976 0.9992335480055068 0.9999999999999996 0.9999999999999987 0.9934905255630209
2.7284784784784786 0.9992574674420976 0.9999999999999996 0.9999999999999987 0.9936217399487135
2.730980980980981 0.9992839047141191 0.9999999999999996 0.9999999999999987 0.9937412346607278
2.7334834834834836 0.9993055352094093 0.9999999999999996 0.9999999999999987 0.9938545248396183
2.735985985985986 0.9993275090458947 0.9999999999999996 0.9999999999999987 0.9939622998779543
2.7384884884884886 0.9993479950705347 0.9999999999999996 0.9999999999999987 0.9940749006642754
2.740990990990991 0.9993703122482152 0.9999999999999996 0.9999999999999987 0.9941833650951807
2.7434934934934936 0.9993924005317656 0.9999999999999996 0.9999999999999987 0.9942932083112246
2.745995995995996 0.9994115131916252 0.9999999999999996 0.9999999999999987 0.9943963873990984
2.7484984984984986 0.99943119808681 0.9999999999999996 0.9999999999999987 0.9945018644622033
2.751001001001001 0.999452027452645 0.9999999999999996 0.9999999999999987 0.9946064223352159
2.7535035035035036 0.9994710256654397 0.9999999999999996 0.9999999999999987 0.9947178741339215
2.756006006006006 0.9994902527723644 0.9999999999999996 0.9999999999999987 0.9948088739530709
2.7585085085085086 0.9995091365380939 0.9999999999999996 0.9999999999999987 0.9949007929623127
2.761011011011011 0.9995248157860027 0.9999999999999996 0.9999999999999987 0.9950002952898169
2.7635135135135136 0.9995406094809766 0.9999999999999996 0.9999999999999987 0.9951069213405374
2.766016016016016 0.9995564031759504 0.9999999999999996 0.9999999999999987 0.9952034363002412
2.7685185185185186 0.999571052400274 0.9999999999999996 0.9999999999999987 0.9952999512599451
2.771021021021021 0.999587189436443 0.9999999999999996 0.9999999999999987 0.9953994535874493
2.7735235235235236 0.9995980619076207 0.9999999999999996 0.9999999999999987 0.9954932109768759
2.776026026026026 0.9996133978143344 0.9999999999999996 0.9999999999999987 0.9955890365440104
2.7785285285285286 0.9996261014385526 0.9999999999999996 0.9999999999999987 0.995680495958206
2.781031031031031 0.9996381183803805 0.9999999999999996 0.9999999999999987 0.9957698871946936
2.7835335335335336 0.9996519664752489 0.9999999999999996 0.9999999999999987 0.995856750658427
2.786036036036036 0.9996624956052315 0.9999999999999996 0.9999999999999987 0.9959456822998685
2.7885385385385386 0.9996719947116288 0.9999999999999996 0.9999999999999987 0.9960256518379088
2.791041041041041 0.999685041677042 0.9999999999999996 0.9999999999999987 0.9961187198347661
2.7935435435435436 0.9996946552305043 0.9999999999999996 0.9999999999999987 0.9961996085628988
2.796046046046046 0.9997047265722268 0.9999999999999996 0.9999999999999987 0.9962839442538781
2.7985485485485486 0.999714340125689 0.9999999999999996 0.9999999999999987 0.9963694289324729
2.801051051051051 0.9997260137263219 0.9999999999999996 0.9999999999999987 0.9964496282680364
2.8035535535535536 0.9997352839385891 0.9999999999999996 0.9999999999999987 0.9965231634754298
2.806056056056056 0.9997439819155313 0.9999999999999996 0.9999999999999987 0.9966045117986088
2.8085585585585586 0.9997532521277985 0.9999999999999996 0.9999999999999987 0.9966734510555401
2.811061061061061 0.9997638957048461 0.9999999999999996 0.9999999999999987 0.9967515822133955
2.8135635635635636 0.999771678105268 0.9999999999999996 0.9999999999999987 0.99682741539602
2.816066066066066 0.9997780871409095 0.9999999999999996 0.9999999999999987 0.9968963546529513
2.8185685685685686 0.9997856406472014 0.9999999999999996 0.9999999999999987 0.9969597787693282
2.821071071071071 0.9997935374946884 0.9999999999999996 0.9999999999999987 0.997034233166814
2.8235735735735736 0.9997990309538097 0.9999999999999996 0.9999999999999987 0.9970997254608989
2.826076076076076 0.9998065844601016 0.9999999999999996 0.9999999999999987 0.9971622303871833
2.8285785785785786 0.9998144813075885 0.9999999999999996 0.9999999999999987 0.9972279524787911
2.831081081081081 0.9998221492609454 0.9999999999999996 0.9999999999999987 0.9972886190248907
2.8335835835835836 0.999828672743652 0.9999999999999996 0.9999999999999987 0.9973559496991603
2.836086086086086 0.999832792837993 0.9999999999999996 0.9999999999999987 0.9974175354353523
2.8385885885885886 0.9998398885560247 0.9999999999999996 0.9999999999999987 0.9974765933987901
2.841091091091091 0.999845153121016 0.9999999999999996 0.9999999999999987 0.9975386387300283
2.8435935935935936 0.9998498454506821 0.9999999999999996 0.9999999999999987 0.9976013734538358
2.846096096096096 0.9998562544863236 0.9999999999999996 0.9999999999999987 0.9976645677726895
2.8485985985985987 0.9998604890277297 0.9999999999999996 0.9999999999999987 0.9977220171534656
2.851101101101101 0.9998673558516314 0.9999999999999996 0.9999999999999987 0.9977810751169035
2.8536036036036037 0.9998736504402079 0.9999999999999996 0.9999999999999987 0.9978412820679569
2.856106106106106 0.9998776560874839 0.9999999999999996 0.9999999999999987 0.997892297118086
2.8586086086086087 0.9998841795701905 0.9999999999999996 0.9999999999999987 0.9979462995360155
2.861111111111111 0.9998885285586615 0.9999999999999996 0.9999999999999987 0.9980060468920227
2.8636136136136137 0.9998934497824578 0.9999999999999996 0.9999999999999987 0.998063955867845
2.866116116116116 0.9998977987709288 0.9999999999999996 0.9999999999999987 0.998123243628806
2.8686186186186187 0.9999011177358146 0.9999999999999996 0.9999999999999987 0.9981777056417818
2.871121121121121 0.9999053522772207 0.9999999999999996 0.9999999999999987 0.9982257333241106
2.8736236236236237 0.9999102735010169 0.9999999999999996 0.9999999999999987 0.9982723822213008
2.876126126126126 0.9999131346776426 0.9999999999999996 0.9999999999999987 0.9983247760565686
2.8786286286286287 0.9999161103013333 0.9999999999999996 0.9999999999999987 0.9983734931314667
2.881131131131131 0.9999194292662191 0.9999999999999996 0.9999999999999987 0.9984208314212263
2.8836336336336337 0.999922977125235 0.9999999999999996 0.9999999999999987 0.9984727656614479
2.886136136136136 0.9999257238547957 0.9999999999999996 0.9999999999999987 0.9985246999016696
2.8886386386386387 0.9999301872903318 0.9999999999999996 0.9999999999999987 0.9985713487988598
2.891141141141141 0.9999329340198925 0.9999999999999996 0.9999999999999987 0.9986214446588966
2.8936436436436437 0.999934994067063 0.9999999999999996 0.9999999999999987 0.9986577526675471
2.896146146146146 0.9999383130319488 0.9999999999999996 0.9999999999999987 0.9987014141969369
2.8986486486486487 0.9999406019732494 0.9999999999999996 0.9999999999999987 0.9987459949164191
2.901151151151151 0.9999435775969401 0.9999999999999996 0.9999999999999987 0.9987903458383783
2.9036536536536537 0.9999464387735658 0.9999999999999996 0.9999999999999987 0.9988333179751988
2.906156156156156 0.9999496432913866 0.9999999999999996 0.9999999999999987 0.9988749113268807
2.9086586586586587 0.9999518177856221 0.9999999999999996 0.9999999999999987 0.9989220198191171
2.911161161161161 0.9999541067269228 0.9999999999999996 0.9999999999999987 0.9989608556005217
2.9136636636636637 0.9999563956682234 0.9999999999999996 0.9999999999999987 0.998998772191834
2.916166166166166 0.9999576545859387 0.9999999999999996 0.9999999999999987 0.9990350802004845
2.9186686686686687 0.9999585701624589 0.9999999999999996 0.9999999999999987 0.999071388209135
2.921171171171171 0.9999602868684343 0.9999999999999996 0.9999999999999987 0.9991063174326469
2.9236736736736737 0.9999623469156048 0.9999999999999996 0.9999999999999987 0.9991499789620367
2.926176176176176 0.9999645214098404 0.9999999999999996 0.9999999999999987 0.9991883551483952
2.9286786786786787 0.9999665814570109 0.9999999999999996 0.9999999999999987 0.9992262717397075
2.931181181181181 0.9999688703983115 0.9999999999999996 0.9999999999999987 0.9992598221780807
2.9336836836836837 0.9999703582101569 0.9999999999999996 0.9999999999999987 0.9992938322115001
2.936186186186186 0.9999723038102624 0.9999999999999996 0.9999999999999987 0.9993269230548272
2.9386886886886887 0.9999737916221078 0.9999999999999996 0.9999999999999987 0.9993607032907236
2.941191191191191 0.9999753938810182 0.9999999999999996 0.9999999999999987 0.9993919557538657
2.9436936936936937 0.9999767672457985 0.9999999999999996 0.9999999999999987 0.9994241274071004
2.946196196196196 0.999978369504709 0.9999999999999996 0.9999999999999987 0.9994569884529043
2.9486986986986987 0.9999798573165544 0.9999999999999996 0.9999999999999987 0.9994877813210004
2.951201201201201 0.9999820318107899 0.9999999999999996 0.9999999999999987 0.9995192635816657
2.9537037037037037 0.9999829473873102 0.9999999999999996 0.9999999999999987 0.9995479882720537
2.956206206206206 0.9999836340697004 0.9999999999999996 0.9999999999999987 0.9995849856732735
2.9587087087087087 0.9999848929874157 0.9999999999999996 0.9999999999999987 0.9996049780577836
2.9612112112112112 0.9999868385875211 0.9999999999999996 0.9999999999999987 0.9996311749754175
2.9637137137137137 0.9999883263993665 0.9999999999999996 0.9999999999999987 0.9996592102732362
2.9662162162162162 0.9999892419758868 0.9999999999999996 0.9999999999999987 0.9996858667859163
2.9687187187187187 0.9999898142112119 0.9999999999999996 0.9999999999999987 0.9997132126911658
