desi_data/desi_elg_ts_zenodo/photsnr-zenodo.ecsv
# %ECSV 0.9
# ---
# datatype:
# - {name: LOG10SNR, datatype: float64}
# - {name: LRG, datatype: float64}
# - {name: ELG_LOP, datatype: float64}
# - {name: ELG_VLO, datatype: float64}
# - {name: QSO, datatype: float64}
# schema: astropy-2.0
LOG10SNR LRG ELG_LOP ELG_VLO QSO
0.5012512512512513 2.2889413005581355e-07 3.238884397186013e-06 4.013394859705608e-06 1.1489876155220874e-06
0.5037537537537538 8.011294551953475e-07 7.765961452343735e-06 7.872428378653308e-06 3.2171653234618447e-06
0.5062562562562563 1.602258910390695e-06 1.2329844012014936e-05 1.15771005568431e-05 4.825747985192767e-06
0.5087587587587588 2.2889413005581355e-06 1.7077754094253522e-05 1.5899218098064526e-05 5.5151405545060195e-06
0.5112612612612613 2.8611766256976693e-06 2.108955408622256e-05 2.0066974298528043e-05 6.664128170028107e-06
0.5137637637637638 3.54785901586511e-06 2.649996324970374e-05 2.438909183974947e-05 7.583318262445777e-06
0.5162662662662663 4.23454140603255e-06 3.087981828680755e-05 2.8556848040212986e-05 9.191900924176699e-06
0.5187687687687688 5.035670861227898e-06 3.548050635099223e-05 3.27246042406765e-05 9.651495970385534e-06
0.5212712712712713 5.9512473814511515e-06 4.147980358668905e-05 3.612055373735048e-05 1.0570686062803204e-05
0.5237737737737738 6.523482706590685e-06 4.677979623662979e-05 3.967086457478236e-05 1.171967367832529e-05
0.5262762762762763 6.981270966702313e-06 5.325756503100182e-05 4.4764788819793326e-05 1.263886377074296e-05
0.5287787787787788 7.324612161786033e-06 5.922005676218516e-05 4.985871306480429e-05 1.355805386316063e-05
0.5312812812812813 7.896847486925567e-06 6.555060353850328e-05 5.495263730981525e-05 1.562623157110039e-05
0.5337837837837838 8.583529877093008e-06 7.298531545022572e-05 6.205325898467902e-05 1.746461175593573e-05
0.5362862862862863 9.041318137204635e-06 7.942627874008427e-05 6.668409920741626e-05 1.907319441766665e-05
0.5387887887887888 9.842447592399982e-06 8.597765854348325e-05 7.347599820076422e-05 2.068177707939757e-05
0.5412912912912913 1.030023585251161e-05 9.308112091458439e-05 8.026789719411217e-05 2.1141372125606405e-05
0.5437937937937938 1.0758024112623237e-05 0.00010066305484436074 8.536182143912314e-05 2.3669144879754996e-05
0.5462962962962963 1.1330259437762772e-05 0.00010835540528767753 9.169063641019737e-05 2.4588334972172666e-05
0.5487987987987988 1.1788047697874399e-05 0.00011740955939799297 9.832817406278742e-05 2.6426715157008006e-05
0.5513013013013013 1.2245835957986026e-05 0.00012642690800379494 0.00010635496378219863 2.7575702772530094e-05
0.5538038038038038 1.2818071283125561e-05 0.00013559147862765082 0.00011314686277554658 2.8265095341843346e-05
0.5563063063063063 1.3275859543237188e-05 0.000145087298792128 0.00012040184579116825 3.1022665619096355e-05
0.5588088088088088 1.4191436063460443e-05 0.0001532213152896065 0.00012997224891815855 3.240145075772286e-05
0.5613113113113113 1.499256551865579e-05 0.00016271713545408368 0.0001386164840006014 3.355043837324495e-05
0.5638138138138138 1.5908142038879045e-05 0.0001724705941501552 0.00014556274433470727 3.446962846566262e-05
0.5663163163163163 1.68237185591023e-05 0.00018318099596357712 0.0001538982567356343 3.6078211127393545e-05
0.5688188188188188 1.7739295079325555e-05 0.00019389139777699905 0.00016408610522565623 3.768679378912447e-05
0.5713213213213213 1.8311530404465088e-05 0.0002050434656445827 0.00017473703773795187 3.883578140464656e-05
0.5738238238238238 1.888376572960462e-05 0.00021696844910694938 0.00018446180220570008 4.044436406637748e-05
0.5763263263263263 1.9456001054744154e-05 0.00022808371147001955 0.00019742815482936434 4.2972136820526074e-05
0.5788288288288288 2.0028236379883686e-05 0.0002392357793376032 0.00020869653270469163 4.412112443604816e-05
0.5813313313313313 2.0714918770051127e-05 0.0002525961774759955 0.00022073671728380846 4.6648897190196754e-05
0.5838338338338338 2.1401601160218567e-05 0.00026599338111890126 0.00023169637247761994 4.894687242124093e-05
0.5863363363363363 2.2088283550386007e-05 0.0002802739168701305 0.00024404527973825258 5.308322783712045e-05
0.5888388388388388 2.334720126569298e-05 0.00029330306546790147 0.00025701163236191687 5.469181049885137e-05
0.5913413413413413 2.3919436590832513e-05 0.00030795165626426547 0.00027013234632633905 5.882816591473089e-05
0.5938438438438438 2.4835013111055768e-05 0.00032447732779081683 0.00028726645515046685 6.112614114577506e-05
0.5963463463463463 2.5636142566251115e-05 0.00034074536078577386 0.00030486364799686835 6.388371142302807e-05
0.5988488488488488 2.609393082636274e-05 0.0003577863093755139 0.000320608504754175 6.710087674648992e-05
0.6013513513513513 2.723840147664181e-05 0.000373907120352417 0.0003378969749190607 7.07776371161606e-05
0.6038538538538538 2.7696189736753436e-05 0.0003916473735279131 0.00035595725178773596 7.330540987030919e-05
0.6063563563563563 2.815397799686506e-05 0.00041211123403740653 0.00037262827658959 7.46841950089357e-05
0.6088588588588588 2.895510745206041e-05 0.00043264870555592694 0.0003900711080952336 7.813115785550196e-05
0.6113613613613613 3.0214025167367382e-05 0.0004535910376240956 0.0004099837210530037 8.134832317896381e-05
0.6138638638638638 3.101515462256273e-05 0.00047582156235023595 0.0004281983592624368 8.410589345621682e-05
0.6163663663663663 3.1816284077758084e-05 0.0004985305586350515 0.0004490371402647544 8.548467859484332e-05
0.6188688688688688 3.2159625272841806e-05 0.0005222701090462444 0.00046802358517797707 8.801245134899191e-05
0.6213713713713713 3.238851940289762e-05 0.0005477395181695707 0.0004934932064030319 9.077002162624492e-05
0.6238738738738738 3.2960754728037156e-05 0.0005732457327974105 0.0005180366595835393 9.421698447281118e-05
0.6263763763763763 3.376188418323251e-05 0.0005993040299929525 0.0005442780875123837 9.743414979627303e-05
0.6288788788788788 3.490635483351157e-05 0.0006255831602155754 0.0005732980195748703 0.00010134070768904813
0.6313813813813813 3.5707484288706924e-05 0.0006549907583218438 0.000598922002140683 0.00010340888539698789
0.6338838838838838 3.616527254881855e-05 0.000684840022482274 0.0006265526821363485 0.00010823463338218065
0.6363863863863863 3.719529613406971e-05 0.0007157566462735951 0.0006497068832500347 0.00011306038136737342
0.6388888888888888 3.799642558926506e-05 0.0007474093801551856 0.0006853643529651115 0.0001192649144911927
0.6413913913913913 3.948423743462785e-05 0.000781896137884314 0.0007179345958650301 0.00012363106743017662
0.6438938938938938 3.994202569473948e-05 0.000817744699280441 0.0007492699480388855 0.0001261588401843252
0.6463963963963963 4.062870808490692e-05 0.0008547710368209992 0.000781994552279562 0.00013052499312330915
0.6488988988988988 4.1544284605130174e-05 0.000893453622064664 0.0008181151060169125 0.00013489114606229309
0.6514014014014013 4.2345414060325525e-05 0.0009358903687687035 0.0008537725757319892 0.00014201486927853003
0.6539039039039038 4.3375437645576684e-05 0.0009813451668428481 0.0008920541882399504 0.0001468406172637228
0.6564064064064064 4.4748802425911564e-05 0.001028051352070451 0.0009326512208592802 0.00015258555534133323
0.6589089089089089 4.5664378946134815e-05 0.0010760089244515121 0.000973402614819368 0.0001576411008496304
0.6614114114114114 4.6694402531385974e-05 0.0011287880179238388 0.0010192479330244667 0.00016430522901965852
0.6639139139139139 4.795332024669295e-05 0.0011803893352517341 0.0010664825032963867 0.00017005016709726895
0.6664164164164164 4.87544497018883e-05 0.0012377691167882454 0.0011123278215014853 0.00017625470022108824
0.6689189189189189 4.9898920352167364e-05 0.0012990870873076988 0.001156475164958247 0.00018245923334490752
0.6714214214214214 5.0700049807362715e-05 0.0013641960247920404 0.0012146693904239783 0.00018889356399183122
0.6739239239239239 5.173007339261387e-05 0.0014333903732773779 0.001267152246281667 0.00019417890702323282
0.6764264264264264 5.2531202847809224e-05 0.0015112340153233825 0.0013288967825848303 0.00020130263023946976
0.6789289289289289 5.3332332303004575e-05 0.0015934207069019776 0.001388171537435867 0.00020796675840949788
0.6814314314314314 5.447680295328364e-05 0.0016756073984805727 0.0014480637376499354 0.00021440108905642158
0.6839339339339339 5.539237947350689e-05 0.0017626892221594603 0.0015187612317170572 0.0002210652172264497
0.6864364364364364 5.6079061863674336e-05 0.0018573529797681243 0.0015957875407552533 0.00022979752310441754
0.6889389389389389 5.7109085448925494e-05 0.001955918120855217 0.0016792970261052815 0.00023875962650548983
0.6914414414414414 5.756687370903712e-05 0.002063022138989436 0.0017611085367069729 0.0002454237546755179
0.6939439439439439 5.859689729428828e-05 0.0021763462873864332 0.0018504837530058016 0.00025323687046106813
0.6964464464464464 5.974136794456735e-05 0.0023004176431013655 0.0019339932383558298 0.0002605903912004095
0.6989489489489489 6.0885838594846414e-05 0.002432218154764128 0.0020229053706323848 0.000271850469832526
0.7014514514514514 6.214475631015339e-05 0.0025727047654920715 0.0021243207715103303 0.0002798933831411806
0.703953953953954 6.363256815551618e-05 0.0027279503835299194 0.002225118727025244 0.0002909236642501926
0.7064564564564565 6.489148587082316e-05 0.0028899314088937336 0.0023367219763932114 0.0003035625280209356
0.708958958958959 6.569261532601851e-05 0.0030611506158904306 0.0024511037298948213 0.0003145928091299476
0.7114614614614615 6.763821543149292e-05 0.0032403198118620387 0.002565794206077947 0.0003240145075772287
0.713963963963964 6.843934488668827e-05 0.0034299417711154746 0.0026878940266174523 0.0003350447886862407
0.7164664664664665 6.946936847193944e-05 0.0036355373193277594 0.0028150877714019683 0.00034722405741077485
0.718968968968969 7.095718031730223e-05 0.003848125913397605 0.002950462667246654 0.00036009271870462224
0.7214714714714715 7.152941564244177e-05 0.004080111008346053 0.0030964884956036346 0.0003715825948598431
0.723973973973974 7.267388629272084e-05 0.004322585672080843 0.0032412794332345525 0.00038927700413888324
0.7264764764764765 7.416169813808364e-05 0.004582174895414399 0.003400425975555956 0.0004016860703865218
0.728978978978979 7.496282759327899e-05 0.0048506342453357035 0.0035646664421223697 0.00041547392177278687
0.7314814814814815 7.576395704847434e-05 0.005135987321828694 0.003734772639637584 0.000433168331051827
0.733983983983984 7.713732182880922e-05 0.005434185519396888 0.003910898929442358 0.00044971375271534505
0.7364864864864865 7.862513367417202e-05 0.005751632995825631 0.0041046224120935325 0.00046396119914781893
0.738988988988989 7.9884051389479e-05 0.0060868575309343835 0.004301587482900623 0.00048050662081133697
0.7414914914914915 8.045628671461854e-05 0.006441846621966873 0.0045093578475607675 0.0005000394102752124
0.743993993993994 8.217299269003713e-05 0.006816637074427614 0.004727933506073965 0.0005177338195542526
0.7464964964964965 8.308856921026039e-05 0.007209940695658634 0.004956233929054911 0.0005393347867260679
0.748998998998999 8.423303986053946e-05 0.00761697277007318 0.005194722200525879 0.0005636933241751362
0.7515015015015015 8.526306344579063e-05 0.00804351176187987 0.005439076202945647 0.0005901200393321442
0.754004004004004 8.583529877093016e-05 0.008503875012334445 0.005687134877543605 0.0006151679693505256
0.7565065065065065 8.697976942120924e-05 0.008967661174708774 0.005960817534707377 0.0006381477216609674
0.759009009009009 8.858202833159994e-05 0.009458131327855373 0.006239902838797674 0.00066273605663314
0.7615115115115115 8.926871072176738e-05 0.00996413340390666 0.006533961192941489 0.0006889329742670436
0.764014014014014 9.052762843707436e-05 0.010496377804676056 0.006849475773450653 0.0007146702968547384
0.7665165165165165 9.144320495729762e-05 0.011053870781541698 0.007171010446249375 0.0007438545822889994
0.769019019019019 9.27021226726046e-05 0.011645776905127442 0.007508907421168436 0.0007732686652463649
0.7715215215215215 9.373214625785576e-05 0.012248614263553689 0.00785467682446615 0.0008095766738968628
0.774024024024024 9.487661690813484e-05 0.012874160618264751 0.00821758033658799 0.0008419781246545857
0.7765265265265265 9.510551103819065e-05 0.013535371506849372 0.00859236967194819 0.0008771371456895615
0.779029029029029 9.636442875349763e-05 0.014218628892637567 0.008996487662052393 0.0009118365716783286
0.7815315315315315 9.808113472891623e-05 0.014922018889394633 0.009403075433608722 0.0009545789109757502
0.784034034034034 9.945449950925111e-05 0.015657503286087452 0.009835904633093896 0.0009938742874266056
0.7865365365365365 0.00010117120548466971 0.01642736402399586 0.010284787412017892 0.0010391443994781759
0.789039039039039 0.00010231567613494878 0.017224166391208134 0.010744784207476458 0.0010851039040990593
0.7915415415415415 0.00010380348798031158 0.018053762462941915 0.011241519002035407 0.001128995231012003
0.794044044044044 0.00010437572330545111 0.018902386980509164 0.011761871081730315 0.0011804698761873926
0.7965465465465466 0.000105749088085786 0.01979300657872629 0.01230090088365693 0.0012328637114551997
0.799049049049049 0.00010689355873606507 0.020727792782359592 0.012868796256305274 0.0012822701789226496
0.8015515515515516 0.00010780913525628833 0.021681165765772198 0.013463396140904735 0.0013302978612514727
0.8040540540540541 0.00010986918242679065 0.022680766462853733 0.014072660352876198 0.0013882068370737858
0.8065565565565566 0.00011089920601204181 0.023707271983734617 0.014704770043279832 0.00144772439555783
0.8090590590590591 0.00011181478253226507 0.024779968412779917 0.0153726915647393 0.0015129868921194846
0.8115615615615616 0.00011295925318254414 0.025894659922475093 0.01607133099300959 0.0015754918184038862
0.8140640640640641 0.00011364593557271159 0.027044022217421967 0.01679158100898599 0.0016540825713055969
0.8165665665665666 0.00011479040622299066 0.028247451798499138 0.017533904696690767 0.001727387981175906
0.8190690690690691 0.00011604932393829764 0.029482129252908253 0.018313429467518204 0.0018096554944472874
0.8215715715715716 0.0001170793475235488 0.03076159900631027 0.019137719027165434 0.0018951401730421308
0.8240740740740741 0.00011833826523885579 0.032085345781641995 0.01999473319105334 0.001982233434298705
0.8265765765765766 0.00011994052414924649 0.033453995272480164 0.02091102210979228 0.002086791307311215
0.8290790790790791 0.00012108499479952556 0.0348736203870695 0.021823606356353033 0.0021890512050926807
0.8315815815815816 0.00012234391251483254 0.036347423204302676 0.02281090149184061 0.0022940686731513994
0.8340840840840841 0.0001234883831651116 0.03786185929851873 0.023814558929448528 0.0023988563436870137
0.8365865865865866 0.00012463285381539069 0.039426461295386656 0.024853410752749248 0.0025130657126699093
0.8390890890890891 0.00012577732446566976 0.04103158615272392 0.02594536287727069 0.0026270452841297004
0.8415915915915916 0.0001278373716361721 0.042695268567742126 0.02707806639575222 0.0027548127069757563
0.8440940940940941 0.00013012631293673023 0.044404442586338994 0.028257078316461123 0.0028945296010232423
0.8465965965965966 0.0001310418894569535 0.04617438249288761 0.029483324807441945 0.0030326379124089972
0.8490990990990991 0.00013241525423728838 0.0479767480489126 0.030746309297523148 0.003179018934626511
0.8516016016016016 0.00013401751314767908 0.04983542602684321 0.03207613224815253 0.003349528696769989
0.8541041041041041 0.0001359631132531535 0.051742944909263205 0.033449330735534875 0.003515212710928274
0.8566066066066066 0.00013779426629360002 0.05370545121542634 0.03485154915497971 0.0036854926755486473
0.8591091091091091 0.0001391676310739349 0.05570538871967967 0.036278465388945816 0.003869560491555286
0.8616116116116116 0.00014088433704935352 0.05774724769357386 0.03777638783966056 0.00406488838619404
0.8641141141141141 0.0001420288076996326 0.059844278118733746 0.03930039735696338 0.004254241545232081
0.8666166166166166 0.00014328772541493957 0.06198238348693068 0.04089232586419969 0.004457152758133281
0.8691191191191191 0.00014443219606521864 0.0641756235008888 0.04256575715935617 0.004676839190221104
0.8716216216216216 0.000145233325520414 0.06639440653497927 0.0442742284788647 0.004910313473695192
0.8741241241241241 0.00014717892562588842 0.06867561170472461 0.046020209604177395 0.005156196823416919
