desi_data/desi_elg_ts_zenodo/spectrum-desi-sdss-zenodo.ecsv
# %ECSV 1.0
# ---
# datatype:
# - {name: WAVELENGTH, datatype: float64}
# - {name: DESI_FLUX, datatype: float64}
# - {name: DESI_FLUX_IVAR, datatype: float64}
# - {name: EBOSS_FLUX, datatype: float64}
# - {name: EBOSS_FLUX_IVAR, datatype: float64}
# schema: astropy-2.0
WAVELENGTH DESI_FLUX DESI_FLUX_IVAR EBOSS_FLUX EBOSS_FLUX_IVAR
[from data line 5837]
9337.0 0.14004554777176323 7.033917187476813 -0.07038603313025843 5.2133849013224
9338.0 0.21860303734552475 6.433956387025684 0.18342862539013105 3.103104043248421
9339.0 0.05704669056949864 1.9189662352612324 0.43247604119079364 1.0102136316088712
9340.0 0.3767871258786273 0.684981942432539 0.09574351957583022 1.054192522183727
9341.0 0.538797236720456 1.2139199956041513 -0.2409890020391332 1.0981714127585824
9342.0 0.5657420609020585 9.180132740871706 0.008613041214169892 2.8918945115985877
9343.0 0.19984049351266803 20.608000512879673 0.35569835276227624 4.976527944438622
9344.0 0.16302004458118355 10.421043402278988 0.27828072291202766 5.19562962696239
9345.0 -0.945768804386064 1.2915212071220028 0.024357302047582297 4.6390543349827515
9346.0 -0.298647522051696 0.5622836647606702 -0.3287532904712305 4.342552080319268
9347.0 0.448589040728385 1.3519847984819275 -0.761490007757916 4.254832955295352
9348.0 -0.17518678247738095 4.01253414026761 -0.7929086070850722 4.796770746905957
9349.0 0.34304048504564705 9.577152251361795 -0.22878174430707787 6.2731027325574775
9350.0 0.1609450951454054 9.88267946336927 0.19150992993683072 7.753761781131673
9351.0 0.5029873547412143 8.12514376699779 0.1802249498854953 9.247404157069122
9352.0 0.3917740882654992 7.567039013050559 0.17241171921712403 10.562286434237086
9353.0 0.30304460964512364 12.165140149949897 0.196969060586092 10.210410539569791
9354.0 0.4270391464144804 13.789687634857485 0.22152640195505996 9.858534644902496
9355.0 -0.031191572222573294 5.777427379988821 0.025857911312778314 9.452786515819085
9356.0 -0.021989774045095306 1.235003353368854 -0.18305820798247796 9.043797716239697
9357.0 0.3106802144179811 6.397217924060078 -0.21865160959695845 8.635803283055308
9358.0 0.39958248262811863 16.730253693612386 -0.20793817925300215 8.228074515896555
9359.0 0.6131630242027206 11.500450616657439 -0.07404971832948712 9.229275314060919
9360.0 -0.36351761171199626 2.054540399292293 0.1307733662179597 11.041857184822405
9361.0 -0.28799006361633633 6.78098975992022 0.22851317716749375 12.308865483423991
9362.0 -0.022111090828046753 17.987088201015425 0.21000080482810438 12.983585959872546
9363.0 0.22146281443051807 15.452635768456581 0.1698283406909244 14.51696461098126
9364.0 -0.25201725930714025 12.323418618041599 0.08444012132661069 17.842804633521993
9365.0 0.09861984854754376 19.985968586986832 0.008491385578198299 20.018268963867197
9366.0 0.23713582765870178 21.73613739249659 -0.020642816104971567 16.488516333043655
9367.0 -0.09310348316657721 14.110530857030378 -0.04936484262267039 12.970217671508102
9368.0 -0.25192028279557205 7.386015417781827 -0.04176485752036773 10.461274353101814
9369.0 0.03550109047504377 5.859484910510248 -0.03416487241806506 7.952331034695525
9370.0 0.3153089286966608 7.010305880971949 -0.29195511630490273 5.986792634635628
9371.0 0.06558010358332494 5.254123331700054 -0.5950643968212715 4.114048108310303
9372.0 0.20715610674569498 4.177247524432304 -0.3722210256971867 2.5749908348658237
9373.0 -0.6606484508769419 2.303284645472564 0.07973115508449702 1.1812901616152867
9374.0 -0.3845961087485482 1.6349322200977523 0.12926728201837215 0.5329389969996591
9375.0 -1.18727651224844 2.3119344407740514 -0.16607331553343657 0.5233637824912261
9376.0 -1.2475202083609427 0.35254281876456384 -0.4614139130852454 0.513788567982793
9377.0 -3.4595878154425344 0.03728517052325706 -0.7567545106370541 0.50421335347436
9378.0 0.8217915594740264 0.026438276286792243 -1.0520951081888628 0.494638138965927
9379.0 -17.309247644887684 0.0066167574958914295 -1.3474357057406716 0.485062924457494
9380.0 -1.3030626890121795 0.30465537293632033 -1.6427763032924803 0.475487709949061
9381.0 -0.379542656312011 5.473162531039646 -1.938116900844289 0.465912495440628
9382.0 -0.36821705093734874 5.4442396176456125 -2.2334574983960978 0.456337280932195
9383.0 -0.5266619100660976 2.1415750101260738 -1.1337093540439387 1.2553062246999867
9384.0 -0.014845471181674785 1.7088243959880516 0.118908276409746 2.1428729230431536
9385.0 0.41815550103040444 3.970937071266108 0.22478648953871963 4.559959197674711
9386.0 -0.21325495454335464 12.478837960844945 -0.07080509959328496 7.512525383932013
9387.0 -0.16982552234156986 24.39078807393846 -0.12650183667235576 11.379058603791918
9388.0 -0.2581550776206364 18.740156177808423 -0.008219928730880705 15.908426998057909
9389.0 0.08543058907981178 7.579004404815898 0.05736708323255882 20.964755614260525
9390.0 0.16304193515850704 19.42082356466178 0.049609151837284614 26.75454933961427
9391.0 0.13821689050849884 38.479439728167584 0.05656282184733645 32.49378355690863
9392.0 0.39611792547828106 40.44069290237716 0.10626501621539375 38.086103491912624
9393.0 0.15458484392530625 35.662011151263236 0.15099603855942428 42.879437958119844
9394.0 -0.03979408014327862 28.82928085345834 0.14752141327894927 39.92497939287234
9395.0 -0.06063961223927966 31.526331899508328 0.14404678799847426 36.970520827624824
9396.0 0.20091432315648527 29.42545509501097 0.11330310331333002 31.57007160796701
9397.0 0.355900056709978 25.874771120018696 0.08052071630746879 25.98675407775997
9398.0 0.21775005020035754 19.541349891831235 0.07367124118343618 21.01400258578382
9399.0 0.04029936391945771 13.676976920693399 0.07470434878809229 16.226839096019454
9400.0 0.31895667297693603 14.724474905981069 0.11874803818786789 12.138725038056503
9401.0 0.35138542421958197 13.047705889552844 0.19112628206958668 8.511131470267346
9402.0 -0.44841740613247527 8.215237383033893 0.27814131364228467 5.760089147477238
9403.0 -0.44711358871802565 1.8965570349257623 0.3839130965622267 4.132329753474655
9404.0 0.8935682171015851 0.7818736435289954 0.4177571826424909 3.0135397486636433
9405.0 -0.7097069314229519 1.1388654705010333 0.26032088698319167 3.248273676021851
9406.0 -0.10073139972330758 6.392152363974263 0.11622417997641846 4.1787643967074874
9407.0 0.16076499942126365 19.352039092833525 0.08260556898320723 10.871493205653794
9408.0 -0.14283087826672836 27.320957181036718 0.048986957989996 17.564222014600098
9409.0 0.14226704832778825 27.245998381112706 0.08686412922500837 22.484635360358627
9410.0 0.21044263241027306 29.95691108631103 0.12916758471529588 27.2953251422145
9411.0 0.2607140801663071 22.856896882862824 0.13846597619408416 27.99480612315027
9412.0 0.23846440018876083 10.324904447167631 0.1381913026390149 27.501837690709255
9413.0 -0.09428754107161469 12.92430161968456 0.12427964950512618 26.796714292087735
9414.0 0.2153037117219738 24.362096781099538 0.10158056149071731 25.954881885498963
9415.0 0.40625135950835173 28.407556534505005 0.08650932310453237 25.182389127306223
9416.0 0.215521827498675 26.26388740637743 0.0811227256482478 24.497932923273698
9417.0 0.3327543177870887 28.351502895384307 0.04248783879548622 21.804094646070688
9418.0 -0.0062908900847014615 22.337766653776644 -0.08488126539208832 13.747546021180446
9419.0 0.41405081705933433 9.397952323202222 -0.16454577756447342 6.282013693673337
9420.0 -1.673245905592382 1.6405822068063136 0.16662980758146745 3.906414701227314
9421.0 -0.6382779203556435 0.27988315732866054 0.4978053927274083 1.530815708781291
9422.0 1.0519469991999617 0.4004796297053953 0.679813476680923 1.2660034363589807
9423.0 -0.9388608928531456 0.40742792183965765 0.8514523300555754 1.1479204047415519
9424.0 1.2804321037644355 2.765782593417439 0.7751201959890986 3.0257657549890924
9425.0 0.5414672202047269 6.853413459555633 0.6228146732285249 5.515123945209523
9426.0 -0.014188281696378424 16.571840757191126 0.5036990258580705 7.916029472404864
9427.0 0.18853775022676242 23.608736037053937 0.4071331925904338 10.2568386272978
9428.0 0.020360173790055947 13.679472928939935 0.28009076721877507 11.220024640988056
9429.0 -0.21435627697026582 2.6895770444811458 0.1118009143995331 10.318717066519865
9430.0 -0.44909334182412636 1.5354168406221285 -0.06044940475338067 10.067960107727458
9431.0 -0.006798573160279819 7.4002265893656896 -0.24433868281708276 11.729031516434075
9432.0 0.29750606409185537 12.779860494512466 -0.3895608055103608 13.75200412984004
9433.0 0.3656198274945117 13.250710959868284 -0.10393846652426142 19.80742051176465
9434.0 -0.02378368400120917 23.92870425666277 0.18168387246183804 25.862836893689263
9435.0 0.006249649578124655 32.12780570730679 0.05811053038330985 24.265284800945302
9436.0 -0.0505433194350215 32.59049224891767 -0.10577130290231335 21.91386450591054
9437.0 0.2298635096519957 23.61402130316235 0.3341090565124988 14.410729002230942
9438.0 0.43832451064982964 16.215416436645743 0.9885580137444494 5.076746317266178
9439.0 -0.022572039953762224 6.498967412720868 1.0417894231243003 0.9895517650309529
9440.0 -3.3869435770350336 0.3115091646682462 0.6316982646887206 0.9457444344837385
9441.0 -3.253540881078696 0.03247900631442387 0.22160710625314084 0.9019371039365239
9442.0 1.020904070865833 0.031652567003314015 -0.1884840521824389 0.8581297733893095
9443.0 0.5405380684780559 0.019045291460047367 -0.5985752106180184 0.8143224428420951
9444.0 -1.270805714501277 0.6757331486954228 -1.0086663690535982 0.7705151122948806
9445.0 -0.5270519188423304 3.0050005310215853 -1.3816797720923688 0.8477102603186771
9446.0 0.01579821145436955 7.631937618931921 -0.9229291647337594 3.639349844558503
9447.0 0.03854393933659506 13.515436886173745 -0.4641785573751501 6.430989428798329
9448.0 0.03358458734229618 11.120350839412607 -0.08133614754475821 7.7617118903850955
9449.0 0.24757397175619733 9.232418060575158 0.28992660908662704 8.869574184247229
9450.0 0.16193569459781604 7.953114272158193 0.1778598863000087 9.31638604601335
9451.0 0.6456216383365113 6.606551051461166 -0.14921969996428064 9.469124501623353
9452.0 -0.13073486036742143 7.427800654832519 -0.15725553156037061 11.393260219627418
9453.0 0.18969797707819575 15.750420802024777 0.13387616590219015 14.978436262720507
9454.0 0.2724790573369772 27.785611149582707 0.21114259710120464 16.39821765999931
9455.0 0.3055668845362787 25.054224495175855 -0.12759258857398587 13.605965520614784
9456.0 0.08593020601268778 9.919564254446037 -0.21851174912698146 10.500003653060109
9457.0 0.0035314776932833802 3.8308325413295936 0.9677369898284156 5.7772779205178475
9458.0 0.35498045444247495 2.7100573785386026 2.153985728783813 1.0545521879755881
9459.0 -0.4863301885880723 0.8072588527428433 0.6915918086989916 0.5840316535073198
9460.0 1.0134555092586433 0.2557762265952979 -0.8112288004937973 0.17841325937840535
9461.0 -2.3872695866711515 0.15696685304628058 -1.611588488522822 0.1672132623767579
9462.0 -1.7928513289864216 0.09192406193431871 -2.2438708292508895 0.2503854872576025
9463.0 -0.025588051693006264 0.9707786993610222 -1.7864003632104741 1.710632824995432
9464.0 0.024395508966761847 6.25143766126545 -0.6844744091210124 3.985251649940621
9465.0 -0.011918265634564176 21.22802686259081 -0.012474120659213106 8.498740319784254
9466.0 0.2904141545877504 25.70262622985766 0.13266646799714427 15.75589001917949
9467.0 0.1582935564806015 21.373188497810915 0.21687499381158526 21.489171357896076
9468.0 0.6950488683436743 22.73660087455267 0.1361736951367693 23.09817309432463
9469.0 -0.06914174571117591 26.500382426149656 0.0692149583717508 24.32077452805864
9470.0 0.3545579684227046 18.616347794371308 0.14162816978462772 21.62464790245796
9471.0 0.0361628797232082 10.930043461549428 0.21404138119750463 18.928521276857282
9472.0 -0.24531479174362877 12.171758650392466 0.20815691110436094 18.137737446315224
9473.0 0.04294429560637784 21.49699926086329 0.19445350876235645 17.537224207939715
9474.0 0.09281904098863664 25.73695087397798 0.07423377290292257 13.442568608888122
9475.0 0.3153494521114125 20.36515427057296 -0.08575213760584377 8.043430675758255
9476.0 0.09565857812198442 10.377119068820607 -0.10369145675680444 4.254628098818546
9477.0 -0.7180057778579396 1.62752149365168 -0.003805468660717376 1.8015721688078807
9478.0 2.508949424121595 0.09859573099582511 0.1849845399119381 0.25492310454781075
9479.0 0.2976841067607703 0.13417795668016333 0.5287456117375162 0.2882569811283101
9480.0 -3.395122288479819 0.1287575066244991 0.7150708663887648 0.3280978395530639
9481.0 -0.050398670441555826 2.162875948932319 0.19375193437157012 0.39718634922699325
9482.0 0.5337860433298941 3.3359615810714347 -0.32756699764562436 0.4662748589009227
9483.0 -1.5636582953724143 1.6665604717686069 -0.3201968244151044 3.1220345891839982
9484.0 -1.552987218332774 1.513134956267458 -0.3122602445485839 5.7805655279712065
9485.0 0.11270053231003244 7.303240532771184 -0.04228584680669911 9.475231214850872
9486.0 0.032589977517270705 16.379488942182928 0.28702481461765716 13.404520915630043
9487.0 0.08626121098315197 21.006632803304925 0.4035264293630331 18.234885145182385
9488.0 0.14108337458381937 22.41977500875587 0.39574126225559786 23.59150356899224
9489.0 -0.10389068806019251 23.498547552151116 0.35402431845109855 26.53957951366097
9490.0 -0.09792586617741147 27.90414809967421 0.2702837197694668 26.504735972445616
9491.0 0.21728869793732794 25.686931136348814 0.2660031502948971 25.33309518595056
9492.0 0.31863495705147077 14.882544522792331 0.48593798856136095 20.953710072995854
9493.0 0.1889300420711922 10.603802802849083 0.6642146381229659 16.790683787462612
9494.0 0.16572580243321658 7.2601454652785575 0.33663611602933863 15.254901632964847
9495.0 0.051437708290126505 7.825948019568143 0.009057593935711372 13.719119478467084
9496.0 -0.0628503858529636 8.39175057385773 0.0752785535753023 13.152993400242828
9497.0 -0.1771384799960537 8.957553128147314 0.19016739296563387 12.706702688769065
9498.0 -0.29142657413914375 9.5233556824369 0.1930750335117055 11.662528659904428
9499.0 0.001262748360293886 9.350307941736125 0.14876995766004525 10.366279320235442
9500.0 -0.05706715946680427 10.571018218230732 0.2922677686081764 7.821441942739259
9501.0 -0.13946582394737211 11.141037467687603 0.611681244581336 4.107047489952633
9502.0 -0.07020352016885942 4.059701266555976 0.8792418260207416 1.3929849895156647
9503.0 -1.2916569180306592 0.5267608696141168 1.0409290388936265 0.7214027485180421
9504.0 -2.7197172635682163 0.020088657801218032 1.0816122132627737 0.19845347900993696
9505.0 1.7043220672587134 0.2689621149467979 0.38303965827227193 0.5835546936348969
9506.0 0.46828215543337715 0.9309170091175375 -0.3155328967182298 0.9686559082598567
9507.0 0.4825022892784698 7.754483754658412 -0.35987137259023183 3.0917248912443265
9508.0 -0.04499779988456293 18.543750758039344 -0.37126904662037946 5.3023008594078584
9509.0 -0.012884074672512805 28.126153467176433 -0.2933645655958911 16.056190728089945
9510.0 -0.13623408795441175 29.587529183646105 -0.18771572989071764 29.464313642541157
9511.0 0.0668281436864113 28.252646923264447 -0.07677330506820787 35.51708566101516
9512.0 0.05457353967559197 27.396810532050836 0.03810813083363673 36.096669634583165
9513.0 0.4625845031530946 24.534307001540505 0.12783091604935243 35.44065814926134
9514.0 0.1561402772725421 25.477009774403605 0.1770667549543955 32.79624563123371
9515.0 0.41254843465321805 22.490736962854378 0.2295598567349103 29.699754067502315
9516.0 -0.12963470779087805 19.31244468832277 0.2957045533740451 24.70854285357216
9517.0 0.2074734008648609 22.77831077605777 0.36193949341731624 19.714124744951402
9518.0 -0.11228549426852574 17.86520624673065 0.4874989988534352 12.611545540225013
9519.0 -0.1802233618957837 6.923203592407824 0.613058504289554 5.508966335498625
9520.0 -0.4434471426131907 1.5777862090198873 0.5172656690964913 3.193747111348662
9521.0 0.39802400651913383 0.7186378985703272 0.3695158168377559 2.002242881597706
9522.0 1.6209409836459319 0.80525755871495 0.09893559697992904 2.185672152640162
9523.0 0.27373512354461527 2.7679235921024024 -0.24764296200487845 3.2198084964758884
9524.0 0.16751722977807573 4.8300895682735625 -0.4242974976968569 5.57572364138243
9525.0 0.28158780019053586 8.029337402202433 -0.37118468353281375 9.718917632050196
