desi_data/desi_elg_ts_zenodo/spectrum-desi-sdss-zenodo.ecsv
# %ECSV 1.0
# ---
# datatype:
# - {name: WAVELENGTH, datatype: float64}
# - {name: DESI_FLUX, datatype: float64}
# - {name: DESI_FLUX_IVAR, datatype: float64}
# - {name: EBOSS_FLUX, datatype: float64}
# - {name: EBOSS_FLUX_IVAR, datatype: float64}
# schema: astropy-2.0
WAVELENGTH DESI_FLUX DESI_FLUX_IVAR EBOSS_FLUX EBOSS_FLUX_IVAR
[from data line 2765]
6265.0 0.13673303839568898 10.94179487243364 0.09627516237989141 12.455018730863596
6266.0 0.24668335532194635 8.837761164091726 0.3071333471476514 12.184279038319138
6267.0 0.19453319169737449 8.306985020485538 0.029478402676833992 13.35019594780063
6268.0 0.4395233988217627 10.710563659359003 -0.17385569737163653 14.406128704640526
6269.0 -0.14640477311126043 11.610449075833547 -0.16453629113302504 14.98763983155653
6270.0 0.20443775698108432 10.040445804848655 0.23968614940947508 15.227828871415156
6271.0 0.06614135110604717 8.630181670293194 0.43850319797843773 15.048192543808858
6272.0 0.23902695003126062 7.732579231366701 0.42009418538178445 14.637528685648748
6273.0 0.42398352918288484 8.199318765902929 0.11811256972261286 15.60079335646827
6274.0 0.3752595633819598 11.684412479420903 0.2465951926191109 15.792252427527849
6275.0 -0.2592856957638307 12.610552549167897 0.4442704650024081 15.60930112154051
6276.0 -0.12776044015224608 11.215988159432875 -0.04404002253827466 15.644671064696245
6277.0 0.5272551142364468 9.81972742079539 -0.012622927237279952 14.979466480651237
6278.0 0.357427947170216 9.696645736747852 0.11556818068283212 14.141094283846662
6279.0 0.4853947460753533 8.647895097903064 0.07900095024734011 13.428857786752292
6280.0 0.4365938901947786 8.71901702875537 0.008863661195976716 13.818168181324356
6281.0 0.3312577381828005 11.10057830774606 0.07569979631347373 14.243053951207825
6282.0 0.16865143555775713 12.829514503506138 0.3420063068117781 14.471486198640713
6283.0 -0.07666957748294106 12.448502063808611 0.33948565205665937 15.659589701496719
6284.0 0.02392779102256562 10.816255569686723 0.279878770059001 16.7035365177936
6285.0 0.36188329752214254 10.562423229242244 0.1632675099729742 17.409588903436443
6286.0 0.5199005156890987 10.23392629629521 -0.10528920983143897 15.944450143636889
6287.0 0.5492013171166146 9.0712423326499 -0.21851698342294035 13.383270309417028
6288.0 -0.2543167172619313 4.211206913675772 -0.23024005079199078 10.524404489308932
6289.0 0.21318510175868113 4.4806034565179145 -0.19715518924744005 9.237429611939799
6290.0 0.3427378609218352 6.156611918867003 -0.19620108180281623 10.52112372450837
6291.0 0.5801045149459899 9.782398581133277 -0.11908172596579182 12.658135655073032
6292.0 -0.015286863688860453 11.293783187730746 0.17825467859958227 14.592518821601487
6293.0 0.04362623385543307 11.174288511354494 0.27481566199573765 15.93161544131681
6294.0 0.360482335114567 10.799652576442659 0.2656187788289369 17.320270556885973
6295.0 0.4110930040216267 10.974345922437264 0.15128963660858954 18.971194613520424
6296.0 0.052093658657540565 11.320841789201044 0.21037945954453047 16.604681710148324
6297.0 0.5686812699085142 10.802338600178844 0.3795056543417289 14.060853140446612
6298.0 0.17117278286362986 9.614442825650375 0.6439597892653751 11.546719254595372
6299.0 0.8143138958123205 7.4110834600817705 0.7108071865243449 7.488446053125738
6300.0 0.761158168371149 5.775765896037473 0.5253212875010574 4.548115232798803
6301.0 0.546406812880326 2.0681517721296006 0.25311749197481964 2.7195013440947076
6302.0 0.7781200707530412 1.8055223225743107 0.544951791484003 2.954177304504577
6303.0 0.5700122714089096 4.670837997854301 0.4634076038982039 4.233610240069665
6304.0 -0.43625345810707006 11.171755789839537 0.22685440496118445 6.292656379834874
6305.0 0.4020668715508935 11.972673893059497 0.040594687342111024 9.335599630077057
6306.0 0.2987924665126869 11.32191371925202 0.22992670721678277 10.100685078985537
6307.0 -0.20962992299412153 8.443001390050306 0.5187326554107479 9.714870271887023
6308.0 0.31221932161864385 4.29452467015639 0.7989073802887123 8.2773378306129
6309.0 0.036362521850090465 6.079647302117732 0.48628291457668177 8.51635659163307
6310.0 0.2626690789712754 10.05951452207437 0.22820966191496703 10.410215054803944
6311.0 0.11101584840444939 11.905705928736324 0.1529486990773128 14.219159421547952
6312.0 -0.03646637498387831 12.295642852738599 -0.18716954687692494 17.90014051222642
6313.0 0.2397694811931296 12.847337722749254 -0.2553151514440294 19.928032826163097
6314.0 0.03283701832964861 12.633125782124075 -0.05219661825673651 20.30682037560304
6315.0 0.13037629426211128 12.39696621892381 0.3444633473741948 18.894082637956743
6316.0 -0.07780984786014891 12.37316894532241 0.5033674091906656 18.658753854003752
6317.0 0.14680504794749522 12.581995725715293 0.48494856462250047 19.25145028137054
6318.0 0.3875223845101992 12.30540513988523 0.32321205832534866 20.28725989934415
6319.0 0.461940370493771 12.791312932890495 0.02860363879536268 20.73408719781326
6320.0 0.016626631913522316 12.601626396228836 -0.18112210353075833 20.26299762668117
6321.0 0.3883400335228154 11.834432840682144 0.03512231307660868 17.766834513251155
6322.0 0.4592340589364654 8.860795975178227 0.23199565408635178 15.209371676126013
6323.0 0.06690852812758225 7.817200899048414 0.3904146548588463 13.797379038986936
6324.0 0.2900139689011204 10.807625770108453 0.4832642801344746 14.665270374103475
6325.0 -0.10596147927854144 11.904492616653947 0.42108514844623285 16.83415169129578
6326.0 0.06390907242226102 12.037835121111126 0.14200371777642337 19.072378992736805
6327.0 0.3950368295688138 12.248295068724781 -0.40218598029456465 21.167857284719847
6328.0 0.32627624276080325 12.070590019258786 -0.11858529104031529 18.93991269100017
6329.0 0.38588802523052135 11.349282980378979 0.11096349064517312 15.759031544112005
6330.0 0.018126450499138566 6.818189383399466 0.2519135175418844 11.918008158220564
6331.0 -0.261918786865988 4.61103606215296 0.1969071078762465 10.100067708708565
6332.0 0.10950028889112268 3.8986313344425754 0.11751196186286386 10.128568634246554
6333.0 0.2873655623553274 9.325115441592322 0.023373796537968856 12.015779875533182
6334.0 0.1548042278075075 12.457065105443643 -0.05978688013120709 17.696223719502207
6335.0 0.3802407532881087 13.06289458261279 -0.09482560198746313 20.990941498886897
6336.0 0.36634534597747764 12.403480529927073 -0.042370687191081766 22.272337886232762
6337.0 0.19568080823822845 12.870301484938818 0.2382744185812362 20.41985647895749
6338.0 0.22084188093614243 12.961722850954086 0.38906732341074424 20.31096328960776
6339.0 0.20019744520090602 12.441266536723647 0.46503608331409146 20.26245296130012
6340.0 0.5792756080072141 12.680708885150645 0.46200531374213655 19.101308269755812
6341.0 0.11955208508569601 13.046081543035966 0.36631987664567833 19.223541873208816
6342.0 0.23030012483385626 12.544374942844524 0.2553407719941657 19.398764181719393
6343.0 0.0741251613627231 12.2052552700358 0.14748316627914715 19.275001575920715
6344.0 0.21773172913393427 12.26503658292896 0.21906459203602208 21.090201585323783
6345.0 -0.11703986303341747 11.813831806061122 0.13426238590500902 22.871762484659
6346.0 0.19472789010949942 12.501489162398927 -0.14952470360394524 24.421522775650622
6347.0 0.25636724759403895 12.801367759668695 0.1534986232802369 22.278247220155965
6348.0 0.4143235087024659 12.011671066425142 0.3524443966597823 20.18006761868287
6349.0 0.5049919262328932 10.106359720605013 0.45761060027933814 18.243159075677635
6350.0 0.18633729233120955 8.68981790533778 0.503825631914487 17.76023668288816
6351.0 0.23050156225567442 10.892440080208324 0.5762474639193423 18.074636078709656
6352.0 0.5706294774690482 12.821500777982443 0.5821275813165842 19.102487401327632
6353.0 -0.2225116752047726 12.848738670368963 0.1305975152482145 21.322442117527004
6354.0 -0.12652773181098298 12.852567672698386 0.1206046828651906 21.420583064423802
6355.0 -0.16776461034308326 12.864536285418463 0.24457054243525242 20.022943489695464
6356.0 0.5551798342346209 11.993942260885134 0.15209379947277107 16.774033221534506
6357.0 0.7442639619027819 8.321226716437101 0.13083019366890633 15.22452206277116
6358.0 0.49745691577313983 6.870548725026996 0.19778814405004508 14.627414559233479
6359.0 0.3216092847042103 9.848194956171135 0.4189911317642126 15.026913057463759
6360.0 0.5425570606870072 13.058373450837818 0.5582502487278659 17.061472135967488
6361.0 0.24446818936023454 13.372772217048476 0.5448720546214281 18.217628330494097
6362.0 -0.2335117616736911 12.244902610786731 0.3008320685768463 17.350450887648424
6363.0 0.15974002316598546 12.020580530212595 -0.00561401607679235 11.431015278991893
6364.0 0.573885798420493 8.666942596999746 -0.010880239622991866 7.196143343184856
6365.0 0.021265484464973755 4.963871479060298 0.3719789249588519 5.739302986727871
6366.0 -0.1246522199946627 6.4599912161053 0.3259258029521278 8.407769682737992
6367.0 0.11161278279826643 11.183378457306674 0.22715288327191985 11.939135222185861
6368.0 -0.08547695722366258 12.508215904186297 0.10621441761828128 16.089005381302318
6369.0 0.11267164437572127 13.02986216552872 0.37971210856169246 17.824084349984705
6370.0 0.4747233539332997 13.326175212640669 0.44526569494215223 19.454944996555405
6371.0 0.3688315451715368 13.732285738043835 0.35395213437182893 20.93395610549077
6372.0 0.5336405038404166 13.639853477480958 0.2207368540380938 21.808799688319045
6373.0 0.1887041777449642 13.511227130918678 0.11000081183525928 22.842644522695217
6374.0 0.3149759321848038 13.405615329736044 0.012851907719235105 24.098152950724224
6375.0 0.04147088165242874 13.194191455894604 -0.07878766831303063 25.976498881848176
6376.0 0.23784899705643525 12.677278518753852 0.005363885883551897 26.015543933400323
6377.0 0.24881169202696174 12.850463152004021 0.18569694266526243 24.92447558844801
6378.0 0.2693563848248166 12.8864221571664 0.4418961410447933 22.64994927599564
6379.0 0.39836918562867857 12.805538416008716 0.33124117897427763 20.34527250923147
6380.0 0.10451464360115681 11.132734298975812 0.19882461059307072 18.515689669261192
6381.0 0.11632825247388753 10.121996879318075 0.26402941692143145 17.795328725484897
6382.0 0.28074124450472193 12.026705741598853 0.06326122780142673 20.150095124827804
6383.0 0.2644452937318338 13.318152904394886 -0.07622452160394819 22.487767246817246
6384.0 0.17798659206041095 12.546644210981208 -0.01752895001563895 23.736307829030203
6385.0 0.21757932008469028 13.125185489702586 0.08640370954742464 22.128796689010116
6386.0 0.20988500861850315 12.18526506450178 0.09101497136910586 20.08511911389811
6387.0 0.4936110302229465 9.809730530174464 -0.04581974405309894 17.903236225842463
6388.0 -0.4584627447668803 8.317090988328117 0.12296346642061845 17.688208711969292
6389.0 0.46625300497253425 11.265045165554026 0.3250707993489831 18.433622415246084
6390.0 0.44640374183709386 13.490300655261596 0.543820795332109 20.110597280486317
6391.0 0.13943533886077264 13.414363145915445 0.4950426684698961 22.297451791541736
6392.0 0.6285775898825577 13.556427955580089 0.3847427753754087 24.14920370686975
6393.0 0.1742766685675737 13.29919147479093 0.23627538718376606 25.456391116766298
6394.0 0.44200404725395315 13.63349056250421 0.27606039615464734 23.264039643617586
6395.0 0.10658763921278991 13.199092149795463 0.37241762038545023 22.15024576308515
6396.0 0.37642130247459 12.98020362856434 0.46091791921717107 21.893896350422324
6397.0 0.2801945805332173 13.559623718257534 0.22573900648840578 22.54831520498201
6398.0 -0.005201488597121051 13.741972446381807 0.14422582823836871 23.035528174252125
6399.0 0.07858511049355116 13.403122186782777 0.18268190191977052 23.344205765691754
6400.0 0.2095722854177621 13.624919891286526 0.395289730751364 23.24239828632595
6401.0 0.09916099720431469 14.146111726879244 0.4169767754644281 24.413813352546253
6402.0 0.13511956108190293 13.660306453704274 0.3561215677868092 25.578173190572794
6403.0 0.18243417889333607 13.7997555732391 0.2865873544240437 24.944296719715435
6404.0 0.17922239005510796 13.925000190720354 0.3398921321159445 24.99736430132835
6405.0 0.15113043006508 13.85908770564577 0.35034183339130215 25.5567805739754
6406.0 0.34986700870741294 13.30629110351557 0.1513380858740428 26.84255762725732
6407.0 0.20566488428034452 13.269551515486386 0.12508597959353449 25.683173762845005
6408.0 0.5593892931333518 13.403321266172926 0.19746516666933775 24.291193978403097
6409.0 0.2111983710000667 14.382172823007531 0.3853016515223423 23.605679991575165
6410.0 -0.07125889513952724 14.167673587795308 0.3014846379256959 24.5398413838066
6411.0 0.0765470117235422 13.651703357826337 0.1625727164454468 25.66332145605753
6412.0 0.37946191424716746 13.839684486321826 0.008101351681271213 26.652984818032945
6413.0 -0.11642542117771394 13.923460483634406 0.14117352000995922 25.111934825128774
6414.0 0.37499690050915646 12.604767322905253 0.2867619228057252 23.587893203769447
6415.0 0.3253442943548678 11.4843137264596 0.4083416554386521 22.445366628221116
6416.0 -0.3001438378234821 12.750683784240133 0.3469017349669381 23.293923671815957
6417.0 0.2172634117375734 14.644130945236263 0.26447741058430585 24.600341889804774
6418.0 0.2843139916301769 13.912494659651548 0.16927270020463955 26.301183217230246
6419.0 0.48945594576239515 13.02736020095096 0.27730568573055897 25.137660055976333
6420.0 0.2928004563292311 12.424344062901016 0.3665925158504721 23.540383937828366
6421.0 0.26304456604954213 11.772927522772727 0.4313443583873246 21.667322321456897
6422.0 -0.35113038119594747 11.832571506307405 0.3435348640298844 22.63630996183303
6423.0 -0.016470726683935843 9.061841250290836 0.34402801525477034 23.98115066444324
6424.0 0.09309587308887611 7.92674561910035 0.3984325816802393 25.544605912317632
6425.0 0.056739075380952034 7.875870926047252 0.2818665819856911 26.258543246326358
6426.0 0.02038227767302797 7.824996232994154 0.14251237958542842 27.995531205779255
6427.0 -0.015974520034896106 7.774121539941056 0.02577982694796064 29.901420655134718
6428.0 -0.05233131774282018 7.7232468468879585 0.1779707682448228 28.193272844770792
6429.0 -0.006518982407790891 9.13919770606833 0.24880030876730172 27.589719605301305
6430.0 0.1403977759478666 14.117315292126777 0.23938950753140578 27.494497358064002
6431.0 0.07385147176397386 14.873770713768446 0.049380174788994424 26.85563850955902
6432.0 0.2731717228515925 14.330953598135576 0.15866081746460917 25.884577801536185
6433.0 0.06829178931943303 14.958243846992666 0.2769501295126783 25.07963198698493
6434.0 0.17651369987384669 14.460280418437524 -0.1251729061426083 25.55359233346289
6435.0 0.17881208188547823 14.080709695885407 -0.04002990204912463 25.52551908884233
6436.0 0.3514859080083257 13.694784164485492 0.17057101320901485 25.846834197703497
6437.0 0.3807097302090622 14.3109257219913 0.17377539800694486 27.917428735444844
6438.0 -0.008035879613138452 15.041865348730843 0.07094385915662056 29.225600986632124
6439.0 0.06683020852647603 14.60985565202343 0.017355337009365673 29.410157717708856
6440.0 0.5181901454049663 14.239031791716627 0.18605779785167112 27.26134713816495
6441.0 0.1726615409652058 14.708174228546104 0.1684519681059644 26.27827771166426
6442.0 0.28265823429303183 14.787558078918526 0.12092028757577714 26.240845963668587
6443.0 0.3157218694238065 14.357604026803797 0.11727045440656007 27.638007057099028
6444.0 0.0154972300629454 14.255167007463859 0.22294388006971494 27.74798628001647
6445.0 0.24666694922471633 15.008541345677083 0.2791759614726192 27.560158099020857
6446.0 0.28576560319594796 14.269649982619189 0.19417693280713347 27.328250991653608
6447.0 0.23122476414514992 14.490784883330214 0.1150345098433982 27.083101476651237
6448.0 0.14635589720310715 14.59786987306823 0.09536224927077744 26.969549429833727
6449.0 0.5103605092436729 13.98132276536025 0.17459518219741305 27.082309418013438
6450.0 0.40192925921283423 13.82961797718695 0.07421829023742488 27.109280506369448
6451.0 0.015589986156000712 13.924388885443443 0.05338045071316676 27.126205460935488
6452.0 0.4372186957561207 13.265684127950841 0.18517829039497127 27.144478038386406
6453.0 0.3811539021653818 12.514921426869908 0.18403876088634205 26.940859414898146
6454.0 -0.018399287047527232 12.61230421047896 0.1569990515624346 26.866474223443383
