desi_data/desi_elg_ts_zenodo/spectrum-desi-sdss-zenodo.ecsv
# %ECSV 1.0
# ---
# datatype:
# - {name: WAVELENGTH, datatype: float64}
# - {name: DESI_FLUX, datatype: float64}
# - {name: DESI_FLUX_IVAR, datatype: float64}
# - {name: EBOSS_FLUX, datatype: float64}
# - {name: EBOSS_FLUX_IVAR, datatype: float64}
# schema: astropy-2.0
WAVELENGTH DESI_FLUX DESI_FLUX_IVAR EBOSS_FLUX EBOSS_FLUX_IVAR
[from data line 5644]
9144.0 0.10277501498462405 58.055438992453304 0.20329389680874788 54.028628441484884
9145.0 0.1786109219163998 52.29502201365128 0.2786325895897609 50.619780625675034
9146.0 0.05532861686801203 46.222734452637916 0.26609361919046276 47.655363961416896
9147.0 0.3125344774061753 46.635547636788004 0.20767000271811398 44.92300360538063
9148.0 0.2460132837994363 48.80944061207355 0.18456618749913897 46.751994151036214
9149.0 0.24930957065530712 49.380517958448806 0.19025160603098876 52.29895004950643
9150.0 0.10228283884186667 51.92181396421089 0.22010440487533997 50.64690833308189
9151.0 0.1146226488339052 49.80637169057615 0.2801703026902064 39.99496573311776
9152.0 0.21829687053404517 36.91561127263631 0.3233059821461387 30.21602677338541
9153.0 0.2235162369149758 17.705499176770452 0.3331944711834076 22.15147315987959
9154.0 0.22130948689263225 8.080855848490732 0.31508476243904115 15.698213743813621
9155.0 0.3037395792659941 8.779329774940415 0.20319768155028034 14.641835111500516
9156.0 0.3148292899400715 20.453113550948167 0.09967452642972965 14.124049874333982
9157.0 0.22616780910946352 19.218256954158548 0.05637781096073927 17.48453466352444
9158.0 0.3029851839862788 13.858299254690701 0.018645277005593378 20.819594306938544
9159.0 0.28219111631475446 21.484242911831792 0.3881623249749848 22.29375491928675
9160.0 0.24811513724735565 31.501272197940448 0.7576793729443763 23.76791553163496
9161.0 0.6595788299887176 26.499468331992595 0.8081131335754667 20.583246794110106
9162.0 0.5309754611485291 13.824050907020549 0.8248693681449678 16.906863657640574
9163.0 0.5779640673348425 8.251469493909976 0.9086312914737924 17.50915671518974
9164.0 1.5905386205056915 12.079050062043782 1.0096609401700214 19.214087575922242
9165.0 1.1746399697440801 23.479440208671623 1.0846115812775103 23.94356034268249
9166.0 1.6035073996383664 32.691946980095466 1.1475797005940327 30.062719399204617
9167.0 1.3013468088077955 43.76080989362453 1.0722220945592447 36.086716229833954
9168.0 0.8675017358565446 50.645454404700125 0.8945299002531741 42.04031120873988
9169.0 0.6301435532311993 45.435751918298315 0.6716269091186274 47.47955942860473
9170.0 0.31401112673342657 38.951684952872526 0.39647357742210787 52.324374565841076
9171.0 0.2609658875058349 40.310454367013804 0.22721644461962512 54.91656716391426
9172.0 0.2784186899458809 44.65948486163763 0.2524703188428266 53.37112419888457
9173.0 0.22826185075067704 44.53086471655763 0.26957799654336745 50.99716781851491
9174.0 0.11113808504907072 41.180595399628956 0.260980516233921 46.008854149382906
9175.0 0.20456344339358357 34.759415629428645 0.2410581524604445 41.57036302757997
9176.0 0.27686780691638 25.728567126936127 0.14418985209152493 40.86759342555265
9177.0 0.3816847950987922 24.92629050864732 0.049366615821170065 40.19002231194969
9178.0 0.20749195670028858 32.347522733753934 0.08476645301926691 41.11700951594863
9179.0 0.24465402582637522 36.34228515496938 0.12016629021736376 42.04399671994757
9180.0 0.2487283796193513 42.30338668573451 0.19945435734990666 47.06648135392018
9181.0 0.146170975511055 44.54823493963537 0.28350324882826183 52.53322960713544
9182.0 0.3884679525744723 46.31075095955034 0.2519737214310237 53.194744560114756
9183.0 0.28702233740465677 46.10260009896081 0.1894110181498193 52.566038971746934
9184.0 0.1756696999381943 50.05984496850585 0.13980304947407246 53.186378538121254
9185.0 0.2966321930139678 47.67116833132911 0.09646001794551262 54.41075899199947
9186.0 0.24398253120275315 38.144639971886626 0.10735511433904572 54.91865984887371
9187.0 0.31969705586951014 38.271137235459165 0.16099529409968583 54.86190294048074
9188.0 0.4525372683613475 53.121006005461 0.22212319765160013 55.32042135055855
9189.0 0.11898101300399275 52.06270027011941 0.2926282530218515 56.42423798800596
9190.0 0.08197784437936331 55.9720706924874 0.33257511263401585 57.93012908301914
9191.0 0.03915932209073801 59.30854129678947 0.3099793159195573 60.258935405630254
9192.0 0.31338182080354704 55.5648422261816 0.2812475537517021 61.68228097890989
9193.0 0.15896760104691587 57.0965681087434 0.22970621018271364 59.739704624455314
9194.0 0.3205300420310857 52.50125503806433 0.1819779763813349 58.02535309229396
9195.0 0.1763630678070536 54.36669826211421 0.17046845745834419 58.47878855567746
9196.0 0.2740518151982394 56.6035346981613 0.15895893853535345 58.93222401906095
9197.0 0.02319107098391479 45.56439400287297 0.08260501622516916 59.96699986813949
9198.0 0.31265742323893814 40.65179633710171 0.004794691551998964 61.01483259594925
9199.0 0.2775715366754705 52.12926101209953 0.09380391851997046 60.75654225186845
9200.0 -0.0826185418622652 56.6983909596968 0.20989602018391693 60.28620501552871
9201.0 0.007255796192043459 55.69817638620866 0.23099724749008838 62.19569678612948
9202.0 0.1498839893355468 53.01118278423955 0.21909233501018804 64.9320992405311
9203.0 0.20198454884744113 54.34313964811725 0.20508950437310036 64.34228071404159
9204.0 0.1971702426928946 56.29828262243734 0.18981958809501048 61.74351497040336
9205.0 0.13695816132673902 54.35623455137502 0.20251023891411196 58.370589094706695
9206.0 0.193457774827147 52.85960769661923 0.24268656329580016 54.23665173448029
9207.0 0.17985381558793528 51.39591407863565 0.2693947570171437 52.26062854899831
9208.0 -0.02474651848458853 52.30449676448108 0.2745548152941473 53.737128069697455
9209.0 0.1660245518546445 54.74947071215523 0.2761530751650121 54.79508465289117
9210.0 0.15033742954103804 50.746860505894674 0.2678459263496866 54.68906776651278
9211.0 0.28513908389354203 49.467700957906935 0.26953176450990146 54.15638738688904
9212.0 0.05132098506447311 48.129093170897825 0.330694886774581 51.08424749762398
9213.0 0.15095905214644145 52.33196258557894 0.3900477358705009 48.04891239205486
9214.0 0.13154502214724426 51.5250911718461 0.371544963745826 46.596465078221975
9215.0 0.14931051058261358 51.486427306764774 0.3530421916211512 45.14401776438908
9216.0 0.2003157287647546 43.97174454106676 0.270194799378505 38.2805566400205
9217.0 0.21430733903973082 27.25660133885183 0.18028628226966456 30.823295379776646
9218.0 0.07260757868247547 15.643471721178377 0.07701402723957666 28.252050256861075
9219.0 -0.046205364072983895 12.305725812832979 -0.030049185447335702 27.06684550650643
9220.0 0.08810907593473705 27.256389610732924 -0.062135276584268054 29.793644714101113
9221.0 0.18317520246733265 47.80166148737643 -0.05497818044492099 34.5679952383333
9222.0 0.23110758507332602 50.83747673343965 0.06905279971902721 34.82884934495378
9223.0 0.10747277562274704 46.154990197187466 0.2953420910901599 31.140638823864098
9224.0 0.49422907807578 40.021087649214635 0.33180005489739306 26.862515106158035
9225.0 0.38112205650341663 30.77811909334073 0.09484105848328944 21.734730402127095
9226.0 0.48032847766048886 16.59962606887326 -0.05348893782182086 18.370817999927684
9227.0 0.47724835592087145 11.582882404518653 0.01973818609490814 19.41628026236702
9228.0 -0.0374309306760639 18.303516384621346 0.09759758207212059 21.344661450029957
9229.0 0.11942121095677527 33.19800853361137 0.19956362177834866 27.8678098910112
9230.0 0.34593202168898834 40.55223655538838 0.29724785300270345 34.38686356612432
9231.0 0.09225623003345018 41.27102851929264 0.2807735188652901 40.79674547445348
9232.0 0.06457452472453397 42.50100326462859 0.2642991847278768 47.20662738278264
9233.0 0.3945943191940053 50.918451308454515 0.28929956346051505 43.78425355731034
9234.0 0.2782427520254467 50.5657768264235 0.31837034675723663 39.396924079474786
9235.0 0.32144270084808957 45.53116703262687 0.30043831052349856 42.81130137388908
9236.0 0.26398417358281534 40.66390991390592 0.26960368464225937 48.36729957611375
9237.0 0.16492006180516597 40.80169582300013 0.20950402264891296 53.93200347854522
9238.0 0.10742138521289016 45.04410743399108 0.13420148405718998 59.50122990011658
9239.0 0.32970464302370606 48.14191246040295 0.16098399834876437 60.50085587007159
9240.0 0.2969027758314827 44.40089416684888 0.27788692139998333 57.46645091251459
9241.0 0.14857516998511727 40.23024082219442 0.3468634818648473 54.69766329114675
9242.0 0.15542643141139814 40.32439231810072 0.34503205651419444 52.32130746635745
9243.0 0.17564170436145893 42.48279189964334 0.31324473533808617 51.153183703363425
9244.0 0.31792139999761637 43.97647857617529 0.2027485929088099 53.159677783157456
9245.0 0.17846599597125834 39.642501832267484 0.1138306635660516 54.368853895971384
9246.0 0.23283877213350784 37.87976455679302 0.14991395747714092 50.95921746878613
9247.0 0.291736222834416 36.57413864227476 0.18808581554728557 47.501290240654576
9248.0 0.4067891239477909 32.443946840178285 0.3385444381253685 41.44712110621303
9249.0 0.8440719690599966 25.901676655108663 0.4890030607034514 35.39295197177148
9250.0 1.5606639979180774 24.957458496582348 0.9431683487015646 30.63699851427112
9251.0 1.8573195039671586 24.250032901902504 1.4353237453134189 26.043436469889237
9252.0 2.469652652453573 20.61797142203732 2.0516746866390996 23.47818635362046
9253.0 3.1238337157970144 14.32192230268188 2.7074848395740623 21.557368288158866
9254.0 3.805813550454322 14.37599229741843 2.9003140778121317 21.759946091054733
9255.0 4.041744709189128 15.955320834547704 2.819439210924958 23.21782869707819
9256.0 3.145693302552994 18.288362502042414 2.4449581426069247 27.270009402338392
9257.0 2.1512895232097793 27.07555865651873 1.7739821693719537 33.942012728887896
9258.0 1.0380797686768386 39.87462997055849 1.1909488573855964 40.210114807980204
9259.0 0.7318433523475922 43.642890930234664 0.7601557366695936 45.779011264975324
9260.0 0.5381560326507905 44.51610946610513 0.4027269074192455 50.216179418480735
9261.0 0.20056579247775963 41.451078417542064 0.2851159312891665 50.953882251239385
9262.0 0.3349604309412266 35.30567550873246 0.18590264795342698 51.288361547334524
9263.0 0.03582199863582011 32.48556804700374 0.24889308712087888 48.067810363311715
9264.0 0.06560986483986732 27.451211931708336 0.3118835262883307 44.8472591792889
9265.0 0.11468497786239387 27.5081376990564 0.23197928912251106 45.77621735615846
9266.0 0.16915420835818293 38.83893393929192 0.14750248135375893 46.83795811812558
9267.0 0.2988829219352465 47.12283801844414 0.10951915593351004 50.3956889701432
9268.0 0.406199306251897 47.821846008423364 0.08068151509706176 54.44440343824671
9269.0 0.2581783271441193 47.916518208446334 0.08341608789358636 58.074408318624826
9270.0 0.2790873945879852 51.41181755156084 0.09956809366629922 61.526471674373006
9271.0 0.16353599354826218 50.83947753884189 0.09578375744424747 62.35112307723797
9272.0 0.01200535342141662 47.88263702545341 0.07680044171518224 61.17269987199073
9273.0 0.07008266256726925 53.197774887404684 0.14667128220938547 58.684047726637644
9274.0 0.17311035095339172 50.41325187912566 0.33309586515825446 54.4767130465248
9275.0 0.18968623503812626 44.99742031304248 0.4004275956640851 51.656118265506315
9276.0 0.26944172378422887 50.836952206032734 0.18619100453737014 52.11415875032495
9277.0 0.3923815202447516 49.53417015009397 0.01693169467004054 52.62629203899058
9278.0 0.1313460635976243 50.10377693218843 0.08133765898650126 53.41944742344242
9279.0 0.2893684133439365 48.651321411817854 0.14386554035319019 54.09939785454288
9280.0 0.3000219464360626 43.45697784666554 0.13344368679529736 50.38216692571624
9281.0 0.4023178963985665 31.953143597924868 0.12302183323740454 46.66493599688961
9282.0 0.4007568807731362 33.71447848905062 0.03482736182848126 49.49952537644151
9283.0 0.12195791313938417 45.0887746759453 -0.06314769564823347 53.15806339238294
9284.0 0.2876620291589569 51.95647048735017 -0.011475998303336912 49.729678155105645
9285.0 0.08505620998644257 52.5439729698367 0.08981523933094071 43.95142656549731
9286.0 0.10384572287982213 42.60733414577551 0.14193531505091372 36.02154440466357
9287.0 0.20463619380672585 21.2993578994649 0.1630381728687239 26.734411536820662
9288.0 0.17613312603604903 11.535394671385166 0.23196623366132893 21.848182433432815
9289.0 0.23693255348376158 15.016986604105997 0.3537727868342122 21.827863806111765
9290.0 -0.0041225533497908085 22.863617895731874 0.3865531009909071 23.425992357575282
9291.0 -0.04903460200763717 28.45447492311365 0.24350481774064447 28.220586362007037
9292.0 0.11727780840318422 38.97515487212121 0.13886721753324832 31.84763123175728
9293.0 0.10508540470413107 40.77083206433378 0.19093393468423098 30.711418183692118
9294.0 0.07598497331820947 31.23046780208606 0.24551024343597308 29.332304350896667
9295.0 0.3755120708471681 16.8748316823025 0.34152878953056875 23.94203907477013
9296.0 0.4145725667545883 9.69926834323326 0.43754733562516446 18.55177379864359
9297.0 0.4668907298783762 12.913939471193604 0.261633797015657 18.71293679517932
9298.0 0.3074703182198249 27.354460708890272 0.061056165458938494 19.37761133231058
9299.0 0.10419922502688052 32.16226387190105 0.10325483784144734 23.665001309065456
9300.0 0.2730462252381398 25.728080752344983 0.21549531621398368 28.99755725903126
9301.0 0.07615296079329838 37.07723331323089 0.2371914054732313 30.748629746991398
9302.0 0.07277238552071484 32.55904961283213 0.20680915689434612 30.439743495126738
9303.0 -0.0029451427258915253 21.390636924132984 0.05644532188229892 27.017675665238997
9304.0 0.0736923142698055 29.218416209217427 -0.21724920611897647 20.39552644925646
9305.0 0.2485630160726205 30.382415778030396 -0.32445857452798865 13.905219604431096
9306.0 -0.4467264522120317 13.517590291652862 -0.12368729325637129 7.658807766367085
9307.0 0.10011598407643008 2.5011217321927908 0.1146353103627335 2.488253202174176
9308.0 0.07513902352727647 0.8975925447250914 0.4957957723815511 1.410048503092849
9309.0 0.6402524852248259 0.42806561678672395 0.8144414748491273 0.39787744961458754
9310.0 1.2422972027065484 0.18780077250842944 0.23314969869646573 0.3363003511433101
9311.0 0.9877073913149859 0.41156867129920516 -0.34814207745619585 0.2747232526720326
9312.0 -0.40909513758341975 1.4116793866245996 -1.4374395259376989 0.2642268677784874
9313.0 -1.1941684712712473 1.7986175426780298 -2.5701649543037606 0.25809722979856076
9314.0 -0.5726384966817221 0.27489125564251415 -0.7232617584102683 0.2287073044688076
9315.0 1.2375618206556416 0.12731496519504018 1.9785847174655986 0.19264331707699633
9316.0 0.8474150305210686 0.046278953604898004 2.692717602115713 0.36966901489352044
9317.0 -1.6581454829291475 0.29742707637980165 2.2511765702453994 0.6705869032961946
9318.0 -1.5260898938368632 0.8688788415160653 1.809635538375086 0.9715047916988689
9319.0 1.6692987051467165 0.7382436543821115 1.3680945065047725 1.2724226801015432
9320.0 -1.1284664846746644 2.40302705679306 0.926553474634459 1.5733405685042174
9321.0 0.38067260398399705 5.86801921966253 0.48501244276414557 1.8742584569068916
9322.0 0.27499650408856896 16.449956888407844 -0.06181281510890549 1.9431203549178837
9323.0 0.30378951136939636 17.731608393612348 -1.0424530154896245 1.0558147437740877
9324.0 -0.1198337523068908 2.2905650211167092 -1.9712246098655912 0.21933376226232493
9325.0 -1.0339026446716242 0.09083172678472445 -1.8851493461567799 0.3772734846859141
9326.0 0.8116137359851505 0.06254377871639802 -1.7990740824479683 0.5352132071095033
9327.0 -0.28436195604520087 0.034076313949204 -1.712998818739157 0.6931529295330925
9328.0 0.6480642546213247 4.985030171712411 -1.6269235550303456 0.8510926519566816
9329.0 -0.25202021045428213 18.979103088673867 -1.2765217370665867 4.693633304903837
9330.0 0.303561262856145 19.290918349454646 -0.8397865570764429 9.73962469307614
9331.0 0.13890838815967144 22.13348007057964 -0.48786182292591385 11.0912032415901
9332.0 -0.03740958489528126 15.062358860194436 -0.19116057942271575 10.03720107562378
9333.0 0.0198792871752331 5.915348053478435 -0.07415918492646044 9.228051224433157
9334.0 0.0454312263657603 8.375155207205088 -0.17068109888124705 8.709840272867218
9335.0 -0.27756778865282966 10.105345727013557 -0.21930900728254552 7.94961441317466
