desi_data/desi_elg_ts_zenodo/spectrum-desi-sdss-zenodo.ecsv
# %ECSV 1.0
# ---
# datatype:
# - {name: WAVELENGTH, datatype: float64}
# - {name: DESI_FLUX, datatype: float64}
# - {name: DESI_FLUX_IVAR, datatype: float64}
# - {name: EBOSS_FLUX, datatype: float64}
# - {name: EBOSS_FLUX_IVAR, datatype: float64}
# schema: astropy-2.0
WAVELENGTH DESI_FLUX DESI_FLUX_IVAR EBOSS_FLUX EBOSS_FLUX_IVAR
[from data line 2956]
6456.0 -0.182155176924011 13.162854194798223 0.06530721548540452 25.79837700468432
6457.0 0.29655628665901446 13.933096647238171 0.031226501753752474 24.479445325232877
6458.0 0.19167171401015703 13.82075309761541 0.011907573565000894 23.101747044342318
6459.0 0.23984218026775117 13.011412859123167 0.13346211018818455 24.97931895444804
6460.0 -0.29617509237839157 12.801942825318962 0.15250061856360497 26.11038953839413
6461.0 -0.1940929256335145 13.58615446077734 0.057590964405333206 26.3402912793985
6462.0 0.15870247021472822 14.082711696621349 0.06241411374512783 22.795907503192602
6463.0 0.30888152873399305 13.93347024921806 0.09245639232576891 20.705219217670837
6464.0 -0.03199802333719376 11.973512649917776 0.14412431430323625 20.034833037607143
6465.0 0.3114274814098633 9.398978948635738 0.07859191047787774 19.355617753875386
6466.0 0.4952874630892531 9.086782455505634 0.007196883937627595 18.088853559236444
6467.0 0.38265411557430107 8.142024874899393 -0.05638696002822355 16.407452867312525
6468.0 0.31610682607619833 8.398730277910357 0.17170595969280344 17.046731586787544
6469.0 0.5332319621425741 12.048068999893133 0.3236543171207158 17.91144347998023
6470.0 -0.025618058608128817 13.092172145949373 0.41085059093496457 18.80065365762147
6471.0 0.12350127654304557 10.512904167799567 0.4497145208153741 17.378218778113144
6472.0 0.3674803673863345 7.2219452863067986 0.4409018764066941 16.528581953507345
6473.0 0.14709335565255868 8.768212079481227 0.39344541984778786 16.352824581004434
6474.0 -0.010982952943158625 11.905535697445691 0.31048805208811797 18.90209599370831
6475.0 -0.03649820996626918 13.642567396021292 0.2419797577685798 22.377183122701805
6476.0 0.31236892932491783 13.377308845609711 0.18533039897155554 26.107546763833437
6477.0 0.10570189139448652 13.852339506143803 0.14576214676185711 26.489884329009058
6478.0 0.30202180895944386 13.186624050420328 0.16737351040463 25.759006468034364
6479.0 0.2153162807214395 11.359002113653364 0.2330707065508838 24.477745321642324
6480.0 0.8250177501387421 11.360462188642526 0.3363956443470816 24.375112094347568
6481.0 0.23265596846347775 13.086236476861593 0.4102805177230441 25.33183505966895
6482.0 0.2833192274571416 13.731703281192658 0.44116437803565745 26.8010966618169
6483.0 0.29014372448921055 14.461254119813308 0.3083282608740406 27.51563595983677
6484.0 0.19400380554837895 14.649780273413661 0.13295859110385755 28.240064062697353
6485.0 0.14492653120555835 14.35304141046523 -0.019924762910175906 28.899544710870778
6486.0 0.22237215193154872 14.321063041671573 0.09099597694242209 29.15668663320273
6487.0 0.05787413617048147 14.620483398365316 0.14848268379451737 28.25382254011469
6488.0 0.1731324344555403 14.887813568077991 0.17842210509201598 26.80797955632695
6489.0 -0.14710770548294955 14.856265783296644 0.21102472276407797 25.70480055034475
6490.0 0.02129033202264896 15.155531406298373 0.2960044884768101 25.353514160116685
6491.0 0.41045974187980316 15.372765064248897 0.3973348471566754 25.610906047462468
6492.0 0.022290868782988804 15.20460128787443 0.45249663406027874 26.98685137765316
6493.0 0.1038452089323692 14.798908233867609 0.4042439362443685 26.889670220436265
6494.0 -0.06533861719385595 14.469364642896414 0.30288575922478106 26.251272012426693
6495.0 0.0648147398264367 14.822163581883734 0.18302254107605895 26.30593154232008
6496.0 0.2159042209156281 14.403903007585908 0.07750815163866902 25.604272168337424
6497.0 0.06809487012157792 14.503993988079879 0.022566718939770046 23.895754910429755
6498.0 0.07327474646595028 13.278901100608383 0.15252645159591963 19.400382577844134
6499.0 0.45611517870422236 8.812501312252794 0.219772632871716 15.892346642089526
6500.0 0.5892055630553295 5.188149452733775 0.23153923441883004 13.459459167060224
6501.0 0.7351883501763715 7.713600992329873 0.13069888311464473 13.606700786035459
6502.0 0.11861691635673416 12.42874002381942 0.0793544428286529 16.661789417969004
6503.0 0.26451736304134765 14.34136366840207 0.07922205521334982 20.57908332119105
6504.0 -0.0067833870707819655 14.22800827029758 0.1959582826992861 23.086287269920174
6505.0 0.035245472558912416 12.728461981230707 0.1887500899993221 22.878390297781714
6506.0 -0.06154333981279185 10.131886482722518 0.13987273712996437 22.038606648880577
6507.0 0.3091945870323321 10.097110271140771 0.1259962055085996 23.01843446978846
6508.0 0.46897557377891674 12.959993361896501 0.08729067429749729 24.640130918633993
6509.0 0.2693011387886627 14.970644950734235 0.027442154461406364 27.09267776969031
6510.0 0.27536867563143597 15.11101484312618 -0.07327706808938506 31.646567665398997
6511.0 0.17437217384655762 15.217336416121379 -0.09525252642045628 29.493491245524897
6512.0 0.3329153060572253 15.080069541991314 -0.04502630422975626 24.969621719999182
6513.0 0.3387378304660553 15.621150255409944 0.15352940041179972 21.5447131987232
6514.0 0.4229458868948036 14.195787430110023 0.09869012704292719 20.32253061279884
6515.0 -0.15461709336789792 12.916666507886351 -0.019193540767557426 20.32896744378129
6516.0 0.35172083959611067 12.902146339378218 -0.0017581666390880588 21.62475187017681
6517.0 0.2039402946216145 14.293726444172641 0.10925059282956584 23.259543222815815
6518.0 0.45616123078603 14.462765693699474 0.2200808665031016 25.465539828434814
6519.0 0.168668910023402 15.07802224139213 0.19515123627249334 29.261977128242137
6520.0 -0.029643392170958918 15.332355499262777 0.0686171980625875 31.00530241300232
6521.0 0.14085575937106362 15.12943935404222 -0.032733098640103 30.926970214063008
6522.0 0.2598960697303275 14.66512632375185 0.1086558142736826 27.15370110797926
6523.0 0.19304112349233912 12.363544464742171 0.2615592834845993 24.01625355834458
6524.0 0.23649121818918373 10.63914966604904 0.3401109270483839 22.082944497761464
6525.0 0.2963431998765114 11.881927251356355 0.12066438011035885 23.718790479463618
6526.0 0.33328264954937126 14.015796184300726 0.03170756148625449 26.53069982742876
6527.0 0.0516525721780349 14.49959087373723 0.05259172379886977 29.183861498987355
6528.0 0.24719294899885114 14.97349929798751 0.2905444130231156 29.32718073530609
6529.0 0.35824036596403563 15.398710012645529 0.43119898088724484 29.74082298549285
6530.0 0.36965160074056874 14.72724819181256 0.4675237432476858 29.735032671332284
6531.0 0.2420118451344073 15.201467990750665 0.24921550606715032 27.56711622887507
6532.0 0.11374246331318827 15.14382362370106 0.2778095161808584 22.84329516721812
6533.0 0.5451428816342208 11.062391640101751 0.3818906446848198 17.42148837604624
6534.0 0.6064368038169093 5.845126867568201 0.3450891766776245 13.812887203490154
6535.0 0.14815363123134173 5.748521685445825 0.23041412430017366 13.85468162872406
6536.0 0.07475609328566707 10.895036696291282 0.0950700286922175 16.21663981278732
6537.0 -0.3417221978521443 15.108894109742032 0.02737275761617547 21.51171104800799
6538.0 -0.026239708173263793 15.178734779302873 0.011532749968271704 26.52611706229996
6539.0 -0.026180002766780758 15.476253509470393 0.015310424380237221 30.820961139408777
6540.0 0.4351308940639238 15.595661163316397 -0.006272963185320397 32.27309493000517
6541.0 0.5189749897013264 14.5551204682747 0.1748339716599016 30.25232883430315
6542.0 0.35027886927313384 13.746779918827139 0.3979643212917791 26.557728460184077
6543.0 0.43138154593559963 13.798816919206885 0.3025027587606748 23.268017834980483
6544.0 0.43916487694246586 13.909624099736767 0.0708926103075391 21.82984406207843
6545.0 0.36054270708619685 9.490370273833568 -0.17910599670462957 21.534593732595056
6546.0 0.36556459971961175 9.788861751057349 -0.11069640110012471 22.155251289427767
6547.0 0.5042831226192931 13.128746508889042 0.12940442620966006 23.515828535410844
6548.0 0.13821922253319108 14.901020049817856 0.38829743674737754 25.536200338969056
6549.0 0.27085799726964477 14.784786224495592 0.12511267578834995 29.155317069445232
6550.0 0.09435912411203365 14.61637878405953 0.061480331082969235 30.584037895516445
6551.0 -0.02078774104487789 15.487492561159419 0.11120479617283513 29.98983531994354
6552.0 0.05193053183985079 14.987480163732057 0.10319730659997646 24.01523508447587
6553.0 0.46159581834026164 14.379624606034417 0.04488615635295712 18.47326681829994
6554.0 0.3101045863426941 9.12795090783882 -0.04202998683454561 13.557487733631246
6555.0 -0.03936044871870036 5.399747968118796 -0.09090951670590822 11.848013687212925
6556.0 -0.6478335259966744 8.20422840044979 -0.10370072272887723 13.483625649753524
6557.0 0.21874884141595902 14.48188233332309 -0.0892763745668861 17.693709253378906
6558.0 0.2934541404190138 16.125635146998523 -0.05228366293322899 24.605967033070574
6559.0 0.21793102475688736 16.066273212515053 0.1425982482056247 27.566390268183703
6560.0 0.47612670057433903 14.876199722540058 0.43398265630720306 27.446848915907374
6561.0 0.06292856289722715 13.676503658735797 0.34471114487354887 26.059670095750246
6562.0 0.48569844656882477 12.81093549701603 0.22746705222855895 23.64909248486229
6563.0 -0.001702904511125869 11.305891514461276 0.09092206049765474 20.448695282823135
6564.0 -0.3776952623937661 8.327095985933882 0.05604687504546562 18.7484599422056
6565.0 0.16685448593033653 10.080782650874895 0.034479125442757 17.99716302025896
6566.0 0.033460319011814524 14.569863318881703 0.026043339127432716 18.127934980912936
6567.0 0.1629947982535202 15.575996160543449 0.09866585240860622 20.00017616530263
6568.0 0.19833707809120413 16.440717696935902 0.16216518687744302 21.024996896624042
6569.0 0.35024901860087543 13.697040558762442 0.21658618480389263 21.206562417880612
6570.0 -0.023851990648807747 10.327832222182812 0.328781862774303 20.73732330298766
6571.0 0.31421180428184214 10.592521428848414 0.39886948798839317 19.985371291504258
6572.0 -0.04125578689840392 14.209017752819879 0.42190181681350425 18.9303964279008
6573.0 0.34522344916907216 14.673665761914531 0.289825815862786 20.438640545755828
6574.0 0.21777461102769405 14.742666721361779 0.16060559296202243 21.661071054153712
6575.0 0.24143153237947865 14.451436281282298 0.042179570410401435 22.41295154263556
6576.0 0.19576810302615447 14.856396674996402 0.17828849921855466 18.16196685206018
6577.0 0.11182040731996057 12.704650880099951 0.2722310768063468 14.794029430526267
6578.0 -0.028529718615465882 7.5246667868096875 0.28436325087238484 13.108516265607754
6579.0 0.1998059675037642 6.336355805354782 0.21570265999238653 13.8995542729879
6580.0 0.6663361190677262 9.504145621525716 0.1181897373919 17.282685499195914
6581.0 0.15592208872983462 15.34252357461004 -0.011205499917453482 24.288392943952836
6582.0 0.2028410956678441 15.66434478777628 -0.04099295375906048 27.90950205027278
6583.0 0.19595669952460537 15.434371232938949 -0.007061754866940377 29.76114236767834
6584.0 0.37429639693537703 15.056812286477266 0.11473302718020018 29.32579671144172
6585.0 0.13033466597835283 14.250427722916998 0.14158787618860386 28.996962461340605
6586.0 0.4114523454488007 14.726158618724524 0.18890457525019771 29.339349305611417
6587.0 0.02922645975015492 15.335719585362815 0.3131185472701444 31.008249658268536
6588.0 -0.09645321966950024 15.324701309220682 0.34148501497490136 31.707694928747227
6589.0 0.37845381733190053 15.236895084510733 0.32769017203182527 31.73267968236377
6590.0 0.1349740996403136 15.125133514262346 0.26608273068829064 30.684058952339914
6591.0 0.5155594273572726 15.476396322234496 0.22505583132540116 31.044293938699145
6592.0 0.3255961239994609 14.681169510079714 0.2043967947280773 31.121276940104217
6593.0 -0.03423754132300631 14.65991973865858 0.22483487753942946 29.26292290185187
6594.0 0.1482324823843334 15.301138400894136 0.25590571785625077 27.911320711355856
6595.0 0.2698697037539089 15.779325962007022 0.27257210248778435 26.968080491653687
6596.0 0.26327860356674604 16.025505065874402 0.22686687852949336 26.829082028233607
6597.0 0.09928330874268096 13.77648305949133 0.22619781680104042 26.27706637251134
6598.0 0.242391819035245 11.305524826383003 0.2326063304431524 25.51188060910881
6599.0 0.15097875250711812 12.639217137643968 0.18828480131298717 24.5674892803726
6600.0 0.06049917265549709 15.917174338673648 0.1137144943960485 27.483375657615696
6601.0 0.5865171701241189 15.507440090263946 0.029414350473773988 31.64826994049244
6602.0 0.5831024645986685 14.998572826502148 -0.024201215334745667 31.93937048495065
6603.0 0.19990352418906654 15.516022443528199 -0.040530507740116226 29.831344212516242
6604.0 0.5330656765656857 12.582688332368512 0.0006278957169469357 26.320521702081496
6605.0 0.07922135649945253 7.144300460450966 0.33580973881117426 22.969554892721785
6606.0 0.3396106996802964 7.380764723257725 0.4226030101406341 22.382200139645175
6607.0 0.418525786967587 10.619994519811911 0.33769130255367175 23.79363735427799
6608.0 -0.1759286968210081 15.575821875664122 0.29998524799173537 25.940296137770115
6609.0 0.11612050421816944 15.608348131137973 0.2925674698795041 27.150849025708467
6610.0 -0.027730282330793443 15.862198829591057 0.30765965286289637 27.607928321131986
6611.0 0.1818396485230364 15.681567430594397 0.19622479112206384 29.432680579486693
6612.0 0.1734224409163581 15.859889984063104 0.21165449105868184 30.600009736151797
6613.0 0.16368559356989532 15.81608152376288 0.35393120113567134 31.110006744706403
6614.0 0.12471865065565901 15.998001575580465 0.6319169076308129 30.512334724432012
6615.0 0.00010881394350886753 15.620255470324523 0.5554674731051639 31.782219092698142
6616.0 0.33287405957700933 15.200057029814175 0.05008618035939927 35.32302922442014
6617.0 0.31791356224879286 16.05733466132079 0.038199157764491606 36.86670155897235
6618.0 -0.0668181330933362 16.457030296375493 0.13578868332715183 35.25562054536457
6619.0 0.17920596523523719 16.955499172015188 0.33956519702974136 29.27712257282778
6620.0 0.604841709036804 16.21108245872698 0.06902569230248246 32.28758381666486
6621.0 0.2863627986644839 16.63524413145595 -0.09448109665245844 34.751462297967365
6622.0 0.5726422147864214 15.701525211239563 0.04359805195779587 34.13885011678138
6623.0 0.1364602167316668 16.553809165739043 0.1943815612787119 31.979164038502738
6624.0 0.04559924455334319 15.810359955070497 0.3035111706515021 29.97756278084437
6625.0 0.15000902385381726 16.376161337067966 0.3143276907241576 29.00856839126447
6626.0 0.2914217674094815 15.793443679842387 0.3000195660972541 29.54765588582393
6627.0 0.07580849343440865 15.645227432277771 0.28775444101562214 30.172271923895178
6628.0 -0.07563441243360444 14.467479706094391 0.3010698391066882 29.857127529846064
6629.0 0.13120797830004777 13.215840101064288 0.2692665340910628 30.464110245848815
6630.0 0.43631547682286753 14.134679794124095 0.19190274919053396 31.539366921362834
6631.0 0.38725424564316524 15.738102197242947 0.002663797445333571 33.12268120633066
6632.0 -0.03283886602650066 16.22403144834498 0.044352720329885936 32.4553563344281
6633.0 0.2586078829126111 15.705673694497891 0.18627582172071946 30.724077498775642
6634.0 0.2825628278202805 15.181686401796762 0.28076834645153853 28.97191003304304
6635.0 0.2252840576023397 12.014220476914092 0.31391364662784804 28.247652826834116
6636.0 -0.024169785823026924 11.326652526835543 0.30666243800202314 28.285147835603453
6637.0 -0.1649532206335931 13.803510903890036 0.2658248425312768 29.671616434644225
6638.0 -0.08309281295834928 15.212920188834262 0.2257855051429169 30.641058063102793
6639.0 -0.05171391389307393 14.649793625111926 0.18866630026071796 31.215259691203812
6640.0 0.5405344961545199 14.97836589799158 0.20600744361359208 29.914650840228166
6641.0 0.12895905218688145 14.745743990057763 0.28009384359413225 29.835422153557808
6642.0 0.3335658311986517 14.525672435700683 0.40827806769556 30.92059051502969
6643.0 0.36884099987997054 14.242943048611702 0.30106929683612216 32.56997231647248
6644.0 0.09036793567319945 13.99939537051092 0.2672595705577982 33.614775762439834
6645.0 0.11609167230091821 13.578435182563704 0.3270044282704597 33.91811951919813
