desi_data/desi_elg_ts_zenodo/sv1gfib-800coaddefftime1200-South-sv1-S-0.6z1.6-coii-zenodo.ecsv
# %ECSV 0.9
# ---
# datatype:
# - {name: GFIB, datatype: float64}
# - {name: COII, datatype: float64}
# - {name: EFFICIENCY_06Z16, datatype: float64}
# - {name: ALPHA, datatype: float64}
# schema: astropy-2.0
GFIB COII EFFICIENCY_06Z16 ALPHA
[from data line 583]
23.285714286285714 1.375 0.9137931034482759 0.5804692485406774
23.285714286285714 1.5499999999999998 0.7681159420289855 0.6181797971278363
23.285714286285714 1.7249999999999996 0.8738738738738738 0.5709017433205468
23.285714286285714 1.8999999999999995 0.8309859154929577 0.47386942828675577
23.342857143542858 -2.475 0.0 0.0
23.342857143542858 -1.7750000000000001 0.0 0.1634647146163551
23.342857143542858 -1.425 0.0 0.0
23.342857143542858 -1.25 0.4 0.1362858834550587
23.342857143542858 -1.0750000000000002 0.0 0.0
23.342857143542858 -0.9000000000000004 0.0 0.0
23.342857143542858 -0.7250000000000001 0.0 0.025361508646880526
23.342857143542858 -0.5500000000000003 0.0 0.0
23.342857143542858 -0.375 0.0 0.10521193008063645
23.342857143542858 -0.20000000000000018 0.1 0.19875525175920872
23.342857143542858 -0.025000000000000355 0.15789473684210525 0.4261776817634638
23.342857143542858 0.1499999999999999 0.022727272727272728 0.5204815900023024
23.342857143542858 0.32499999999999973 0.25842696629213485 0.5229352572496745
23.342857143542858 0.5 0.3473684210526316 0.537102056571642
23.342857143542858 0.6749999999999998 0.6950354609929078 0.622849810254908
23.342857143542858 0.8499999999999996 0.6824324324324325 0.6333711116246967
23.342857143542858 1.0249999999999995 0.5677083333333334 0.6898908682789929
23.342857143542858 1.1999999999999993 0.8724489795918368 0.6943682896054562
23.342857143542858 1.375 0.9013157894736842 0.6391620478996044
23.342857143542858 1.5499999999999998 0.9368421052631579 0.537102056571642
23.342857143542858 1.7249999999999996 0.896 0.5966952604312463
23.342857143542858 1.8999999999999995 0.8714285714285714 0.4707892739343465
23.4000000008 -2.3 0.0 0.0
23.4000000008 -1.6 0.0 0.0
23.4000000008 -1.425 0.0 0.0
23.4000000008 -1.25 0.0 0.0
23.4000000008 -1.0750000000000002 0.0 0.0689365965063306
23.4000000008 -0.9000000000000004 0.0 0.12130427176633712
23.4000000008 -0.7250000000000001 0.0 0.0
23.4000000008 -0.5500000000000003 0.0 0.1362858834550587
23.4000000008 -0.375 0.0 0.0
23.4000000008 -0.20000000000000018 0.037037037037037035 0.26392213600671177
23.4000000008 -0.025000000000000355 0.06382978723404255 0.38428918289507685
23.4000000008 0.1499999999999999 0.21818181818181817 0.41842159867434003
23.4000000008 0.32499999999999973 0.5094339622641509 0.4103781887276126
23.4000000008 0.5 0.6129032258064516 0.5949510965083357
23.4000000008 0.6749999999999998 0.68 0.5966952604312463
23.4000000008 0.8499999999999996 0.5747126436781609 0.668514878068518
23.4000000008 1.0249999999999995 0.8160919540229885 0.668514878068518
23.4000000008 1.1999999999999993 0.8349514563106796 0.7051738641117948
23.4000000008 1.375 0.9276595744680851 0.7337741850630862
23.4000000008 1.5499999999999998 0.940677966101695 0.5841812575802807
23.4000000008 1.7249999999999996 0.8294117647058824 0.663464714616355
23.4000000008 1.8999999999999995 0.9312977099236641 0.6068759017551002
23.457142858057143 -1.7750000000000001 0.0 0.0
23.457142858057143 -1.425 0.0 0.0
23.457142858057143 -1.25 0.0 0.10521193008063645
23.457142858057143 -1.0750000000000002 0.0 0.0
23.457142858057143 -0.7250000000000001 0.0 0.025361508646880526
23.457142858057143 -0.5500000000000003 0.0 0.025361508646880526
23.457142858057143 -0.375 0.0 0.12130427176633712
23.457142858057143 -0.20000000000000018 0.12903225806451613 0.2939211008443544
23.457142858057143 -0.025000000000000355 0.025 0.3492702495911993
23.457142858057143 0.1499999999999999 0.15789473684210525 0.4886470500676138
23.457142858057143 0.32499999999999973 0.2972972972972973 0.4828561137927062
23.457142858057143 0.5 0.29411764705882354 0.6150097081123269
23.457142858057143 0.6749999999999998 0.6752577319587629 0.6921411188923311
23.457142858057143 0.8499999999999996 0.7280701754385965 0.727207677427445
23.457142858057143 1.0249999999999995 0.9014778325123153 0.7019882728838246
23.457142858057143 1.1999999999999993 0.9307359307359307 0.7300462438732902
23.457142858057143 1.375 0.9230769230769231 0.7557269279126271
23.457142858057143 1.5499999999999998 0.9587155963302753 0.7174685007295205
23.457142858057143 1.7249999999999996 0.9223300970873787 0.7051738641117948
23.457142858057143 1.8999999999999995 0.9745222929936306 0.646190080131835
23.514285715314287 -1.9500000000000002 0.0 0.0
23.514285715314287 -1.6 0.0 0.0
23.514285715314287 -1.25 0.0 0.0
23.514285715314287 -1.0750000000000002 0.0 0.0
23.514285715314287 -0.9000000000000004 0.0 0.22910417193601457
23.514285715314287 -0.5500000000000003 0.0 0.08783087695103053
23.514285715314287 -0.375 0.0 0.1362858834550587
23.514285715314287 -0.20000000000000018 0.06451612903225806 0.44443609867634504
23.514285715314287 -0.025000000000000355 0.031746031746031744 0.44791052865400893
23.514285715314287 0.1499999999999999 0.26956521739130435 0.5785891741040239
23.514285715314287 0.32499999999999973 0.4420289855072464 0.6181797971278363
23.514285715314287 0.5 0.42567567567567566 0.6333711116246967
23.514285715314287 0.6749999999999998 0.5654761904761905 0.6608948947901495
23.514285715314287 0.8499999999999996 0.6782945736434108 0.7540501069088332
23.514285715314287 1.0249999999999995 0.8458498023715415 0.7498005145151271
23.514285715314287 1.1999999999999993 0.8713235294117647 0.7655247059443175
23.514285715314287 1.375 0.9308176100628931 0.7994538139194345
23.514285715314287 1.5499999999999998 0.8983050847457628 0.7831512619162997
23.514285715314287 1.7249999999999996 0.9692307692307692 0.6932575596084771
23.514285715314287 1.8999999999999995 0.8504672897196262 0.562932142769823
23.571428572571428 -1.7750000000000001 0.0 0.0
23.571428572571428 -1.6 0.0 0.0
23.571428572571428 -1.25 0.4 0.04824025392721809
23.571428572571428 -1.0750000000000002 0.5 0.0
23.571428572571428 -0.9000000000000004 0.0 0.17587650647887115
23.571428572571428 -0.7250000000000001 0.5 0.0
23.571428572571428 -0.5500000000000003 0.0 0.17587650647887115
23.571428572571428 -0.375 0.0 0.1362858834550587
23.571428572571428 -0.20000000000000018 0.07692307692307693 0.2557269279126271
23.571428572571428 -0.025000000000000355 0.1917808219178082 0.47990168398744604
23.571428572571428 0.1499999999999999 0.1836734693877551 0.3933382939414749
23.571428572571428 0.32499999999999973 0.20388349514563106 0.5546588662798042
23.571428572571428 0.5 0.497737556561086 0.7204363907697735
23.571428572571428 0.6749999999999998 0.555045871559633 0.7174685007295205
23.571428572571428 0.8499999999999996 0.6984126984126984 0.7489405243179902
23.571428572571428 1.0249999999999995 0.8053691275167785 0.7853483859653457
23.571428572571428 1.1999999999999993 0.8191780821917808 0.8293866861554555
23.571428572571428 1.375 0.9323076923076923 0.8041819344166553
23.571428572571428 1.5499999999999998 0.9575971731448764 0.7741334716893633
23.571428572571428 1.7249999999999996 0.9366515837104072 0.7204363907697735
23.571428572571428 1.8999999999999995 0.9502762430939227 0.6770795413618104
23.628571429828572 -2.475 0.0 0.0
23.628571429828572 -1.9500000000000002 0.0 0.0
23.628571429828572 -1.7750000000000001 0.0 0.0
23.628571429828572 -1.6 0.0 0.0
23.628571429828572 -1.425 0.0 0.0
23.628571429828572 -1.25 0.0 0.0
23.628571429828572 -1.0750000000000002 0.0 0.1362858834550587
23.628571429828572 -0.9000000000000004 0.0 0.0
23.628571429828572 -0.7250000000000001 0.0 0.2868008812870493
23.628571429828572 -0.5500000000000003 0.0 0.19875525175920872
23.628571429828572 -0.375 0.2777777777777778 0.17587650647887115
23.628571429828572 -0.20000000000000018 0.018518518518518517 0.41443713383870234
23.628571429828572 -0.025000000000000355 0.34523809523809523 0.5103798969581589
23.628571429828572 0.1499999999999999 0.16216216216216217 0.4828561137927062
23.628571429828572 0.32499999999999973 0.1951219512195122 0.593192809646917
23.628571429828572 0.5 0.5240384615384616 0.7072719214085988
23.628571429828572 0.6749999999999998 0.5977011494252874 0.7565605075963586
23.628571429828572 0.8499999999999996 0.7343283582089553 0.8107626574456407
23.628571429828572 1.0249999999999995 0.8843537414965986 0.7824139191332968
23.628571429828572 1.1999999999999993 0.8842592592592593 0.8659821273346742
23.628571429828572 1.375 0.8848920863309353 0.8583082814140969
23.628571429828572 1.5499999999999998 0.8970976253298153 0.8375598589112543
23.628571429828572 1.7249999999999996 0.9278350515463918 0.7801867484201718
23.628571429828572 1.8999999999999995 0.8524590163934426 0.6794657987924329
23.685714287085716 -2.65 0.0 0.0
23.685714287085716 -2.125 0.0 0.08783087695103053
23.685714287085716 -1.9500000000000002 0.0 0.0
23.685714287085716 -1.7750000000000001 0.0 0.0
23.685714287085716 -1.6 0.0 0.26392213600671177
23.685714287085716 -1.425 0.0 0.04824025392721809
23.685714287085716 -1.0750000000000002 0.0 0.20934990129417774
23.685714287085716 -0.9000000000000004 0.0 0.19875525175920872
23.685714287085716 -0.7250000000000001 0.0 0.0
23.685714287085716 -0.5500000000000003 0.4583333333333333 0.2383458747830211
23.685714287085716 -0.375 0.3157894736842105 0.18761705440363258
23.685714287085716 -0.20000000000000018 0.030303030303030304 0.30749722386616185
23.685714287085716 -0.025000000000000355 0.21518987341772153 0.4970537995724388
23.685714287085716 0.1499999999999999 0.16 0.5966952604312463
23.685714287085716 0.32499999999999973 0.2513089005235602 0.6887569375510818
23.685714287085716 0.5 0.3926940639269406 0.7184623113472772
23.685714287085716 0.6749999999999998 0.6639676113360324 0.744588730557051
23.685714287085716 0.8499999999999996 0.6376470588235295 0.8624347189523739
23.685714287085716 1.0249999999999995 0.75564681724846 0.8920047345345352
23.685714287085716 1.1999999999999993 0.9019607843137255 0.9020253419761863
23.685714287085716 1.375 0.8810068649885584 0.8684809724124289
23.685714287085716 1.5499999999999998 0.967551622418879 0.8133401030287593
23.685714287085716 1.7249999999999996 0.8455882352941176 0.7655247059443175
23.685714287085716 1.8999999999999995 0.9095477386934674 0.6976667921320714
23.742857144342857 -3.0 0.0 0.0
23.742857144342857 -2.475 0.0 0.0
23.742857144342857 -2.3 0.0 0.0
23.742857144342857 -1.7750000000000001 0.0 0.08783087695103053
23.742857144342857 -1.6 0.0 0.0
23.742857144342857 -1.25 0.0 0.1362858834550587
23.742857144342857 -1.0750000000000002 0.0 0.0
23.742857144342857 -0.9000000000000004 0.0 0.0
23.742857144342857 -0.7250000000000001 0.0 0.08783087695103053
23.742857144342857 -0.5500000000000003 0.0 0.17587650647887115
23.742857144342857 -0.375 0.13725490196078433 0.4020253419761863
23.742857144342857 -0.20000000000000018 0.1509433962264151 0.4103781887276126
23.742857144342857 -0.025000000000000355 0.20253164556962025 0.4970537995724388
23.742857144342857 0.1499999999999999 0.33884297520661155 0.5896329390854431
23.742857144342857 0.32499999999999973 0.4439461883408072 0.7223926854512984
23.742857144342857 0.5 0.46875 0.6898908682789929
23.742857144342857 0.6749999999999998 0.5088967971530249 0.7725934138797581
23.742857144342857 0.8499999999999996 0.7124600638977636 0.7960124227004424
23.742857144342857 1.0249999999999995 0.7817047817047817 0.8893127921141339
23.742857144342857 1.1999999999999993 0.8865979381443299 0.9307017462521623
23.742857144342857 1.375 0.9256198347107438 0.8906629347494244
23.742857144342857 1.5499999999999998 0.8927789934354485 0.8781983539621432
23.742857144342857 1.7249999999999996 0.875 0.7953175509364395
23.742857144342857 1.8999999999999995 0.9705882352941176 0.7365287324554741
23.8000000016 -2.65 0.0 0.0
23.8000000016 -2.475 0.0 0.0
23.8000000016 -1.9500000000000002 0.0 0.0
23.8000000016 -1.7750000000000001 0.0 0.0
23.8000000016 -1.6 0.0 0.0
23.8000000016 -1.425 0.0 0.04824025392721809
23.8000000016 -1.25 0.0 0.0
23.8000000016 -1.0750000000000002 0.15 0.19875525175920872
23.8000000016 -0.9000000000000004 0.0 0.20934990129417774
23.8000000016 -0.7250000000000001 0.13636363636363635 0.21945159433832118
23.8000000016 -0.5500000000000003 0.0 0.21945159433832118
23.8000000016 -0.375 0.24 0.3977252560952275
23.8000000016 -0.20000000000000018 0.0 0.3437725574404677
23.8000000016 -0.025000000000000355 0.16666666666666666 0.5525403398081769
23.8000000016 0.1499999999999999 0.16296296296296298 0.6134071381747211
23.8000000016 0.32499999999999973 0.3402061855670103 0.6921411188923311
23.8000000016 0.5 0.35177865612648224 0.7498005145151271
23.8000000016 0.6749999999999998 0.5130890052356021 0.8392719353830724
23.8000000016 0.8499999999999996 0.7328042328042328 0.8369861538458307
23.8000000016 1.0249999999999995 0.760914760914761 0.8893127921141339
23.8000000016 1.1999999999999993 0.8465608465608465 0.9250317833736714
23.8000000016 1.375 0.9131886477462438 0.9369536651218737
23.8000000016 1.5499999999999998 0.9615384615384616 0.9365908459214235
23.8000000016 1.7249999999999996 0.9435736677115988 0.8001355954558087
23.8000000016 1.8999999999999995 0.9022801302931596 0.7918094416658114
23.857142858857145 -2.475 0.0 0.0
23.857142858857145 -1.7750000000000001 0.0 0.0
23.857142858857145 -1.425 0.0 0.0
23.857142858857145 -1.25 0.0 0.2472102582632369
23.857142858857145 -1.0750000000000002 0.0 0.2472102582632369
23.857142858857145 -0.9000000000000004 0.0 0.0
23.857142858857145 -0.7250000000000001 0.1836734693877551 0.3933382939414749
23.857142858857145 -0.5500000000000003 0.4838709677419355 0.2939211008443544
23.857142858857145 -0.375 0.0 0.38428918289507685
23.857142858857145 -0.20000000000000018 0.08653846153846154 0.5567569235766082
23.857142858857145 -0.025000000000000355 0.2204724409448819 0.6001421144051966
23.857142858857145 0.1499999999999999 0.3072916666666667 0.6898908682789929
23.857142858857145 0.32499999999999973 0.2992125984251969 0.7506571122371871
23.857142858857145 0.5 0.4186046511627907 0.8165194752129832
23.857142858857145 0.6749999999999998 0.5048309178743962 0.8567404244876675
23.857142858857145 0.8499999999999996 0.6324324324324324 0.9203867454885561
23.857142858857145 1.0249999999999995 0.814498933901919 0.8838266752847597
23.857142858857145 1.1999999999999993 0.882258064516129 0.944436098676345
23.857142858857145 1.375 0.9153737658674189 0.9735633715187514
23.857142858857145 1.5499999999999998 0.9076175040518638 0.943382835943839
23.857142858857145 1.7249999999999996 0.890625 0.8008152430871711
23.857142858857145 1.8999999999999995 0.911504424778761 0.8133401030287593
23.914285716114286 -2.825 0.0 0.0
23.914285716114286 -2.65 0.0 0.0
23.914285716114286 -2.3 0.0 0.0
23.914285716114286 -1.9500000000000002 0.0 0.0
23.914285716114286 -1.6 0.0 0.0
23.914285716114286 -1.425 0.0 0.08783087695103053
23.914285716114286 -1.25 0.0 0.08783087695103053
23.914285716114286 -1.0750000000000002 0.0 0.21945159433832118
23.914285716114286 -0.9000000000000004 0.05263157894736842 0.18761705440363258
23.914285716114286 -0.7250000000000001 0.0 0.0
23.914285716114286 -0.5500000000000003 0.0 0.41842159867434003
23.914285716114286 -0.375 0.16666666666666666 0.5103798969581589
23.914285716114286 -0.20000000000000018 0.0673076923076923 0.5567569235766082
23.914285716114286 -0.025000000000000355 0.16312056737588654 0.622849810254908
23.914285716114286 0.1499999999999999 0.2094240837696335 0.6887569375510818
23.914285716114286 0.32499999999999973 0.32231404958677684 0.7401479369174337
23.914285716114286 0.5 0.49032258064516127 0.7939211008443544
23.914285716114286 0.6749999999999998 0.5184331797235023 0.8669851186834734
23.914285716114286 0.8499999999999996 0.6462715105162524 0.9074910983608553
23.914285716114286 1.0249999999999995 0.7448979591836735 0.966402311780594
23.914285716114286 1.1999999999999993 0.869031377899045 0.9807922412477821
23.914285716114286 1.375 0.8515950069348127 0.9772078862869327
23.914285716114286 1.5499999999999998 0.9450381679389313 0.9563609039231096
23.914285716114286 1.7249999999999996 0.9307535641547862 0.8937809999887023
23.914285716114286 1.8999999999999995 0.8877284595300261 0.8398396409115294
23.97142857337143 -2.475 0.0 0.0
23.97142857337143 -2.125 0.0 0.0
23.97142857337143 -1.9500000000000002 0.0 0.0
