desi_data/desi_elg_ts_zenodo/sv1gfib-800coaddefftime1200-South-sv1-S-1.1z1.6-gmag-zenodo.ecsv
# %ECSV 0.9
# ---
# datatype:
# - {name: GFIB, datatype: float64}
# - {name: GTOT, datatype: float64}
# - {name: EFFICIENCY_11Z16, datatype: float64}
# - {name: ALPHA, datatype: float64}
# schema: astropy-2.0
GFIB GTOT EFFICIENCY_11Z16 ALPHA
[from data line 1174]
23.767857143892858 22.09375 0.0 0.13331528153435912
23.767857143892858 22.21875 0.0 0.0
23.767857143892858 22.28125 0.0 0.0
23.767857143892858 22.34375 0.5294117647058824 0.2278433996443836
23.767857143892858 22.40625 0.0 0.16959061510866502
23.767857143892858 22.46875 0.25 0.214678930283209
23.767857143892858 22.59375 0.47058823529411764 0.37835839747637423
23.767857143892858 22.65625 0.07692307692307693 0.16959061510866502
23.767857143892858 22.71875 0.21428571428571427 0.18568295679436564
23.767857143892858 22.78125 0.47619047619047616 0.27372858632220626
23.767857143892858 22.84375 0.3076923076923077 0.3201056129406556
23.767857143892858 22.90625 0.4117647058823529 0.2278433996443836
23.767857143892858 22.96875 0.33962264150943394 0.47475687375564113
23.767857143892858 23.03125 0.24074074074074073 0.47881581886673086
23.767857143892858 23.09375 0.4788732394366197 0.5382481133147843
23.767857143892858 23.15625 0.5363636363636364 0.6333152815343591
23.767857143892858 23.21875 0.40594059405940597 0.6147796258465679
23.767857143892858 23.28125 0.5421686746987951 0.7226729829752742
23.767857143892858 23.34375 0.42038216560509556 0.7105687651598634
23.767857143892858 23.40625 0.3835616438356164 0.5442803690154746
23.767857143892858 23.46875 0.32894736842105265 0.5530257350956423
23.80357142967857 22.03125 0.0 0.0
23.80357142967857 22.09375 0.0 0.0
23.80357142967857 22.15625 0.0 0.0
23.80357142967857 22.34375 0.0 0.0
23.80357142967857 22.40625 0.0 0.0
23.80357142967857 22.46875 0.0 0.0
23.80357142967857 22.53125 0.0 0.13331528153435912
23.80357142967857 22.59375 0.0 0.20066456848308728
23.80357142967857 22.65625 0.1 0.1126189389552466
23.80357142967857 22.71875 0.0 0.08974019367490904
23.80357142967857 22.78125 0.4782608695652174 0.2934828569640431
23.80357142967857 22.84375 0.36 0.3115889432912654
23.80357142967857 22.90625 0.6875 0.3651939281151996
23.80357142967857 22.96875 0.0 0.4943329357367153
23.80357142967857 23.03125 0.296875 0.5157089259471902
23.80357142967857 23.09375 0.2 0.589740193674909
23.80357142967857 23.15625 0.4132231404958678 0.6540116241134717
23.80357142967857 23.21875 0.4375 0.6662239237791808
23.80357142967857 23.28125 0.24615384615384617 0.669590615108665
23.80357142967857 23.34375 0.3005464480874317 0.7438444838204613
23.80357142967857 23.40625 0.35542168674698793 0.7226729829752742
23.80357142967857 23.46875 0.7894736842105263 0.2519957394316611
23.80357142967857 23.53125 0.356120826709062 1.0
23.839285715464285 22.15625 0.0 0.0
23.839285715464285 22.28125 0.0 0.0
23.839285715464285 22.40625 0.0 0.0
23.839285715464285 22.46875 0.8888888888888888 0.08974019367490904
23.839285715464285 22.53125 0.35294117647058826 0.2278433996443836
23.839285715464285 22.59375 0.0 0.13331528153435912
23.839285715464285 22.65625 0.10526315789473684 0.2519957394316611
23.839285715464285 22.71875 0.07692307692307693 0.4081512424684962
23.839285715464285 22.78125 0.6086956521739131 0.2934828569640431
23.839285715464285 22.84375 0.16 0.3115889432912654
23.839285715464285 22.90625 0.4084507042253521 0.5382481133147843
23.839285715464285 22.96875 0.3050847457627119 0.4980449447763187
23.839285715464285 23.03125 0.47619047619047616 0.5747585819861875
23.839285715464285 23.09375 0.2702702702702703 0.5472347988207347
23.839285715464285 23.15625 0.6612903225806451 0.5088147837043736
23.839285715464285 23.21875 0.2558139534883721 0.5798681645770305
23.839285715464285 23.28125 0.4580152671755725 0.6712545867831288
23.839285715464285 23.34375 0.2967741935483871 0.7077847880403924
23.839285715464285 23.40625 0.35384615384615387 0.8201056129406556
23.839285715464285 23.46875 0.32934131736526945 0.7239771745290382
23.839285715464285 23.53125 0.0 0.0
23.839285715464285 23.59375 0.40789473684210525 0.5530257350956423
23.87500000125 22.28125 0.0 0.0016945641470684225
23.87500000125 22.40625 0.15384615384615385 0.16959061510866502
23.87500000125 22.46875 0.55 0.2631339367872372
23.87500000125 22.53125 0.0 0.0
23.87500000125 22.59375 0.0 0.0
23.87500000125 22.65625 0.5714285714285714 0.03516795896237501
23.87500000125 22.71875 0.25 0.3027245598110496
23.87500000125 22.78125 0.0 0.27372858632220626
23.87500000125 22.84375 0.46511627906976744 0.42935316674503987
23.87500000125 22.90625 0.4583333333333333 0.3027245598110496
23.87500000125 22.96875 0.1875 0.3651939281151996
23.87500000125 23.03125 0.28 0.6126189389552467
23.87500000125 23.09375 0.28 0.5501495706510966
23.87500000125 23.15625 0.3877551020408163 0.608231976801494
23.87500000125 23.21875 0.45263157894736844 0.6014807415996705
23.87500000125 23.28125 0.43157894736842106 0.6014807415996705
23.87500000125 23.34375 0.3148148148148148 0.7798458145307121
23.87500000125 23.40625 0.2096069868995633 0.7925366801251906
23.87500000125 23.46875 0.46747967479674796 0.8080864925069362
23.87500000125 23.53125 0.5636363636363636 0.48280028370236855
23.87500000125 23.59375 0.31932773109243695 1.0
23.910714287035713 22.03125 0.0 0.0
23.910714287035713 22.09375 0.0 0.0
23.910714287035713 22.15625 0.0 0.0
23.910714287035713 22.28125 0.0 0.0016945641470684225
23.910714287035713 22.34375 1.0 0.0
23.910714287035713 22.40625 0.0 0.0
23.910714287035713 22.46875 0.6153846153846154 0.16959061510866502
23.910714287035713 22.53125 0.0 0.0
23.910714287035713 22.59375 0.38461538461538464 0.16959061510866502
23.910714287035713 22.65625 0.13333333333333333 0.20066456848308728
23.910714287035713 22.78125 0.32558139534883723 0.42935316674503987
23.910714287035713 22.84375 0.46153846153846156 0.16959061510866502
23.910714287035713 22.90625 0.6666666666666666 0.4905563667914923
23.910714287035713 22.96875 0.42857142857142855 0.27372858632220626
23.910714287035713 23.03125 0.2361111111111111 0.5412851871708808
23.910714287035713 23.09375 0.14285714285714285 0.535167958962375
23.910714287035713 23.15625 0.45161290322580644 0.5968604132322142
23.910714287035713 23.21875 0.3617021276595745 0.5991828657550959
23.910714287035713 23.28125 0.40853658536585363 0.7200408629790955
23.910714287035713 23.34375 0.32167832167832167 0.6902869576877775
23.910714287035713 23.40625 0.37583892617449666 0.6992120731613837
23.910714287035713 23.46875 0.28640776699029125 0.7695525491398233
23.910714287035713 23.53125 0.36875 0.7146789302832091
23.910714287035713 23.65625 0.2650793650793651 1.0
23.94642857282143 22.21875 0.0 0.0
23.94642857282143 22.34375 0.0 0.0
23.94642857282143 22.40625 0.0 0.0016945641470684225
23.94642857282143 22.46875 0.6363636363636364 0.13331528153435912
23.94642857282143 22.53125 0.0 0.0
23.94642857282143 22.59375 0.375 0.06416393245121843
23.94642857282143 22.65625 0.0 0.0
23.94642857282143 22.71875 0.631578947368421 0.2519957394316611
23.94642857282143 22.78125 0.21739130434782608 0.2934828569640431
23.94642857282143 22.84375 0.45454545454545453 0.28383027936634975
23.94642857282143 22.90625 0.0 0.16959061510866502
23.94642857282143 22.96875 0.05714285714285714 0.38465296113038444
23.94642857282143 23.03125 0.14705882352941177 0.5288733953083647
23.94642857282143 23.09375 0.2903225806451613 0.5088147837043736
23.94642857282143 23.15625 0.21505376344086022 0.5968604132322142
23.94642857282143 23.21875 0.2719298245614035 0.6410713646234829
23.94642857282143 23.28125 0.3248407643312102 0.7105687651598634
23.94642857282143 23.34375 0.44559585492227977 0.7553975934591335
23.94642857282143 23.40625 0.41626794258373206 0.7726920820107737
23.94642857282143 23.46875 0.5303867403314917 0.7414582263898388
23.94642857282143 23.53125 0.3908450704225352 0.8392781089787654
23.94642857282143 23.59375 0.4642857142857143 0.5747585819861875
23.94642857282143 23.65625 0.28406169665809766 1.0
23.98214285860714 22.09375 0.0 0.0
23.98214285860714 22.34375 0.0 0.0
23.98214285860714 22.46875 0.5 0.06416393245121843
23.98214285860714 22.53125 1.0 0.0
23.98214285860714 22.59375 0.0 0.16959061510866502
23.98214285860714 22.65625 0.125 0.214678930283209
23.98214285860714 22.71875 0.0 0.15220956197905905
23.98214285860714 22.78125 1.0 0.0016945641470684225
23.98214285860714 22.84375 0.5609756097560976 0.4190108673151144
23.98214285860714 22.90625 0.4 0.2631339367872372
23.98214285860714 22.96875 0.22857142857142856 0.38465296113038444
23.98214285860714 23.03125 0.3235294117647059 0.37835839747637423
23.98214285860714 23.09375 0.2564102564102564 0.5586662403004868
23.98214285860714 23.15625 0.39759036144578314 0.5721579851432835
23.98214285860714 23.21875 0.5694444444444444 0.5412851871708808
23.98214285860714 23.28125 0.39655172413793105 0.7328935630965465
23.98214285860714 23.34375 0.4675324675324675 0.7063792993734781
23.98214285860714 23.40625 0.3026315789473684 0.7915863624554735
23.98214285860714 23.46875 0.5230263157894737 0.8540557307596235
23.98214285860714 23.53125 0.35125448028673834 0.8354210405920455
23.98214285860714 23.59375 0.25654450261780104 0.7531356225791104
23.98214285860714 23.65625 0.0 0.08974019367490904
23.98214285860714 23.71875 0.2975653742110009 1.0
24.017857144392856 22.03125 0.0 0.0
24.017857144392856 22.09375 0.0 0.0
24.017857144392856 22.21875 1.0 0.0
24.017857144392856 22.40625 1.0 0.13331528153435912
24.017857144392856 22.53125 0.0 0.0
24.017857144392856 22.59375 0.0 0.13331528153435912
24.017857144392856 22.65625 0.0 0.0
24.017857144392856 22.71875 0.06666666666666667 0.20066456848308728
24.017857144392856 22.78125 0.8888888888888888 0.08974019367490904
24.017857144392856 22.84375 0.08 0.46210394112325603
24.017857144392856 22.90625 0.0 0.13331528153435912
24.017857144392856 22.96875 0.2727272727272727 0.3718759088941903
24.017857144392856 23.03125 0.4318181818181818 0.4343452771983403
24.017857144392856 23.09375 0.582089552238806 0.5256563403056599
24.017857144392856 23.15625 0.3877551020408163 0.4577169789695034
24.017857144392856 23.21875 0.4244604316546763 0.6841263390822941
24.017857144392856 23.28125 0.3958333333333333 0.6037545554750308
24.017857144392856 23.34375 0.4125 0.7146789302832091
24.017857144392856 23.40625 0.4034090909090909 0.7353752728623215
24.017857144392856 23.46875 0.3727598566308244 0.8354210405920455
24.017857144392856 23.53125 0.38114754098360654 0.8063138521246114
24.017857144392856 23.59375 0.2553191489361702 0.7496978635870866
24.017857144392856 23.65625 0.4409448818897638 0.6645207994332251
24.017857144392856 23.71875 0.35714285714285715 0.662804211514028
24.05357143017857 22.15625 0.0 0.0
24.05357143017857 22.28125 0.0 0.0
24.05357143017857 22.40625 0.0 0.0
24.05357143017857 22.46875 0.0 0.18568295679436564
24.05357143017857 22.53125 0.18181818181818182 0.13331528153435912
24.05357143017857 22.59375 0.0 0.03516795896237501
24.05357143017857 22.65625 0.16666666666666666 0.0016945641470684225
24.05357143017857 22.71875 0.2222222222222222 0.08974019367490904
24.05357143017857 22.78125 0.08695652173913043 0.2934828569640431
24.05357143017857 22.84375 0.3902439024390244 0.4190108673151144
24.05357143017857 22.90625 0.9333333333333333 0.20066456848308728
24.05357143017857 22.96875 0.16666666666666666 0.4242435841541969
24.05357143017857 23.03125 0.2413793103448276 0.3438179379047247
24.05357143017857 23.09375 0.125 0.45323955764304025
24.05357143017857 23.15625 0.12244897959183673 0.4577169789695034
24.05357143017857 23.21875 0.5 0.5157089259471902
24.05357143017857 23.28125 0.4864864864864865 0.6977497966527253
24.05357143017857 23.34375 0.34375 0.6037545554750308
24.05357143017857 23.40625 0.3790849673202614 0.704964654364046
24.05357143017857 23.46875 0.3029045643153527 0.8036274602426807
24.05357143017857 23.53125 0.40298507462686567 0.826686335969641
24.05357143017857 23.59375 0.5013333333333333 0.899634572819106
24.05357143017857 23.65625 0.3818770226537217 0.857598178667664
24.05357143017857 23.71875 0.44 0.3115889432912654
24.05357143017857 23.78125 0.2850574712643678 1.0
24.089285715964284 22.21875 1.0 0.0
24.089285715964284 22.34375 0.0 0.0
24.089285715964284 22.40625 0.0 0.06416393245121843
24.089285715964284 22.46875 0.0 0.0
24.089285715964284 22.53125 0.0 0.0
24.089285715964284 22.59375 0.0 0.214678930283209
24.089285715964284 22.65625 0.8 0.0
24.089285715964284 22.71875 0.25 0.0
24.089285715964284 22.78125 0.8571428571428571 0.03516795896237501
24.089285715964284 22.84375 0.23529411764705882 0.2278433996443836
24.089285715964284 22.90625 0.6976744186046512 0.42935316674503987
24.089285715964284 22.96875 0.46153846153846156 0.16959061510866502
24.089285715964284 23.03125 0.6666666666666666 0.4242435841541969
24.089285715964284 23.09375 0.27586206896551724 0.3438179379047247
24.089285715964284 23.15625 0.1958762886597938 0.606004806088369
24.089285715964284 23.21875 0.1896551724137931 0.6448479335687058
24.089285715964284 23.28125 0.35 0.6522095619790591
24.089285715964284 23.34375 0.49333333333333335 0.5501495706510966
24.089285715964284 23.40625 0.1796875 0.6662239237791808
24.089285715964284 23.46875 0.1970260223048327 0.8274950789564506
24.089285715964284 23.53125 0.37656903765690375 0.8018178894293155
24.089285715964284 23.59375 0.32848837209302323 0.8808981602410118
24.089285715964284 23.65625 0.42934782608695654 0.8955428482920055
24.089285715964284 23.71875 0.40772532188841204 0.7962968994682561
24.089285715964284 23.84375 0.2766990291262136 0.7695525491398233
24.12500000175 22.09375 0.0 0.0
24.12500000175 22.21875 0.0 0.0
24.12500000175 22.40625 0.0 0.13331528153435912
24.12500000175 22.46875 0.0 0.0
24.12500000175 22.59375 0.0 0.0
24.12500000175 22.65625 0.47058823529411764 0.2278433996443836
24.12500000175 22.71875 0.3333333333333333 0.0
24.12500000175 22.78125 0.0 0.15220956197905905
24.12500000175 22.84375 0.0 0.03516795896237501
24.12500000175 22.90625 0.2222222222222222 0.3283008210347403
24.12500000175 22.96875 0.23333333333333334 0.35117956631507785
24.12500000175 23.03125 0.03225806451612903 0.358299785872383
24.12500000175 23.09375 0.5072463768115942 0.5320434843238743
24.12500000175 23.15625 0.49295774647887325 0.5382481133147843
24.12500000175 23.21875 0.45454545454545453 0.48280028370236855
24.12500000175 23.28125 0.21794871794871795 0.5586662403004868
24.12500000175 23.34375 0.5232558139534884 0.5798681645770305
24.12500000175 23.40625 0.22321428571428573 0.6372279502903374
24.12500000175 23.46875 0.26570048309178745 0.7706041116837055
24.12500000175 23.53125 0.5288461538461539 0.7716506064366274
24.12500000175 23.59375 0.38515901060070673 0.8385121567173918
24.12500000175 23.65625 0.3373493975903614 0.8731879808072648
24.12500000175 23.71875 0.33993399339933994 0.8533402532063992
24.12500000175 23.78125 0.3448275862068966 0.4943329357367153
24.12500000175 23.84375 0.30984996738421394 1.0
24.16071428753571 22.15625 0.0 0.0
24.16071428753571 22.40625 0.0 0.0
24.16071428753571 22.59375 0.0 0.0
24.16071428753571 22.71875 0.0 0.0
24.16071428753571 22.78125 0.0 0.0
24.16071428753571 22.84375 0.5714285714285714 0.18568295679436564
24.16071428753571 22.90625 1.0 0.0016945641470684225
24.16071428753571 22.96875 0.8571428571428571 0.18568295679436564
24.16071428753571 23.03125 0.4 0.35117956631507785
24.16071428753571 23.09375 0.18181818181818182 0.28383027936634975
24.16071428753571 23.15625 0.38461538461538464 0.3201056129406556
24.16071428753571 23.21875 0.6862745098039216 0.4664040270042148
24.16071428753571 23.28125 0.29850746268656714 0.5256563403056599
24.16071428753571 23.34375 0.2545454545454545 0.48280028370236855
24.16071428753571 23.40625 0.11494252873563218 0.5823785652645559
24.16071428753571 23.46875 0.4954954954954955 0.6352804283485753
24.16071428753571 23.53125 0.24752475247524752 0.6147796258465679
24.16071428753571 23.59375 0.3556701030927835 0.7565198039203597
24.16071428753571 23.65625 0.2850678733031674 0.784815075797802
24.16071428753571 23.71875 0.363914373088685 0.8698928152853896
24.16071428753571 23.78125 0.3492063492063492 0.662804211514028
24.16071428753571 23.84375 0.2 0.0
24.16071428753571 23.90625 0.3319371727748691 1.0
24.196428573321427 22.53125 0.0 0.0
24.196428573321427 22.65625 0.2857142857142857 0.03516795896237501
24.196428573321427 22.71875 0.0 0.0
