desi_data/desi_elg_ts_zenodo/sv1gfib-800coaddefftime1200-South-sv1-S-0.6z1.6-grz-zenodo.ecsv
# %ECSV 0.9
# ---
# datatype:
# - {name: RZ, datatype: float64}
# - {name: GR, datatype: float64}
# - {name: EFFICIENCY_06Z16, datatype: float64}
# - {name: ALPHA, datatype: float64}
# schema: astropy-2.0
RZ GR EFFICIENCY_06Z16 ALPHA
[from data line 926]
-0.28071428717571434 0.15625 0.043478260869565216 0.3534393861955376
-0.2364285728014286 -0.46875 0.0 0.0
-0.2364285728014286 -0.40625 0.0 0.0
-0.2364285728014286 -0.34375 0.0 0.0
-0.2364285728014286 -0.28125 0.0 0.0
-0.2364285728014286 -0.21875 0.0 0.04275681293386302
-0.2364285728014286 -0.15625 0.0 0.022060470354750505
-0.2364285728014286 -0.09375 0.0 0.29409449252988834
-0.2364285728014286 -0.03125 0.08163265306122448 0.3671585103690074
-0.2364285728014286 0.03125 0.0 0.38825735026623476
-0.2364285728014286 0.09375 0.015384615384615385 0.4285171486761783
-0.2364285728014286 0.15625 0.0 0.45959110205060055
-0.19214285842714296 -0.46875 0.42857142857142855 0.0
-0.19214285842714296 -0.40625 0.0 0.0
-0.19214285842714296 -0.28125 0.0 0.0
-0.19214285842714296 -0.21875 0.08333333333333333 0.06165109337856295
-0.19214285842714296 -0.15625 0.0 0.3002117207383942
-0.19214285842714296 -0.09375 0.058823529411764705 0.1372849310438875
-0.19214285842714296 -0.03125 0.1 0.17257546818674113
-0.19214285842714296 0.03125 0.0 0.3922418151018725
-0.19214285842714296 0.09375 0.18627450980392157 0.5263605562357093
-0.19214285842714296 0.15625 0.07142857142857142 0.48420011338569136
-0.14785714405285721 -0.40625 0.0 0.0
-0.14785714405285721 -0.34375 0.0 0.0
-0.14785714405285721 -0.28125 0.0 0.16143727083116505
-0.14785714405285721 -0.21875 0.25 0.17257546818674113
-0.14785714405285721 -0.15625 0.0 0.14969672290640357
-0.14785714405285721 -0.09375 0.42857142857142855 0.09512448819386954
-0.14785714405285721 -0.03125 0.0 0.3758455584037187
-0.14785714405285721 0.03125 0.04819277108433735 0.4815995165427875
-0.14785714405285721 0.09375 0.08403361344537816 0.559833951051016
-0.14785714405285721 0.15625 0.09243697478991597 0.559833951051016
-0.10357142967857147 -0.46875 0.0 0.0
-0.10357142967857147 -0.34375 0.0 0.04275681293386302
-0.10357142967857147 -0.28125 0.0 0.11010609988259118
-0.10357142967857147 -0.21875 0.75 0.06165109337856295
-0.10357142967857147 -0.15625 0.0 0.0
-0.10357142967857147 -0.09375 0.030303030303030304 0.2813174402936943
-0.10357142967857147 -0.03125 0.0196078431372549 0.3758455584037187
-0.10357142967857147 0.03125 0.1111111111111111 0.499181725074413
-0.10357142967857147 0.09375 0.035398230088495575 0.5485996920964604
-0.10357142967857147 0.15625 0.06315789473684211 0.5109222729991745
-0.10357142967857147 0.21875 0.0 0.0
-0.059285715304285835 -0.40625 0.0 0.0
-0.059285715304285835 -0.34375 0.0 0.0
-0.059285715304285835 -0.28125 0.0 0.09512448819386954
-0.059285715304285835 -0.21875 0.2777777777777778 0.14969672290640357
-0.059285715304285835 -0.15625 0.11428571428571428 0.29409449252988834
-0.059285715304285835 -0.09375 0.25 0.36268108904254415
-0.059285715304285835 -0.03125 0.15151515151515152 0.4318324381256849
-0.059285715304285835 0.03125 0.24050632911392406 0.47087401599997125
-0.059285715304285835 0.09375 0.1271186440677966 0.5580014740078132
-0.059285715304285835 0.15625 0.08629441624365482 0.669293583435547
-0.059285715304285835 0.21875 0.0 0.0
-0.01500000092999998 -0.40625 0.0 0.0
-0.01500000092999998 -0.34375 0.0 0.0
-0.01500000092999998 -0.21875 0.5714285714285714 0.0
-0.01500000092999998 -0.15625 0.0 0.022060470354750505
-0.01500000092999998 -0.09375 0.2558139534883721 0.33879469814454377
-0.01500000092999998 -0.03125 0.189873417721519 0.47087401599997125
-0.01500000092999998 0.03125 0.2571428571428571 0.5951244881938695
-0.01500000092999998 0.09375 0.2265625 0.5756654551786847
-0.01500000092999998 0.15625 0.07954545454545454 0.6448168042618254
0.029285713444285655 -0.46875 0.0 0.04275681293386302
0.029285713444285655 -0.34375 0.0 0.04275681293386302
0.029285713444285655 -0.28125 0.4 0.0
0.029285713444285655 -0.21875 0.08333333333333333 0.06165109337856295
0.029285713444285655 -0.15625 0.0 0.0
0.029285713444285655 -0.09375 0.15151515151515152 0.2813174402936943
0.029285713444285655 -0.03125 0.27058823529411763 0.48676993321189693
0.029285713444285655 0.03125 0.3163265306122449 0.517673508200998
0.029285713444285655 0.09375 0.16574585635359115 0.6508997577893427
0.029285713444285655 0.15625 0.06857142857142857 0.6435794946978978
0.029285713444285655 0.21875 0.0 0.0
0.07357142781857129 -0.40625 0.0 0.0
0.07357142781857129 -0.34375 0.2857142857142857 0.0
0.07357142781857129 -0.28125 0.15789473684210525 0.16143727083116505
0.07357142781857129 -0.21875 0.0 0.19327181076585365
0.07357142781857129 -0.15625 0.13953488372093023 0.33879469814454377
0.07357142781857129 -0.09375 0.13513513513513514 0.30616133238824805
0.07357142781857129 -0.03125 0.2542372881355932 0.4074864761758226
0.07357142781857129 0.03125 0.2129032258064516 0.6172263194398963
0.07357142781857129 0.09375 0.13302752293577982 0.691288717157053
0.07357142781857129 0.15625 0.1963470319634703 0.6922825277748097
0.11785714219285714 -0.46875 0.42857142857142855 0.0
0.11785714219285714 -0.40625 0.0 0.06165109337856295
0.11785714219285714 -0.34375 1.0 0.0
0.11785714219285714 -0.28125 0.0 0.14969672290640357
0.11785714219285714 -0.21875 0.14285714285714285 0.09512448819386954
0.11785714219285714 -0.15625 0.11538461538461539 0.22954714434015955
0.11785714219285714 -0.09375 0.5652173913043478 0.20292438836354698
0.11785714219285714 -0.03125 0.0873015873015873 0.572245742913532
0.11785714219285714 0.03125 0.2374429223744292 0.6922825277748097
0.11785714219285714 0.09375 0.2599118942731278 0.7000733989513119
0.11785714219285714 0.15625 0.18796992481203006 0.734501288670284
0.16214285656714278 -0.40625 0.0 0.0
0.16214285656714278 -0.34375 0.0 0.022060470354750505
0.16214285656714278 -0.28125 0.0 0.0
0.16214285656714278 -0.21875 0.05555555555555555 0.14969672290640357
0.16214285656714278 -0.15625 0.3829787234042553 0.3581093993226093
0.16214285656714278 -0.09375 0.10714285714285714 0.39615448385785074
0.16214285656714278 -0.03125 0.4126984126984127 0.572245742913532
0.16214285656714278 0.03125 0.20958083832335328 0.6334187059285422
0.16214285656714278 0.09375 0.06842105263157895 0.661437270831165
0.16214285656714278 0.15625 0.18050541516245489 0.7433003548869748
0.16214285656714278 0.21875 0.0 0.0
0.20642857094142864 -0.40625 1.0 0.0
0.20642857094142864 -0.28125 0.25 0.0
0.20642857094142864 -0.21875 1.0 0.022060470354750505
0.20642857094142864 -0.15625 0.49295774647887325 0.4476896447142882
0.20642857094142864 -0.09375 0.1686746987951807 0.4815995165427875
0.20642857094142864 -0.03125 0.3125 0.5756654551786847
0.20642857094142864 0.03125 0.2995169082125604 0.6800456430832094
0.20642857094142864 0.09375 0.20072992700729927 0.7409357517649445
0.20642857094142864 0.15625 0.25316455696202533 0.7719040116639524
0.20642857094142864 0.21875 0.4 0.022060470354750505
0.25071428531571427 -0.40625 0.75 0.0
0.25071428531571427 -0.34375 0.0 0.0
0.25071428531571427 -0.28125 0.0 0.07903214650816892
0.25071428531571427 -0.21875 0.2222222222222222 0.14969672290640357
0.25071428531571427 -0.15625 0.4 0.26062109771458175
0.25071428531571427 -0.09375 0.16 0.37154547252275993
0.25071428531571427 -0.03125 0.29936305732484075 0.6200102965593673
0.25071428531571427 0.03125 0.40654205607476634 0.6872673570293459
0.25071428531571427 0.09375 0.44878048780487806 0.6779374008826277
0.25071428531571427 0.15625 0.2992957746478873 0.7487196403782694
0.25071428531571427 0.21875 0.29931972789115646 0.7562341355608292
0.2949999996899999 -0.46875 0.0 0.1372849310438875
0.2949999996899999 -0.40625 0.0 0.09512448819386954
0.2949999996899999 -0.28125 0.0 0.0
0.2949999996899999 -0.21875 0.2 0.37154547252275993
0.2949999996899999 -0.15625 0.3684210526315789 0.3119522686631556
0.2949999996899999 -0.09375 0.28846153846153844 0.3800621421721501
0.2949999996899999 -0.03125 0.37423312883435583 0.6281542725567294
0.2949999996899999 0.03125 0.4472361809045226 0.6714870085596039
0.2949999996899999 0.09375 0.3344594594594595 0.7577063258842198
0.2949999996899999 0.15625 0.40948275862068967 0.7048044628002004
0.2949999996899999 0.21875 0.35958005249343833 0.8125229581925602
0.2949999996899999 0.28125 0.23880597014925373 0.7361278673691449
0.33928571406428576 -0.40625 0.0 0.0
0.33928571406428576 -0.34375 1.0 0.0
0.33928571406428576 -0.28125 1.0 0.0
0.33928571406428576 -0.21875 0.4230769230769231 0.22954714434015955
0.33928571406428576 -0.15625 0.26229508196721313 0.414725387860134
0.33928571406428576 -0.09375 0.4722222222222222 0.45072671857038477
0.33928571406428576 -0.03125 0.6237623762376238 0.5242211572460719
0.33928571406428576 0.03125 0.3605150214592275 0.70573843086776
0.33928571406428576 0.09375 0.4756554307116105 0.7353161010370382
0.33928571406428576 0.15625 0.3894736842105263 0.7494829003590057
0.33928571406428576 0.21875 0.2597402597402597 0.7038664603008227
0.33928571406428576 0.28125 0.27666666666666667 0.7606210977145818
0.33928571406428576 0.34375 0.09782608695652174 0.6544693818595188
0.3835714284385714 -0.46875 0.0 0.0
0.3835714284385714 -0.34375 0.0 0.1241204616827129
0.3835714284385714 -0.28125 0.0 0.0
0.3835714284385714 -0.21875 0.4 0.22103047469076936
0.3835714284385714 -0.15625 0.543859649122807 0.39999789819099624
0.3835714284385714 -0.09375 0.2619047619047619 0.48420011338569136
0.3835714284385714 -0.03125 0.47692307692307695 0.5790321465081689
0.3835714284385714 0.03125 0.40186915887850466 0.6872673570293459
0.3835714284385714 0.09375 0.535031847133758 0.770525294391358
0.3835714284385714 0.15625 0.48582995951417 0.7184089469845834
0.3835714284385714 0.21875 0.4171597633136095 0.7865188204935779
0.3835714284385714 0.28125 0.4430379746835443 0.7094346433598024
0.3835714284385714 0.34375 0.2613333333333333 0.8090761042186099
0.3835714284385714 0.40625 0.39473684210526316 0.5505128960229868
0.427857142812857 -0.46875 1.0 0.0
0.427857142812857 -0.40625 0.6666666666666666 0.0
0.427857142812857 -0.34375 0.375 0.0
0.427857142812857 -0.28125 0.35714285714285715 0.09512448819386954
0.427857142812857 -0.21875 0.5344827586206896 0.40377446713621923
0.427857142812857 -0.15625 0.5769230769230769 0.3800621421721501
0.427857142812857 -0.09375 0.5794392523364486 0.5367523591973554
0.427857142812857 -0.03125 0.5526315789473685 0.6129822643271368
0.427857142812857 0.03125 0.46564885496183206 0.7312111160146233
0.427857142812857 0.09375 0.48484848484848486 0.7584386950133567
0.427857142812857 0.15625 0.42160278745644597 0.7510014187217466
0.427857142812857 0.21875 0.4789156626506024 0.7826295122067687
0.427857142812857 0.28125 0.5392491467576792 0.7554942805318052
0.427857142812857 0.34375 0.4186046511627907 0.7613437181516722
0.427857142812857 0.40625 0.3146067415730337 0.7977854693411881
0.427857142812857 0.46875 0.4838709677419355 0.2677413172718869
0.4721428571871429 -0.46875 0.5789473684210527 0.16143727083116505
0.4721428571871429 -0.34375 0.0 0.07903214650816892
0.4721428571871429 -0.28125 0.30434782608695654 0.20292438836354698
0.4721428571871429 -0.21875 0.5806451612903226 0.2677413172718869
0.4721428571871429 -0.15625 0.5227272727272727 0.3437868085978443
0.4721428571871429 -0.09375 0.5647058823529412 0.48676993321189693
0.4721428571871429 -0.03125 0.5873015873015873 0.572245742913532
0.4721428571871429 0.03125 0.5082872928176796 0.6508997577893427
0.4721428571871429 0.09375 0.6883561643835616 0.7547518960789596
0.4721428571871429 0.15625 0.6677740863787376 0.7613437181516722
0.4721428571871429 0.21875 0.597864768683274 0.7464136303072905
0.4721428571871429 0.28125 0.6287625418060201 0.7598960645169655
0.4721428571871429 0.34375 0.46786632390745503 0.8170352710176044
0.4721428571871429 0.40625 0.42948717948717946 0.7691377673639719
0.4721428571871429 0.46875 0.48533333333333334 0.8090761042186099
0.5164285715614285 -0.46875 0.25 0.0
0.5164285715614285 -0.40625 1.0 0.0
0.5164285715614285 -0.34375 0.23809523809523808 0.18317011772171016
0.5164285715614285 -0.28125 0.2727272727272727 0.04275681293386302
0.5164285715614285 -0.21875 0.5454545454545454 0.19327181076585365
0.5164285715614285 -0.15625 0.17647058823529413 0.28779992887587813
0.5164285715614285 -0.09375 0.5348837209302325 0.4893096959765344
0.5164285715614285 -0.03125 0.5512820512820513 0.6186227695319814
0.5164285715614285 0.03125 0.5517241379310345 0.675808489311357
0.5164285715614285 0.09375 0.6945337620578779 0.7684406648681693
0.5164285715614285 0.15625 0.7186629526462396 0.7996076946439101
0.5164285715614285 0.21875 0.636963696369637 0.7627817846059031
0.5164285715614285 0.28125 0.650137741046832 0.8020137828728068
0.5164285715614285 0.34375 0.5769230769230769 0.7691377673639719
0.5164285715614285 0.40625 0.5924855491329479 0.7915985197511388
0.5164285715614285 0.46875 0.495114006514658 0.7656296580933437
0.5164285715614285 0.53125 0.45248868778280543 0.6942566071973059
0.5607142859357144 -0.46875 0.0 0.0
0.5607142859357144 -0.34375 0.23076923076923078 0.22954714434015955
0.5607142859357144 -0.28125 1.0 0.04275681293386302
0.5607142859357144 -0.21875 0.27586206896551724 0.2532594693042286
0.5607142859357144 -0.15625 0.29411764705882354 0.3758455584037187
0.5607142859357144 -0.09375 0.43137254901960786 0.6144061857635499
0.5607142859357144 -0.03125 0.6203703703703703 0.5387723480982254
0.5607142859357144 0.03125 0.5169082125603864 0.6800456430832094
0.5607142859357144 0.09375 0.672566371681416 0.7871603194562916
0.5607142859357144 0.15625 0.6979472140762464 0.7884376598509995
0.5607142859357144 0.21875 0.8293413173652695 0.7839337037605327
0.5607142859357144 0.28125 0.8668730650154799 0.7766617315203019
0.5607142859357144 0.34375 0.7060702875399361 0.7698326391279748
0.5607142859357144 0.40625 0.7138810198300283 0.7959478230486619
0.5607142859357144 0.46875 0.6120218579234973 0.8038010130519558
0.5607142859357144 0.53125 0.5184049079754601 0.77866927038872
0.5607142859357144 0.59375 0.641860465116279 0.6882797003125531
0.60500000031 -0.46875 1.0 0.0
0.60500000031 -0.40625 0.75 0.0
0.60500000031 -0.34375 0.0 0.0
0.60500000031 -0.28125 0.3055555555555556 0.3002117207383942
0.60500000031 -0.21875 0.0 0.19327181076585365
0.60500000031 -0.15625 0.9130434782608695 0.3534393861955376
0.60500000031 -0.09375 0.6025641025641025 0.46810777169999074
0.60500000031 -0.03125 0.7850467289719626 0.5367523591973554
0.60500000031 0.03125 0.7243589743589743 0.6186227695319814
0.60500000031 0.09375 0.6680672268907563 0.7103489488830066
0.60500000031 0.15625 0.8107255520504731 0.7725901014636263
0.60500000031 0.21875 0.7485029940119761 0.7839337037605327
0.60500000031 0.28125 0.8664772727272727 0.795331802093816
0.60500000031 0.34375 0.7220216606498195 0.7433003548869748
0.60500000031 0.40625 0.7921348314606742 0.7977854693411881
0.60500000031 0.46875 0.7667844522968198 0.7479536881168957
0.60500000031 0.53125 0.8181818181818182 0.8209080633175068
0.60500000031 0.59375 0.75 0.8119522686631556
0.60500000031 0.65625 0.744 0.5705154768587788
0.6492857146842856 -0.46875 0.15 0.17257546818674113
0.6492857146842856 -0.40625 0.3333333333333333 0.0
0.6492857146842856 -0.34375 0.25 0.0
0.6492857146842856 -0.28125 0.625 0.27463545951470353
0.6492857146842856 -0.21875 0.375 0.27463545951470353
0.6492857146842856 -0.15625 0.4166666666666667 0.36268108904254415
0.6492857146842856 -0.09375 0.55 0.5951244881938695
0.6492857146842856 -0.03125 0.6642857142857143 0.5951244881938695
0.6492857146842856 0.03125 0.7109375 0.5756654551786847
0.6492857146842856 0.09375 0.8298969072164949 0.6659613353198636
0.6492857146842856 0.15625 0.8107142857142857 0.7456394860258602
0.6492857146842856 0.21875 0.8668831168831169 0.7663358286049726
0.6492857146842856 0.28125 0.8647214854111406 0.810231145457647
0.6492857146842856 0.34375 0.8614864864864865 0.7577063258842198
0.6492857146842856 0.40625 0.8962025316455696 0.8203590181679807
0.6492857146842856 0.46875 0.8161993769470405 0.7753129865571866
0.6492857146842856 0.53125 0.7953795379537953 0.7627817846059031
0.6492857146842856 0.59375 0.691358024691358 0.7773329754580567
0.6492857146842856 0.65625 0.7455621301775148 0.7865188204935779
0.6492857146842856 0.71875 0.7872340425531915 0.3581093993226093
0.6935714290585715 -0.46875 0.0 0.0
0.6935714290585715 -0.40625 1.0 0.0
