desi_data/desi_elg_ts_zenodo/sv1gfib-800coaddefftime1200-South-sv1-S-1.1z1.6-grz-zenodo.ecsv
# %ECSV 0.9
# ---
# datatype:
# - {name: RZ, datatype: float64}
# - {name: GR, datatype: float64}
# - {name: EFFICIENCY_11Z16, datatype: float64}
# - {name: ALPHA, datatype: float64}
# schema: astropy-2.0
RZ GR EFFICIENCY_11Z16 ALPHA
-1.1000000031000001 -0.5 0.0 0.0
-1.1000000031000001 -0.25 0.0 0.022060470354750505
-1.1000000031000001 -0.1875 0.0 0.0
-1.1000000031000001 -0.0625 0.0 0.022060470354750505
-1.1000000031000001 0.0 0.0 0.0
-1.1000000031000001 0.0625 0.0 0.0
-1.1000000031000001 0.125 0.0 0.06165109337856295
-1.1000000031000001 0.1875 0.0 0.0
-1.0557142887257145 -0.375 0.0 0.0
-1.0557142887257145 -0.1875 0.0 0.04275681293386302
-1.0557142887257145 -0.125 0.0 0.0
-1.0557142887257145 -0.0625 0.0 0.0
-1.0557142887257145 0.0 0.0 0.0
-1.0557142887257145 0.0625 0.0 0.0
-1.0557142887257145 0.1875 0.0 0.0
-1.0114285743514286 -0.5 0.0 0.0
-1.0114285743514286 -0.375 0.0 0.0
-1.0114285743514286 -0.3125 0.0 0.0
-1.0114285743514286 -0.1875 0.0 0.0
-1.0114285743514286 0.0 0.0 0.0
-1.0114285743514286 0.0625 0.0 0.0
-1.0114285743514286 0.125 0.0 0.0
-1.0114285743514286 0.1875 0.0 0.0
-0.967142859977143 -0.4375 0.0 0.0
-0.967142859977143 -0.3125 0.0 0.0
-0.967142859977143 -0.25 0.0 0.0
-0.967142859977143 -0.1875 0.0 0.0
-0.967142859977143 -0.0625 0.9090909090909091 0.04275681293386302
-0.967142859977143 0.0625 0.0 0.0
-0.967142859977143 0.125 0.0 0.0
-0.967142859977143 0.1875 0.0 0.0
-0.9228571456028573 -0.5 0.0 0.0
-0.9228571456028573 -0.375 0.0 0.0
-0.9228571456028573 -0.25 0.0 0.0
-0.9228571456028573 -0.1875 0.0 0.0
-0.9228571456028573 -0.125 0.0 0.0
-0.9228571456028573 0.0625 0.0 0.0
-0.9228571456028573 0.1875 0.0 0.022060470354750505
-0.8785714312285715 -0.3125 0.0 0.0
-0.8785714312285715 -0.125 0.0 0.0
-0.8785714312285715 -0.0625 0.0 0.0
-0.8785714312285715 0.0 0.0 0.21216609121055352
-0.8785714312285715 0.0625 0.0 0.09512448819386954
-0.8785714312285715 0.125 0.0 0.07903214650816892
-0.8342857168542859 -0.375 0.0 0.04275681293386302
-0.8342857168542859 -0.3125 0.0 0.0
-0.8342857168542859 -0.25 0.0 0.0
-0.8342857168542859 -0.1875 0.0 0.0
-0.8342857168542859 -0.125 0.2857142857142857 0.0
-0.8342857168542859 -0.0625 0.0 0.0
-0.8342857168542859 0.0625 0.0 0.0
-0.8342857168542859 0.125 0.0 0.0
-0.8342857168542859 0.1875 0.0 0.06165109337856295
-0.7900000024800001 -0.3125 0.0 0.0
-0.7900000024800001 -0.25 0.0 0.0
-0.7900000024800001 -0.1875 0.0 0.0
-0.7900000024800001 -0.125 0.10714285714285714 0.2456394860258601
-0.7900000024800001 -0.0625 0.0 0.0
-0.7900000024800001 0.0 0.0 0.0
-0.7900000024800001 0.0625 0.0 0.07903214650816892
-0.7900000024800001 0.125 0.0 0.06165109337856295
-0.7900000024800001 0.1875 0.0 0.0
-0.7457142881057144 -0.375 0.0 0.09512448819386954
-0.7457142881057144 -0.3125 0.0 0.04275681293386302
-0.7457142881057144 -0.25 0.0 0.0
-0.7457142881057144 -0.1875 0.0 0.0
-0.7457142881057144 -0.125 0.1 0.022060470354750505
-0.7457142881057144 -0.0625 0.0 0.0
-0.7457142881057144 0.0 0.0 0.022060470354750505
-0.7457142881057144 0.0625 0.0 0.1241204616827129
-0.7457142881057144 0.125 0.0 0.0
-0.7457142881057144 0.1875 0.0 0.0
-0.7014285737314286 -0.5 0.0 0.0
-0.7014285737314286 -0.375 0.0 0.0
-0.7014285737314286 -0.3125 0.0 0.06165109337856295
-0.7014285737314286 -0.1875 0.0 0.04275681293386302
-0.7014285737314286 -0.125 0.0 0.09512448819386954
-0.7014285737314286 -0.0625 0.0 0.0
-0.7014285737314286 0.0 0.0 0.06165109337856295
-0.7014285737314286 0.0625 0.0 0.0
-0.7014285737314286 0.125 0.0 0.0
-0.7014285737314286 0.1875 0.0 0.0
-0.6571428593571429 -0.3125 0.0 0.0
-0.6571428593571429 -0.25 0.7142857142857143 0.0
-0.6571428593571429 -0.125 0.0 0.0
-0.6571428593571429 -0.0625 0.0 0.04275681293386302
-0.6571428593571429 0.0 0.0 0.0
-0.6571428593571429 0.0625 0.0 0.0
-0.6571428593571429 0.125 0.0 0.0
-0.6571428593571429 0.1875 0.0 0.0
-0.6128571449828573 -0.4375 0.0 0.0
-0.6128571449828573 -0.375 0.0 0.0
-0.6128571449828573 -0.25 0.0 0.0
-0.6128571449828573 -0.1875 0.0 0.022060470354750505
-0.6128571449828573 -0.0625 0.0 0.04275681293386302
-0.6128571449828573 0.0 0.0 0.14969672290640357
-0.6128571449828573 0.0625 0.0 0.11010609988259118
-0.6128571449828573 0.125 0.0 0.2677413172718869
-0.6128571449828573 0.1875 0.0 0.0
-0.5685714306085715 -0.4375 0.0 0.0
-0.5685714306085715 -0.375 0.0 0.0
-0.5685714306085715 -0.3125 0.0 0.0
-0.5685714306085715 -0.25 0.0 0.19327181076585365
-0.5685714306085715 -0.1875 0.0 0.0
-0.5685714306085715 -0.125 0.0 0.0
-0.5685714306085715 -0.0625 0.0 0.0
-0.5685714306085715 0.0 0.0 0.06165109337856295
-0.5685714306085715 0.0625 0.0 0.16143727083116505
-0.5685714306085715 0.125 0.11764705882352941 0.1372849310438875
-0.5685714306085715 0.1875 0.0 0.0
-0.5242857162342858 -0.4375 0.0 0.0
-0.5242857162342858 -0.375 0.0 0.0
-0.5242857162342858 -0.3125 0.0 0.19327181076585365
-0.5242857162342858 -0.25 0.0 0.0
-0.5242857162342858 -0.1875 0.0 0.022060470354750505
-0.5242857162342858 -0.125 0.21428571428571427 0.09512448819386954
-0.5242857162342858 -0.0625 0.1111111111111111 0.2377423524342442
-0.5242857162342858 0.0 0.2857142857142857 0.2456394860258601
-0.5242857162342858 0.0625 0.0 0.19327181076585365
-0.5242857162342858 0.125 0.0 0.17257546818674113
-0.5242857162342858 0.1875 0.0 0.0
-0.48000000186000014 -0.3125 0.0 0.0
-0.48000000186000014 -0.25 0.0 0.17257546818674113
-0.48000000186000014 -0.1875 0.0 0.1241204616827129
-0.48000000186000014 -0.0625 0.09090909090909091 0.19327181076585365
-0.48000000186000014 0.0 0.0 0.14969672290640357
-0.48000000186000014 0.0625 0.15151515151515152 0.2813174402936943
-0.48000000186000014 0.125 0.0 0.22954714434015955
-0.48000000186000014 0.1875 0.0 0.1372849310438875
-0.4357142874857144 -0.5 0.0 0.0
-0.4357142874857144 -0.4375 0.0 0.0
-0.4357142874857144 -0.375 0.0 0.0
-0.4357142874857144 -0.3125 0.0 0.0
-0.4357142874857144 -0.25 0.0 0.0
-0.4357142874857144 -0.1875 0.0 0.09512448819386954
-0.4357142874857144 -0.125 0.0 0.3119522686631556
-0.4357142874857144 -0.0625 0.3 0.022060470354750505
-0.4357142874857144 0.0 0.10416666666666667 0.36268108904254415
-0.4357142874857144 0.0625 0.0 0.1241204616827129
-0.4357142874857144 0.125 0.0 0.3581093993226093
-0.4357142874857144 0.1875 0.10344827586206896 0.2532594693042286
-0.39142857311142865 -0.375 0.0 0.0
-0.39142857311142865 -0.3125 0.0 0.022060470354750505
-0.39142857311142865 -0.25 0.18181818181818182 0.04275681293386302
-0.39142857311142865 -0.1875 0.0 0.0
-0.39142857311142865 -0.125 0.10526315789473684 0.16143727083116505
-0.39142857311142865 -0.0625 0.0 0.1241204616827129
-0.39142857311142865 0.0 0.0 0.14969672290640357
-0.39142857311142865 0.0625 0.10344827586206896 0.2532594693042286
-0.39142857311142865 0.125 0.04878048780487805 0.3284523987146183
-0.39142857311142865 0.1875 0.0 0.26062109771458175
-0.3471428587371429 -0.375 1.0 0.0
-0.3471428587371429 -0.3125 1.0 0.0
-0.3471428587371429 -0.25 0.09090909090909091 0.04275681293386302
-0.3471428587371429 -0.1875 0.0 0.0
-0.3471428587371429 -0.125 0.0 0.09512448819386954
-0.3471428587371429 -0.0625 0.0 0.2532594693042286
-0.3471428587371429 0.0 0.10714285714285714 0.2456394860258601
-0.3471428587371429 0.0625 0.0 0.20292438836354698
-0.3471428587371429 0.125 0.2545454545454545 0.3922418151018725
-0.3471428587371429 0.1875 0.0 0.38419840515514503
-0.30285714436285716 -0.375 0.0 0.0
-0.30285714436285716 -0.3125 0.0 0.0
-0.30285714436285716 -0.25 0.0 0.07903214650816892
-0.30285714436285716 -0.1875 0.0 0.07903214650816892
-0.30285714436285716 -0.125 0.3181818181818182 0.19327181076585365
-0.30285714436285716 -0.0625 0.0 0.33879469814454377
-0.30285714436285716 0.0 0.0 0.3437868085978443
-0.30285714436285716 0.0625 0.0 0.3175927738680001
-0.30285714436285716 0.125 0.06382978723404255 0.3581093993226093
-0.30285714436285716 0.1875 0.06779661016949153 0.4074864761758226
-0.2585714299885715 -0.375 0.0 0.06165109337856295
-0.2585714299885715 -0.3125 0.0 0.0
-0.2585714299885715 -0.25 0.0 0.06165109337856295
-0.2585714299885715 -0.1875 0.0 0.0
-0.2585714299885715 -0.125 0.0 0.14969672290640357
-0.2585714299885715 -0.0625 0.2222222222222222 0.3486667272424224
-0.2585714299885715 0.0 0.11267605633802817 0.4476896447142882
-0.2585714299885715 0.0625 0.13636363636363635 0.19327181076585365
-0.2585714299885715 0.125 0.0 0.3534393861955376
-0.2585714299885715 0.1875 0.0 0.3119522686631556
-0.21428571561428578 -0.375 0.0 0.0
-0.21428571561428578 -0.25 0.0 0.0
-0.21428571561428578 -0.1875 0.0 0.0
-0.21428571561428578 -0.125 0.0 0.2456394860258601
-0.21428571561428578 -0.0625 0.0 0.30616133238824805
-0.21428571561428578 0.0 0.14864864864864866 0.4566763302202386
-0.21428571561428578 0.0625 0.0 0.5086243971545998
-0.21428571561428578 0.125 0.046875 0.4251504573466941
-0.21428571561428578 0.1875 0.05194805194805195 0.4653058329409915
-0.17000000124000003 -0.375 0.0 0.0
-0.17000000124000003 -0.3125 0.0 0.0
-0.17000000124000003 -0.25 0.0 0.06165109337856295
-0.17000000124000003 -0.1875 0.0 0.07903214650816892
-0.17000000124000003 -0.125 0.0 0.14969672290640357
-0.17000000124000003 -0.0625 0.1111111111111111 0.38825735026623476
-0.17000000124000003 0.0 0.20967741935483872 0.4182563151038775
-0.17000000124000003 0.0625 0.0 0.47630297979407543
-0.17000000124000003 0.125 0.030612244897959183 0.517673508200998
-0.17000000124000003 0.1875 0.125 0.5888299245398593
-0.1257142868657144 -0.4375 0.0 0.022060470354750505
-0.1257142868657144 -0.3125 0.0 0.04275681293386302
-0.1257142868657144 -0.25 0.0 0.19327181076585365
-0.1257142868657144 -0.1875 0.1111111111111111 0.0
-0.1257142868657144 -0.125 0.4 0.22103047469076936
-0.1257142868657144 -0.0625 0.16417910447761194 0.43509787170516373
-0.1257142868657144 0.0 0.11764705882352941 0.4383149267078687
-0.1257142868657144 0.0625 0.12844036697247707 0.5407737193250624
-0.1257142868657144 0.125 0.13157894736842105 0.5505128960229868
-0.1257142868657144 0.1875 0.08163265306122448 0.6057191377288386
-0.08142857249142854 -0.5 0.0 0.0
-0.08142857249142854 -0.25 0.0 0.0
-0.08142857249142854 -0.1875 0.0 0.1372849310438875
-0.08142857249142854 -0.125 0.1875 0.1241204616827129
-0.08142857249142854 -0.0625 0.07407407407407407 0.2377423524342442
-0.08142857249142854 0.0 0.22666666666666666 0.45959110205060055
-0.08142857249142854 0.0625 0.12195121951219512 0.5670130260744495
-0.08142857249142854 0.125 0.02097902097902098 0.5997284890872814
-0.08142857249142854 0.1875 0.02564102564102564 0.6186227695319814
-0.03714285811714291 -0.4375 0.0 0.0
-0.03714285811714291 -0.375 0.0 0.04275681293386302
-0.03714285811714291 -0.3125 0.0 0.0
-0.03714285811714291 -0.25 0.0 0.18317011772171016
-0.03714285811714291 -0.1875 0.05555555555555555 0.14969672290640357
-0.03714285811714291 -0.125 0.0 0.2532594693042286
-0.03714285811714291 -0.0625 0.14705882352941177 0.4383149267078687
-0.03714285811714291 0.0 0.0898876404494382 0.4967554736772069
-0.03714285811714291 0.0625 0.1875 0.5131960868745348
-0.03714285811714291 0.125 0.04419889502762431 0.6508997577893427
-0.03714285811714291 0.1875 0.10880829015544041 0.6648391248586374
0.007142856257142727 -0.4375 0.0 0.0
0.007142856257142727 -0.375 0.0 0.0
0.007142856257142727 -0.3125 0.22727272727272727 0.19327181076585365
0.007142856257142727 -0.25 0.0 0.0
0.007142856257142727 -0.1875 0.0 0.11010609988259118
0.007142856257142727 -0.125 0.23076923076923078 0.22954714434015955
0.007142856257142727 -0.0625 0.058823529411764705 0.4383149267078687
0.007142856257142727 0.0 0.11206896551724138 0.5542894649682097
0.007142856257142727 0.0625 0.022727272727272728 0.5823474359576755
0.007142856257142727 0.125 0.08536585365853659 0.6294823943785994
0.007142856257142727 0.1875 0.1717171717171717 0.6703930654855161
0.05142857063142858 -0.5 0.0 0.0
0.05142857063142858 -0.375 0.3 0.022060470354750505
0.05142857063142858 -0.3125 0.0 0.0
0.05142857063142858 -0.25 0.0 0.022060470354750505
0.05142857063142858 -0.1875 0.0 0.17257546818674113
0.05142857063142858 -0.125 0.2753623188405797 0.44148501572337817
0.05142857063142858 -0.0625 0.2191780821917808 0.4537219004149785
0.05142857063142858 0.0 0.10679611650485436 0.5284790827073367
0.05142857063142858 0.0625 0.14482758620689656 0.602744471472238
0.05142857063142858 0.125 0.03669724770642202 0.691288717157053
0.05142857063142858 0.1875 0.03636363636363636 0.7417268172698819
0.09571428500571422 -0.5 0.0 0.0
0.09571428500571422 -0.4375 0.0 0.0
0.09571428500571422 -0.3125 0.0 0.0
0.09571428500571422 -0.25 0.14285714285714285 0.09512448819386954
0.09571428500571422 -0.1875 0.0625 0.1241204616827129
0.09571428500571422 -0.125 0.21621621621621623 0.30616133238824805
0.09571428500571422 -0.0625 0.3 0.4111360955465724
0.09571428500571422 0.0 0.1839080459770115 0.4918200966640598
0.09571428500571422 0.0625 0.06666666666666667 0.561651093378563
0.09571428500571422 0.125 0.054474708171206226 0.7270270320203978
0.09571428500571422 0.1875 0.16731517509727625 0.7270270320203978
0.13999999937999985 -0.4375 0.0 0.09512448819386954
0.13999999937999985 -0.375 0.0 0.0
0.13999999937999985 -0.3125 0.0 0.0
0.13999999937999985 -0.25 0.08333333333333333 0.06165109337856295
0.13999999937999985 -0.1875 0.0 0.17257546818674113
0.13999999937999985 -0.125 0.21739130434782608 0.20292438836354698
0.13999999937999985 -0.0625 0.07920792079207921 0.5242211572460719
0.13999999937999985 0.0 0.39473684210526316 0.6129822643271368
0.13999999937999985 0.0625 0.22477064220183487 0.691288717157053
0.13999999937999985 0.125 0.1646586345381526 0.7201601439026187
0.13999999937999985 0.1875 0.10443037974683544 0.7719040116639524
0.1842857137542857 -0.4375 1.0 0.0
0.1842857137542857 -0.375 1.0 0.0
0.1842857137542857 -0.3125 0.0 0.04275681293386302
0.1842857137542857 -0.25 0.5714285714285714 0.0
0.1842857137542857 -0.1875 0.3333333333333333 0.2377423524342442
0.1842857137542857 -0.125 0.5357142857142857 0.39615448385785074
0.1842857137542857 -0.0625 0.08421052631578947 0.5109222729991745
0.1842857137542857 0.0 0.2619047619047619 0.634715111217682
0.1842857137542857 0.0625 0.20242914979757085 0.7184089469845834
0.1842857137542857 0.125 0.11790393013100436 0.7019782115246945
0.1842857137542857 0.1875 0.1375 0.8230904660187317
0.22857142812857134 -0.4375 0.0 0.04275681293386302
0.22857142812857134 -0.3125 0.4166666666666667 0.21216609121055352
0.22857142812857134 -0.25 0.2857142857142857 0.0
0.22857142812857134 -0.1875 0.0 0.18317011772171016
0.22857142812857134 -0.125 0.4146341463414634 0.3284523987146183
0.22857142812857134 -0.0625 0.36082474226804123 0.5154463374878729
0.22857142812857134 0.0 0.29891304347826086 0.6544693818595188
0.22857142812857134 0.0625 0.1693121693121693 0.6602913724413726
0.22857142812857134 0.125 0.2897196261682243 0.7753129865571866
0.22857142812857134 0.1875 0.12912087912087913 0.8026111621792785
0.2728571425028572 -0.4375 0.5 0.0
0.2728571425028572 -0.375 1.0 0.0
0.2728571425028572 -0.3125 0.0 0.19327181076585365
0.2728571425028572 -0.25 0.16666666666666666 0.06165109337856295
0.2728571425028572 -0.1875 0.20512820512820512 0.3175927738680001
0.2728571425028572 -0.125 0.37777777777777777 0.3486667272424224
0.2728571425028572 -0.0625 0.3047619047619048 0.5326551198897196
0.2728571425028572 0.0 0.38181818181818183 0.6308024424617037
0.2728571425028572 0.0625 0.33004926108374383 0.675808489311357
0.2728571425028572 0.125 0.36578171091445427 0.7871603194562916
0.2728571425028572 0.1875 0.22140221402214022 0.7385451157919534
0.2728571425028572 0.25 0.12345679012345678 0.7148636071539066
0.31714285687714283 -0.375 0.09090909090909091 0.04275681293386302
0.31714285687714283 -0.3125 0.0 0.17257546818674113
0.31714285687714283 -0.25 0.5185185185185185 0.2377423524342442
0.31714285687714283 -0.1875 0.4838709677419355 0.2677413172718869
0.31714285687714283 -0.125 0.25 0.48420011338569136
0.31714285687714283 -0.0625 0.21374045801526717 0.5806961181826327
0.31714285687714283 0.0 0.3202247191011236 0.6472704715091975
0.31714285687714283 0.0625 0.35784313725490197 0.6768755540677
0.31714285687714283 0.125 0.3105590062111801 0.7759884062026661
0.31714285687714283 0.1875 0.28618421052631576 0.7634972621591274
0.31714285687714283 0.25 0.23546511627906977 0.7903396916405157
0.31714285687714283 0.3125 0.17372881355932204 0.7085164718398038
0.36142857125142847 -0.5 0.0 0.0
0.36142857125142847 -0.4375 0.0 0.0
