desi_data/desi_elg_ts_zenodo/sv1gfib-800coaddefftime1200-South-sv1-S-1.1z1.6-gmag-zenodo.ecsv
# %ECSV 0.9
# ---
# datatype:
# - {name: GFIB, datatype: float64}
# - {name: GTOT, datatype: float64}
# - {name: EFFICIENCY_11Z16, datatype: float64}
# - {name: ALPHA, datatype: float64}
# schema: astropy-2.0
GFIB GTOT EFFICIENCY_11Z16 ALPHA
[from data line 312]
23.535714286285714 22.8125 0.2826086956521739 0.44399785479603365
23.535714286285714 22.875 0.4838709677419355 0.5088147837043736
23.535714286285714 22.9375 0.43137254901960786 0.4664040270042148
23.535714286285714 23.0 0.4594594594594595 0.5472347988207347
23.535714286285714 23.0625 0.4144144144144144 0.6352804283485753
23.535714286285714 23.125 0.4125 0.5641639324512184
23.535714286285714 23.1875 0.06666666666666667 0.35117956631507785
23.535714286285714 23.25 0.34057971014492755 0.8330734799878554
23.57142857207143 22.0625 0.0 0.0
23.57142857207143 22.125 0.0 0.0
23.57142857207143 22.25 0.42857142857142855 0.03516795896237501
23.57142857207143 22.3125 0.5333333333333333 0.20066456848308728
23.57142857207143 22.375 0.0 0.08974019367490904
23.57142857207143 22.4375 1.0 0.0
23.57142857207143 22.5 0.4444444444444444 0.08974019367490904
23.57142857207143 22.5625 0.13793103448275862 0.3438179379047247
23.57142857207143 22.625 0.7619047619047619 0.27372858632220626
23.57142857207143 22.6875 0.15789473684210525 0.2519957394316611
23.57142857207143 22.75 0.44 0.3115889432912654
23.57142857207143 22.8125 0.1875 0.45323955764304025
23.57142857207143 22.875 0.4657534246575342 0.5442803690154746
23.57142857207143 22.9375 0.3230769230769231 0.5190756172766744
23.57142857207143 23.0 0.5074626865671642 0.5256563403056599
23.57142857207143 23.0625 0.45054945054945056 0.5921396351157934
23.57142857207143 23.125 0.3972602739726027 0.6947953668474651
23.57142857207143 23.1875 0.3010752688172043 0.5968604132322142
23.57142857207143 23.3125 0.3163538873994638 0.8984733548595905
23.60714285785714 22.1875 0.5454545454545454 0.13331528153435912
23.60714285785714 22.25 0.0 0.13331528153435912
23.60714285785714 22.3125 1.0 0.0
23.60714285785714 22.375 0.5 0.06416393245121843
23.60714285785714 22.4375 0.2857142857142857 0.03516795896237501
23.60714285785714 22.5 0.6 0.1126189389552466
23.60714285785714 22.5625 0.5652173913043478 0.2934828569640431
23.60714285785714 22.625 0.7692307692307693 0.16959061510866502
23.60714285785714 22.6875 0.75 0.2631339367872372
23.60714285785714 22.75 0.08571428571428572 0.38465296113038444
23.60714285785714 22.8125 0.21875 0.3651939281151996
23.60714285785714 22.875 0.4857142857142857 0.535167958962375
23.60714285785714 22.9375 0.3380281690140845 0.5382481133147843
23.60714285785714 23.0 0.44642857142857145 0.48671295245834684
23.60714285785714 23.0625 0.37142857142857144 0.535167958962375
23.60714285785714 23.125 0.20512820512820512 0.5586662403004868
23.60714285785714 23.1875 0.27358490566037735 0.6252718715876318
23.60714285785714 23.25 0.46153846153846156 0.4081512424684962
23.60714285785714 23.3125 0.35714285714285715 0.7587469746334846
23.642857143642857 22.0625 0.0 0.0016945641470684225
23.642857143642857 22.125 1.0 0.0016945641470684225
23.642857143642857 22.25 0.6666666666666666 0.0016945641470684225
23.642857143642857 22.375 0.0 0.03516795896237501
23.642857143642857 22.4375 0.0 0.0016945641470684225
23.642857143642857 22.5 0.0 0.0016945641470684225
23.642857143642857 22.5625 0.09090909090909091 0.13331528153435912
23.642857143642857 22.625 0.0 0.0
23.642857143642857 22.6875 0.5 0.214678930283209
23.642857143642857 22.75 0.42105263157894735 0.2519957394316611
23.642857143642857 22.8125 0.14583333333333334 0.45323955764304025
23.642857143642857 22.875 0.5416666666666666 0.3027245598110496
23.642857143642857 22.9375 0.38028169014084506 0.5382481133147843
23.642857143642857 23.0 0.35135135135135137 0.5472347988207347
23.642857143642857 23.0625 0.5619047619047619 0.6232135884902157
23.642857143642857 23.125 0.4927536231884058 0.5320434843238743
23.642857143642857 23.1875 0.44755244755244755 0.6902869576877775
23.642857143642857 23.25 0.5 0.6856829567943656
23.642857143642857 23.3125 0.3548387096774194 0.358299785872383
23.642857143642857 23.375 0.379746835443038 0.9505081097922892
23.678571429428573 22.125 0.0 0.0016945641470684225
23.678571429428573 22.5 0.2 0.1126189389552466
23.678571429428573 22.5625 0.16666666666666666 0.24025519150689967
23.678571429428573 22.625 0.2 0.3115889432912654
23.678571429428573 22.6875 0.14814814814814814 0.3283008210347403
23.678571429428573 22.75 0.125 0.3027245598110496
23.678571429428573 22.8125 0.72 0.3115889432912654
23.678571429428573 22.875 0.15789473684210525 0.4025107372636517
23.678571429428573 22.9375 0.42105263157894735 0.2519957394316611
23.678571429428573 23.0 0.2976190476190476 0.5747585819861875
23.678571429428573 23.0625 0.21666666666666667 0.5016945641470685
23.678571429428573 23.125 0.5727272727272728 0.6333152815343591
23.678571429428573 23.1875 0.3023255813953488 0.5798681645770305
23.678571429428573 23.25 0.45454545454545453 0.7485397422234961
23.678571429428573 23.3125 0.5 0.589740193674909
23.714285715214285 22.25 0.0 0.03516795896237501
23.714285715214285 22.375 0.3 0.1126189389552466
23.714285715214285 22.4375 0.0 0.13331528153435912
23.714285715214285 22.5625 0.0 0.0
23.714285715214285 22.625 0.43478260869565216 0.2934828569640431
23.714285715214285 22.6875 1.0 0.06416393245121843
23.714285715214285 22.75 0.23809523809523808 0.27372858632220626
23.714285715214285 22.8125 0.023255813953488372 0.42935316674503987
23.714285715214285 22.875 0.2857142857142857 0.38465296113038444
23.714285715214285 22.9375 0.203125 0.5157089259471902
23.714285715214285 23.0 0.3018867924528302 0.47475687375564113
23.714285715214285 23.0625 0.4842105263157895 0.6014807415996705
23.714285715214285 23.125 0.5913978494623656 0.5968604132322142
23.714285715214285 23.1875 0.29906542056074764 0.6273108277978514
23.714285715214285 23.25 0.33121019108280253 0.7105687651598634
23.714285715214285 23.3125 0.1746987951807229 0.7226729829752742
23.714285715214285 23.375 0.15789473684210525 0.2519957394316611
23.714285715214285 23.4375 0.3258064516129032 1.0
23.750000001 22.0625 0.0 0.0016945641470684225
23.750000001 22.125 1.0 0.0
23.750000001 22.25 0.0 0.08974019367490904
23.750000001 22.3125 0.0 0.0
23.750000001 22.375 1.0 0.06416393245121843
23.750000001 22.4375 0.375 0.06416393245121843
23.750000001 22.5 0.14285714285714285 0.18568295679436564
23.750000001 22.5625 0.1111111111111111 0.08974019367490904
23.750000001 22.625 0.058823529411764705 0.2278433996443836
23.750000001 22.6875 0.42857142857142855 0.03516795896237501
23.750000001 22.75 0.05263157894736842 0.2519957394316611
23.750000001 22.8125 0.6666666666666666 0.47881581886673086
23.750000001 22.875 0.4838709677419355 0.358299785872383
23.750000001 22.9375 0.41818181818181815 0.48280028370236855
23.750000001 23.0 0.39705882352941174 0.5288733953083647
23.750000001 23.0625 0.27419354838709675 0.5088147837043736
23.750000001 23.125 0.5079365079365079 0.5122892136820375
23.750000001 23.1875 0.27522935779816515 0.6313321879255585
23.750000001 23.25 0.45077720207253885 0.7553975934591335
23.750000001 23.3125 0.3882978723404255 0.7496978635870866
23.750000001 23.375 0.4083333333333333 0.6522095619790591
23.750000001 23.5 0.32460732984293195 0.903650620411101
23.785714286785712 22.3125 1.0 0.0
23.785714286785712 22.4375 0.0 0.0
23.785714286785712 22.5 0.0 0.27372858632220626
23.785714286785712 22.5625 0.0 0.2278433996443836
23.785714286785712 22.625 0.1 0.1126189389552466
23.785714286785712 22.6875 0.3448275862068966 0.3438179379047247
23.785714286785712 22.75 0.03125 0.3651939281151996
23.785714286785712 22.8125 0.4375 0.5157089259471902
23.785714286785712 22.875 0.5 0.4343452771983403
23.785714286785712 22.9375 0.19672131147540983 0.5052838564606301
23.785714286785712 23.0 0.6666666666666666 0.3718759088941903
23.785714286785712 23.0625 0.2857142857142857 0.48671295245834684
23.785714286785712 23.125 0.5151515151515151 0.6104365362540216
23.785714286785712 23.1875 0.24166666666666667 0.6522095619790591
23.785714286785712 23.25 0.45901639344262296 0.6557988542926207
23.785714286785712 23.3125 0.3416149068322981 0.7160318769711714
23.785714286785712 23.375 0.3770491803278688 0.6557988542926207
23.785714286785712 23.4375 0.08771929824561403 0.4905563667914923
23.785714286785712 23.5 0.4249512670565302 0.9676776215111548
23.821428572571428 22.0625 0.0 0.0
23.821428572571428 22.125 1.0 0.0
23.821428572571428 22.1875 0.0 0.0
23.821428572571428 22.3125 0.5714285714285714 0.03516795896237501
23.821428572571428 22.4375 1.0 0.0
23.821428572571428 22.5 0.0 0.0
23.821428572571428 22.5625 0.1 0.2631339367872372
23.821428572571428 22.625 0.875 0.214678930283209
23.821428572571428 22.6875 0.25 0.06416393245121843
23.821428572571428 22.75 0.2857142857142857 0.38465296113038444
23.821428572571428 22.8125 0.20512820512820512 0.4081512424684962
23.821428572571428 22.875 0.2608695652173913 0.44399785479603365
23.821428572571428 22.9375 0.36363636363636365 0.48280028370236855
23.821428572571428 23.0 0.25806451612903225 0.358299785872383
23.821428572571428 23.0625 0.6086956521739131 0.5320434843238743
23.821428572571428 23.125 0.2857142857142857 0.5921396351157934
23.821428572571428 23.1875 0.28431372549019607 0.6169190248362054
23.821428572571428 23.25 0.425531914893617 0.6872284952829366
23.821428572571428 23.3125 0.16556291390728478 0.7021074126018313
23.821428572571428 23.375 0.2573099415204678 0.7291169941513236
23.821428572571428 23.4375 0.5031847133757962 0.7105687651598634
23.821428572571428 23.5625 0.34683954619124796 1.0
23.857142858357143 22.0 0.0 0.0
23.857142858357143 22.125 0.0 0.0
23.857142858357143 22.4375 0.0 0.18568295679436564
23.857142858357143 22.5 0.0 0.1126189389552466
23.857142858357143 22.5625 0.0 0.1126189389552466
23.857142858357143 22.625 0.5555555555555556 0.08974019367490904
23.857142858357143 22.6875 0.5555555555555556 0.3283008210347403
23.857142858357143 22.75 0.5333333333333333 0.20066456848308728
23.857142858357143 22.8125 0.5454545454545454 0.28383027936634975
23.857142858357143 22.875 0.2857142857142857 0.5122892136820375
23.857142858357143 22.9375 0.5517241379310345 0.3438179379047247
23.857142858357143 23.0 0.2692307692307692 0.4706206107726462
23.857142858357143 23.0625 0.4444444444444444 0.5122892136820375
23.857142858357143 23.125 0.5728155339805825 0.6190375513078327
23.857142858357143 23.1875 0.31896551724137934 0.6448479335687058
23.857142858357143 23.25 0.35294117647058826 0.7485397422234961
23.857142858357143 23.3125 0.3602150537634409 0.7473754110642048
23.857142858357143 23.375 0.41847826086956524 0.7450278504600149
23.857142858357143 23.4375 0.28804347826086957 0.7450278504600149
23.857142858357143 23.5 0.37681159420289856 0.5320434843238743
23.857142858357143 23.5625 0.2681704260651629 0.9131053867986207
23.892857144142855 22.125 0.0 0.0
23.892857144142855 22.25 1.0 0.13331528153435912
23.892857144142855 22.375 1.0 0.0
23.892857144142855 22.4375 1.0 0.0
23.892857144142855 22.5 0.0 0.0016945641470684225
23.892857144142855 22.5625 0.5384615384615384 0.16959061510866502
23.892857144142855 22.625 0.2857142857142857 0.03516795896237501
23.892857144142855 22.6875 0.625 0.3027245598110496
23.892857144142855 22.75 0.21428571428571427 0.18568295679436564
23.892857144142855 22.8125 0.4375 0.214678930283209
23.892857144142855 22.875 0.3783783783783784 0.3967198009887441
23.892857144142855 22.9375 0.3384615384615385 0.5190756172766744
23.892857144142855 23.0 0.38095238095238093 0.27372858632220626
23.892857144142855 23.0625 0.4583333333333333 0.45323955764304025
23.892857144142855 23.125 0.5714285714285714 0.5558643015414876
23.892857144142855 23.1875 0.27835051546391754 0.606004806088369
23.892857144142855 23.25 0.37777777777777777 0.589740193674909
23.892857144142855 23.3125 0.17575757575757575 0.7213609110621998
23.892857144142855 23.375 0.28991596638655465 0.8009074174835026
23.892857144142855 23.4375 0.3404255319148936 0.7496978635870866
23.892857144142855 23.5 0.48936170212765956 0.6872284952829366
23.892857144142855 23.5625 0.19047619047619047 0.27372858632220626
23.892857144142855 23.625 0.352112676056338 1.0
23.92857142992857 22.0625 0.0 0.0
23.92857142992857 22.1875 0.0 0.0
23.92857142992857 22.25 1.0 0.0016945641470684225
23.92857142992857 22.3125 0.0 0.0
23.92857142992857 22.375 0.0 0.0
23.92857142992857 22.4375 0.2962962962962963 0.3283008210347403
23.92857142992857 22.5625 0.0 0.0016945641470684225
23.92857142992857 22.625 0.5 0.0016945641470684225
23.92857142992857 22.6875 0.75 0.06416393245121843
23.92857142992857 22.75 0.21739130434782608 0.2934828569640431
23.92857142992857 22.8125 0.6285714285714286 0.38465296113038444
23.92857142992857 22.875 0.2222222222222222 0.39077018933889024
23.92857142992857 22.9375 0.35526315789473684 0.5530257350956423
23.92857142992857 23.0 0.3968253968253968 0.5122892136820375
23.92857142992857 23.0625 0.25 0.45323955764304025
23.92857142992857 23.125 0.24390243902439024 0.4190108673151144
23.92857142992857 23.1875 0.34513274336283184 0.6391581606969565
23.92857142992857 23.25 0.49206349206349204 0.662804211514028
23.92857142992857 23.3125 0.36507936507936506 0.662804211514028
23.92857142992857 23.375 0.2482758620689655 0.6933029400727341
23.92857142992857 23.4375 0.44545454545454544 0.7838302793663497
23.92857142992857 23.5 0.38162544169611307 0.8385121567173918
23.92857142992857 23.5625 0.6049382716049383 0.5668614483945715
23.964285715714286 22.0625 0.0 0.0
23.964285715714286 22.1875 1.0 0.0
23.964285715714286 22.3125 0.0 0.0
23.964285715714286 22.375 0.0 0.0
23.964285715714286 22.4375 0.0 0.0
23.964285715714286 22.5 0.0 0.0
23.964285715714286 22.5625 0.8125 0.214678930283209
23.964285715714286 22.625 0.4444444444444444 0.08974019367490904
23.964285715714286 22.6875 0.45454545454545453 0.13331528153435912
23.964285715714286 22.75 0.7931034482758621 0.3438179379047247
23.964285715714286 22.8125 0.4375 0.3651939281151996
23.964285715714286 22.875 0.32608695652173914 0.44399785479603365
23.964285715714286 22.9375 0.8571428571428571 0.33619795462635627
23.964285715714286 23.0 0.47368421052631576 0.2519957394316611
23.964285715714286 23.0625 0.15384615384615385 0.4706206107726462
23.964285715714286 23.125 0.24242424242424243 0.6104365362540216
23.964285715714286 23.1875 0.313953488372093 0.5798681645770305
23.964285715714286 23.25 0.29545454545454547 0.6729059045581716
23.964285715714286 23.3125 0.4394904458598726 0.7105687651598634
23.964285715714286 23.375 0.2814814814814815 0.6777858232027496
23.964285715714286 23.4375 0.37254901960784315 0.8158890291722242
23.964285715714286 23.5 0.4666666666666667 0.8158890291722242
23.964285715714286 23.5625 0.30833333333333335 0.8027245598110497
23.964285715714286 23.625 0.0 0.06416393245121843
23.964285715714286 23.6875 0.3433559650824442 1.0
24.0000000015 22.125 1.0 0.0
24.0000000015 22.3125 0.5384615384615384 0.16959061510866502
24.0000000015 22.375 1.0 0.0
24.0000000015 22.5 0.0 0.0
24.0000000015 22.5625 0.26666666666666666 0.20066456848308728
24.0000000015 22.625 0.6206896551724138 0.3438179379047247
24.0000000015 22.6875 0.0 0.13331528153435912
24.0000000015 22.75 0.6 0.1126189389552466
24.0000000015 22.8125 0.22727272727272727 0.28383027936634975
24.0000000015 22.875 0.15789473684210525 0.2519957394316611
24.0000000015 22.9375 0.34375 0.3651939281151996
24.0000000015 23.0 0.2619047619047619 0.4242435841541969
24.0000000015 23.0625 0.34782608695652173 0.2934828569640431
24.0000000015 23.125 0.2153846153846154 0.5190756172766744
24.0000000015 23.1875 0.3711340206185567 0.606004806088369
24.0000000015 23.25 0.36283185840707965 0.6391581606969565
24.0000000015 23.3125 0.38311688311688313 0.7063792993734781
24.0000000015 23.375 0.4588235294117647 0.7278433996443836
24.0000000015 23.4375 0.48523206751054854 0.7999931119602985
24.0000000015 23.5 0.35294117647058826 0.8009074174835026
24.0000000015 23.5625 0.4069767441860465 0.8184287919368617
24.0000000015 23.625 0.4126984126984127 0.7508498410418687
24.0000000015 23.6875 1.0 0.0016945641470684225
24.0000000015 23.75 0.3333333333333333 1.0
24.035714287285714 22.25 0.0 0.06416393245121843
24.035714287285714 22.3125 0.0 0.0
24.035714287285714 22.4375 0.0 0.0016945641470684225
24.035714287285714 22.5 0.0 0.0016945641470684225
