desi_data/desi_elg_ts_zenodo/sv1gfib-800coaddefftime1200-South-sv1-S-0.6z1.6-coii-zenodo.ecsv
# %ECSV 0.9
# ---
# datatype:
# - {name: GFIB, datatype: float64}
# - {name: COII, datatype: float64}
# - {name: EFFICIENCY_06Z16, datatype: float64}
# - {name: ALPHA, datatype: float64}
# schema: astropy-2.0
GFIB COII EFFICIENCY_06Z16 ALPHA
[from data line 1420]
22.62857142782857 -0.11250000000000027 0.0 0.20934990129417774
22.62857142782857 0.0625 0.0 0.1503002452551805
22.62857142782857 0.23749999999999982 0.0 0.025361508646880526
22.62857142782857 0.41249999999999964 0.45454545454545453 0.30749722386616185
22.62857142782857 0.5874999999999999 0.2702702702702703 0.3323411159607156
22.62857142782857 0.7624999999999997 0.6216216216216216 0.3323411159607156
22.62857142782857 0.9374999999999996 0.4666666666666667 0.2868008812870493
22.62857142782857 1.1124999999999998 0.6551724137931034 0.27943925287669613
22.62857142782857 1.2874999999999996 0.8421052631578947 0.18761705440363258
22.62857142782857 1.4624999999999995 1.0 0.0
22.62857142782857 1.6374999999999993 1.0 0.0
22.62857142782857 1.8125 1.0 0.0
22.62857142782857 1.9874999999999998 1.0 0.0
22.685714285085716 -1.1625 0.0 0.0
22.685714285085716 -0.9875000000000003 0.0 0.0
22.685714285085716 -0.6375000000000002 0.0 0.0
22.685714285085716 -0.46250000000000036 0.0 0.0
22.685714285085716 -0.11250000000000027 0.0 0.0
22.685714285085716 0.0625 0.0 0.19875525175920872
22.685714285085716 0.23749999999999982 0.5277777777777778 0.3263915043108617
22.685714285085716 0.41249999999999964 0.41025641025641024 0.3437725574404677
22.685714285085716 0.5874999999999999 0.5 0.0
22.685714285085716 0.7624999999999997 0.35714285714285715 0.12130427176633712
22.685714285085716 0.9374999999999996 0.8205128205128205 0.3437725574404677
22.685714285085716 1.1124999999999998 0.5806451612903226 0.2939211008443544
22.685714285085716 1.2874999999999996 0.7692307692307693 0.3437725574404677
22.685714285085716 1.4624999999999995 0.5 0.0
22.685714285085716 1.6374999999999993 0.5 0.0
22.685714285085716 1.8125 0.8888888888888888 0.17587650647887115
22.685714285085716 1.9874999999999998 0.14285714285714285 0.0
22.742857142342856 -1.5125000000000002 0.0 0.0
22.742857142342856 -0.9875000000000003 0.0 0.0
22.742857142342856 -0.8125 0.0 0.0
22.742857142342856 -0.6375000000000002 0.0 0.0
22.742857142342856 -0.46250000000000036 0.0 0.0
22.742857142342856 -0.2875000000000001 0.0 0.0
22.742857142342856 -0.11250000000000027 0.3125 0.1503002452551805
22.742857142342856 0.0625 0.0 0.10521193008063645
22.742857142342856 0.23749999999999982 0.1111111111111111 0.26392213600671177
22.742857142342856 0.41249999999999964 0.1694915254237288 0.4336662597482902
22.742857142342856 0.5874999999999999 0.06666666666666667 0.1362858834550587
22.742857142342856 0.7624999999999997 0.30303030303030304 0.30749722386616185
22.742857142342856 0.9374999999999996 0.75 0.3008152430871711
22.742857142342856 1.1124999999999998 0.7111111111111111 0.37484651081488995
22.742857142342856 1.2874999999999996 0.7692307692307693 0.10521193008063645
22.742857142342856 1.4624999999999995 0.6470588235294118 0.1634647146163551
22.742857142342856 1.6374999999999993 0.8888888888888888 0.26392213600671177
22.742857142342856 1.8125 1.0 0.0
22.742857142342856 1.9874999999999998 0.5 0.04824025392721809
22.7999999996 -2.2125 0.0 0.0
22.7999999996 -1.8625 0.0 0.0
22.7999999996 -1.3375000000000001 0.0 0.0
22.7999999996 -1.1625 0.0 0.0
22.7999999996 -0.9875000000000003 0.0 0.0
22.7999999996 -0.8125 0.0 0.0
22.7999999996 -0.6375000000000002 0.0 0.0
22.7999999996 -0.46250000000000036 0.0 0.0
22.7999999996 -0.2875000000000001 0.0 0.0
22.7999999996 -0.11250000000000027 0.0 0.1634647146163551
22.7999999996 0.0625 0.16129032258064516 0.2939211008443544
22.7999999996 0.23749999999999982 0.125 0.38886087261501173
22.7999999996 0.41249999999999964 0.06521739130434782 0.37961916976800514
22.7999999996 0.5874999999999999 0.5135135135135135 0.3323411159607156
22.7999999996 0.7624999999999997 0.3225806451612903 0.2939211008443544
22.7999999996 0.9374999999999996 0.5277777777777778 0.3263915043108617
22.7999999996 1.1124999999999998 1.0 0.22910417193601457
22.7999999996 1.2874999999999996 1.0 0.21945159433832118
22.7999999996 1.4624999999999995 1.0 0.10521193008063645
22.7999999996 1.6374999999999993 0.7407407407407407 0.41443713383870234
22.7999999996 1.8125 0.9473684210526315 0.18761705440363258
22.85714285685714 -2.2125 0.0 0.0
22.85714285685714 -1.8625 0.0 0.0
22.85714285685714 -1.6875 0.0 0.0
22.85714285685714 -1.5125000000000002 0.0 0.0
22.85714285685714 -1.1625 0.0 0.0
22.85714285685714 -0.6375000000000002 0.0 0.0
22.85714285685714 -0.2875000000000001 0.0 0.0689365965063306
22.85714285685714 -0.11250000000000027 0.0 0.04824025392721809
22.85714285685714 0.0625 0.0 0.17587650647887115
22.85714285685714 0.23749999999999982 0.5384615384615384 0.10521193008063645
22.85714285685714 0.41249999999999964 0.2711864406779661 0.4336662597482902
22.85714285685714 0.5874999999999999 0.16666666666666666 0.3263915043108617
22.85714285685714 0.7624999999999997 0.5652173913043478 0.37961916976800514
22.85714285685714 0.9374999999999996 0.8947368421052632 0.33813205223562315
22.85714285685714 1.1124999999999998 0.7777777777777778 0.41443713383870234
22.85714285685714 1.2874999999999996 0.8857142857142857 0.3202742761023559
22.85714285685714 1.4624999999999995 0.9642857142857143 0.2718192695983277
22.85714285685714 1.6374999999999993 0.8695652173913043 0.22910417193601457
22.85714285685714 1.8125 0.6764705882352942 0.31397971244834566
22.85714285685714 1.9874999999999998 1.0 0.0
22.914285714114285 -1.3375000000000001 0.0 0.0
22.914285714114285 -1.1625 0.0 0.0
22.914285714114285 -0.9875000000000003 0.0 0.04824025392721809
22.914285714114285 -0.8125 0.0 0.0
22.914285714114285 -0.6375000000000002 0.0 0.04824025392721809
22.914285714114285 -0.46250000000000036 0.0 0.0689365965063306
22.914285714114285 -0.2875000000000001 0.0 0.0
22.914285714114285 -0.11250000000000027 0.0 0.0
22.914285714114285 0.0625 0.0 0.10521193008063645
22.914285714114285 0.23749999999999982 0.2608695652173913 0.22910417193601457
22.914285714114285 0.41249999999999964 0.3673469387755102 0.3933382939414749
22.914285714114285 0.5874999999999999 0.4 0.2472102582632369
22.914285714114285 0.7624999999999997 0.5308641975308642 0.502482763366543
22.914285714114285 0.9374999999999996 0.9444444444444444 0.41443713383870234
22.914285714114285 1.1124999999999998 0.72 0.2472102582632369
22.914285714114285 1.2874999999999996 0.7413793103448276 0.42995425070868676
22.914285714114285 1.4624999999999995 0.7666666666666667 0.2868008812870493
22.914285714114285 1.6374999999999993 1.0 0.0
22.914285714114285 1.8125 0.8727272727272727 0.41842159867434003
22.914285714114285 1.9874999999999998 0.125 0.0
22.97142857137143 -2.2125 0.0 0.0
22.97142857137143 -0.9875000000000003 0.0 0.0
22.97142857137143 -0.6375000000000002 0.0 0.0
22.97142857137143 -0.46250000000000036 0.0 0.0689365965063306
22.97142857137143 -0.2875000000000001 0.25 0.08783087695103053
22.97142857137143 -0.11250000000000027 0.18181818181818182 0.21945159433832118
22.97142857137143 0.0625 0.08108108108108109 0.3323411159607156
22.97142857137143 0.23749999999999982 0.32432432432432434 0.3323411159607156
22.97142857137143 0.41249999999999964 0.3389830508474576 0.4336662597482902
22.97142857137143 0.5874999999999999 0.7358490566037735 0.4103781887276126
22.97142857137143 0.7624999999999997 0.7076923076923077 0.4546969322486459
22.97142857137143 0.9374999999999996 0.8309859154929577 0.47386942828675577
22.97142857137143 1.1124999999999998 0.8051948051948052 0.491485616513459
22.97142857137143 1.2874999999999996 0.95 0.19875525175920872
22.97142857137143 1.4624999999999995 0.7758620689655172 0.42995425070868676
22.97142857137143 1.6374999999999993 1.0 0.1634647146163551
22.97142857137143 1.8125 0.5769230769230769 0.2557269279126271
22.97142857137143 1.9874999999999998 1.0 0.04824025392721809
23.02857142862857 -2.9125 0.0 0.0
23.02857142862857 -2.7375 0.0 0.0
23.02857142862857 -1.8625 0.0 0.0
23.02857142862857 -1.3375000000000001 0.0 0.04824025392721809
23.02857142862857 -0.9875000000000003 0.0 0.0
23.02857142862857 -0.8125 0.0 0.22910417193601457
23.02857142862857 -0.6375000000000002 0.0 0.19875525175920872
23.02857142862857 -0.46250000000000036 0.0 0.0
23.02857142862857 -0.2875000000000001 0.0 0.0
23.02857142862857 -0.11250000000000027 0.0 0.21945159433832118
23.02857142862857 0.0625 0.21568627450980393 0.4020253419761863
23.02857142862857 0.23749999999999982 0.39473684210526316 0.33813205223562315
23.02857142862857 0.41249999999999964 0.5789473684210527 0.33813205223562315
23.02857142862857 0.5874999999999999 0.3380281690140845 0.47386942828675577
23.02857142862857 0.7624999999999997 0.6326530612244898 0.3933382939414749
23.02857142862857 0.9374999999999996 0.6617647058823529 0.4644947102803363
23.02857142862857 1.1124999999999998 0.9166666666666666 0.47690650214285235
23.02857142862857 1.2874999999999996 0.921875 0.4513302409191617
23.02857142862857 1.4624999999999995 0.7837837837837838 0.3323411159607156
23.02857142862857 1.6374999999999993 1.0 0.31397971244834566
23.02857142862857 1.8125 0.8333333333333334 0.08783087695103053
23.02857142862857 1.9874999999999998 0.7777777777777778 0.025361508646880526
23.085714285885715 -2.2125 0.0 0.0
23.085714285885715 -1.3375000000000001 0.0 0.0
23.085714285885715 -1.1625 0.0 0.0
23.085714285885715 -0.9875000000000003 0.0 0.0
23.085714285885715 -0.8125 0.058823529411764705 0.1634647146163551
23.085714285885715 -0.2875000000000001 0.14285714285714285 0.12130427176633712
23.085714285885715 -0.11250000000000027 0.2727272727272727 0.0689365965063306
23.085714285885715 0.0625 0.6363636363636364 0.0689365965063306
23.085714285885715 0.23749999999999982 0.08108108108108109 0.3323411159607156
23.085714285885715 0.41249999999999964 0.5172413793103449 0.5179998802365273
23.085714285885715 0.5874999999999999 0.44 0.3977252560952275
23.085714285885715 0.7624999999999997 0.7931034482758621 0.5179998802365273
23.085714285885715 0.9374999999999996 0.8305084745762712 0.4336662597482902
23.085714285885715 1.1124999999999998 0.8028169014084507 0.47386942828675577
23.085714285885715 1.2874999999999996 0.7604166666666666 0.5393758704470023
23.085714285885715 1.4624999999999995 0.8275862068965517 0.5179998802365273
23.085714285885715 1.6374999999999993 0.9090909090909091 0.4580122216981525
23.085714285885715 1.8125 1.0 0.27943925287669613
23.085714285885715 1.9874999999999998 1.0 0.31397971244834566
23.14285714314286 -1.3375000000000001 0.0 0.0
23.14285714314286 -1.1625 0.0 0.0
23.14285714314286 -0.9875000000000003 0.0 0.0
23.14285714314286 -0.8125 0.0 0.0
23.14285714314286 -0.46250000000000036 0.0 0.0
23.14285714314286 -0.2875000000000001 0.0 0.17587650647887115
23.14285714314286 -0.11250000000000027 0.0 0.1634647146163551
23.14285714314286 0.0625 0.16666666666666666 0.2383458747830211
23.14285714314286 0.23749999999999982 0.11864406779661017 0.4336662597482902
23.14285714314286 0.41249999999999964 0.375 0.47690650214285235
23.14285714314286 0.5874999999999999 0.6666666666666666 0.5103798969581589
23.14285714314286 0.7624999999999997 0.6407766990291263 0.5546588662798042
23.14285714314286 0.9374999999999996 0.654320987654321 0.502482763366543
23.14285714314286 1.1124999999999998 0.8347826086956521 0.5785891741040239
23.14285714314286 1.2874999999999996 0.87 0.5482402539272181
23.14285714314286 1.4624999999999995 0.7323943661971831 0.47386942828675577
23.14285714314286 1.6374999999999993 0.9 0.3977252560952275
23.14285714314286 1.8125 0.875 0.3008152430871711
23.14285714314286 1.9874999999999998 1.0 0.22910417193601457
23.2000000004 -2.9125 0.0 0.0
23.2000000004 -2.0375 0.0 0.0
23.2000000004 -1.6875 0.0 0.0
23.2000000004 -1.5125000000000002 0.0 0.0
23.2000000004 -1.3375000000000001 0.0 0.0689365965063306
23.2000000004 -1.1625 0.0 0.0
23.2000000004 -0.8125 0.0 0.0
23.2000000004 -0.6375000000000002 0.0 0.1362858834550587
23.2000000004 -0.46250000000000036 0.6666666666666666 0.08783087695103053
23.2000000004 -0.2875000000000001 0.0 0.12130427176633712
23.2000000004 -0.11250000000000027 1.0 0.08783087695103053
23.2000000004 0.0625 0.1794871794871795 0.3437725574404677
23.2000000004 0.23749999999999982 0.3 0.2868008812870493
23.2000000004 0.41249999999999964 0.29310344827586204 0.42995425070868676
23.2000000004 0.5874999999999999 0.7291666666666666 0.38886087261501173
23.2000000004 0.7624999999999997 0.3893805309734513 0.574779475668928
23.2000000004 0.9374999999999996 0.5042735042735043 0.5823331848002989
23.2000000004 1.1124999999999998 0.8712871287128713 0.5504009408185394
23.2000000004 1.2874999999999996 0.9395973154362416 0.6348333881333551
23.2000000004 1.4624999999999995 0.9382716049382716 0.502482763366543
23.2000000004 1.6374999999999993 0.6538461538461539 0.4062419257446177
23.2000000004 1.8125 0.8571428571428571 0.3933382939414749
23.2000000004 1.9874999999999998 0.6388888888888888 0.3263915043108617
23.257142857657144 -1.6875 0.0 0.0
23.257142857657144 -1.3375000000000001 0.0 0.0
23.257142857657144 -1.1625 0.0 0.0
23.257142857657144 -0.8125 0.0 0.0
23.257142857657144 -0.6375000000000002 0.0 0.0
23.257142857657144 -0.46250000000000036 0.0 0.2383458747830211
23.257142857657144 -0.2875000000000001 0.0 0.2472102582632369
23.257142857657144 -0.11250000000000027 0.175 0.3492702495911993
23.257142857657144 0.0625 0.0 0.3492702495911993
23.257142857657144 0.23749999999999982 0.24691358024691357 0.502482763366543
23.257142857657144 0.41249999999999964 0.5866666666666667 0.48577088562306814
23.257142857657144 0.5874999999999999 0.4716981132075472 0.4103781887276126
23.257142857657144 0.7624999999999997 0.5391304347826087 0.5785891741040239
23.257142857657144 0.9374999999999996 0.7699115044247787 0.574779475668928
23.257142857657144 1.1124999999999998 0.7611940298507462 0.6117926531096219
23.257142857657144 1.2874999999999996 0.8954248366013072 0.6405859693360175
23.257142857657144 1.4624999999999995 0.8172043010752689 0.5324817282041856
23.257142857657144 1.6374999999999993 0.8484848484848485 0.4580122216981525
23.257142857657144 1.8125 0.7857142857142857 0.572849265262309
23.257142857657144 1.9874999999999998 1.0 0.025361508646880526
23.314285714914284 -2.5625 0.0 0.0689365965063306
23.314285714914284 -2.0375 0.0 0.0
23.314285714914284 -1.8625 0.0 0.0
23.314285714914284 -1.3375000000000001 0.0 0.0
23.314285714914284 -0.9875000000000003 0.05263157894736842 0.18761705440363258
23.314285714914284 -0.8125 0.0 0.0
23.314285714914284 -0.6375000000000002 0.0 0.0
23.314285714914284 -0.46250000000000036 0.0 0.0
23.314285714914284 -0.2875000000000001 0.0 0.0689365965063306
23.314285714914284 -0.11250000000000027 0.034482758620689655 0.27943925287669613
23.314285714914284 0.0625 0.43478260869565216 0.22910417193601457
23.314285714914284 0.23749999999999982 0.21666666666666667 0.4373158791190399
23.314285714914284 0.41249999999999964 0.4367816091954023 0.5179998802365273
23.314285714914284 0.5874999999999999 0.4316546762589928 0.6197476540542657
23.314285714914284 0.7624999999999997 0.6692307692307692 0.6052119300806365
23.314285714914284 0.9374999999999996 0.7181818181818181 0.5689365965063307
23.314285714914284 1.1124999999999998 0.8674698795180723 0.6582942979472456
23.314285714914284 1.2874999999999996 0.8315217391304348 0.6806491654319864
23.314285714914284 1.4624999999999995 0.9551282051282052 0.6448025531044489
23.314285714914284 1.6374999999999993 1.0 0.4997852474231899
23.314285714914284 1.8125 0.7666666666666667 0.5878308769510305
23.314285714914284 1.9874999999999998 0.9166666666666666 0.38886087261501173
23.37142857217143 -2.7375 0.0 0.0
23.37142857217143 -2.3875 0.0 0.0
23.37142857217143 -2.2125 0.0 0.0
23.37142857217143 -1.6875 0.0 0.0
23.37142857217143 -1.3375000000000001 0.0 0.025361508646880526
23.37142857217143 -1.1625 0.0 0.0
23.37142857217143 -0.8125 0.0 0.0
23.37142857217143 -0.6375000000000002 0.0 0.1634647146163551
23.37142857217143 -0.46250000000000036 0.0 0.19875525175920872
23.37142857217143 -0.2875000000000001 0.0 0.08783087695103053
23.37142857217143 -0.11250000000000027 0.043478260869565216 0.22910417193601457
23.37142857217143 0.0625 0.2826086956521739 0.37961916976800514
