desi_data/desi_elg_ts_zenodo/sv1gfib-800coaddefftime1200-South-sv1-S-1.1z1.6-grz-zenodo.ecsv
# %ECSV 0.9
# ---
# datatype:
# - {name: RZ, datatype: float64}
# - {name: GR, datatype: float64}
# - {name: EFFICIENCY_11Z16, datatype: float64}
# - {name: ALPHA, datatype: float64}
# schema: astropy-2.0
RZ GR EFFICIENCY_11Z16 ALPHA
[from data line 322]
0.36142857125142847 -0.3125 0.25 0.06165109337856295
0.36142857125142847 -0.25 0.6666666666666666 0.11010609988259118
0.36142857125142847 -0.1875 0.08333333333333333 0.21216609121055352
0.36142857125142847 -0.125 0.14606741573033707 0.4967554736772069
0.36142857125142847 -0.0625 0.3076923076923077 0.5561534012278314
0.36142857125142847 0.0 0.3696969696969697 0.6308024424617037
0.36142857125142847 0.0625 0.25925925925925924 0.7377423524342442
0.36142857125142847 0.125 0.4229390681003584 0.7448625719915493
0.36142857125142847 0.1875 0.4014336917562724 0.7448625719915493
0.36142857125142847 0.25 0.20557491289198607 0.7510014187217466
0.36142857125142847 0.3125 0.17142857142857143 0.7940944925298883
0.36142857125142847 0.375 0.020833333333333332 0.6012417164023753
0.4057142856257143 -0.4375 0.0 0.0
0.4057142856257143 -0.375 0.0 0.0
0.4057142856257143 -0.3125 0.0 0.0
0.4057142856257143 -0.25 0.0967741935483871 0.2677413172718869
0.4057142856257143 -0.1875 0.4358974358974359 0.3175927738680001
0.4057142856257143 -0.125 0.23404255319148937 0.5086243971545998
0.4057142856257143 -0.0625 0.25 0.5387723480982254
0.4057142856257143 0.0 0.45410628019323673 0.6800456430832094
0.4057142856257143 0.0625 0.48214285714285715 0.6971844795218319
0.4057142856257143 0.125 0.3503184713375796 0.770525294391358
0.4057142856257143 0.1875 0.27586206896551724 0.792850092328041
0.4057142856257143 0.25 0.3863013698630137 0.8032069025829879
0.4057142856257143 0.3125 0.152317880794702 0.7620639418333259
0.4057142856257143 0.375 0.11929824561403508 0.7494829003590057
0.4057142856257143 0.4375 0.034482758620689655 0.2532594693042286
0.44999999999999996 -0.5 0.2857142857142857 0.0
0.44999999999999996 -0.4375 0.0 0.0
0.44999999999999996 -0.375 0.6666666666666666 0.0
0.44999999999999996 -0.3125 0.2 0.22103047469076936
0.44999999999999996 -0.25 0.0 0.0
0.44999999999999996 -0.1875 0.1276595744680851 0.3581093993226093
0.44999999999999996 -0.125 0.16129032258064516 0.4182563151038775
0.44999999999999996 -0.0625 0.3473684210526316 0.5109222729991745
0.44999999999999996 0.0 0.38125 0.624120461682713
0.44999999999999996 0.0625 0.6180257510729614 0.70573843086776
0.44999999999999996 0.125 0.4551083591331269 0.7766617315203019
0.44999999999999996 0.1875 0.366412213740458 0.7312111160146233
0.44999999999999996 0.25 0.36134453781512604 0.7983945784108472
0.44999999999999996 0.3125 0.17886178861788618 0.8055736534342808
0.44999999999999996 0.375 0.1165644171779141 0.77866927038872
0.44999999999999996 0.4375 0.064 0.8090761042186099
0.44999999999999996 0.5 0.0 0.0
0.4942857143742858 -0.5 0.75 0.0
0.4942857143742858 -0.375 0.42857142857142855 0.0
0.4942857143742858 -0.3125 0.6 0.022060470354750505
0.4942857143742858 -0.25 0.0 0.1372849310438875
0.4942857143742858 -0.1875 0.16 0.37154547252275993
0.4942857143742858 -0.125 0.2571428571428571 0.29409449252988834
0.4942857143742858 -0.0625 0.31683168316831684 0.5242211572460719
0.4942857143742858 0.0 0.391304347826087 0.6544693818595188
0.4942857143742858 0.0625 0.5140562248995983 0.7201601439026187
0.4942857143742858 0.125 0.4178082191780822 0.7547518960789596
0.4942857143742858 0.1875 0.4259818731117825 0.7819744672426099
0.4942857143742858 0.25 0.3735294117647059 0.7877999288758781
0.4942857143742858 0.3125 0.23809523809523808 0.8225469181981246
0.4942857143742858 0.375 0.11507936507936507 0.7227607407455225
0.4942857143742858 0.4375 0.11504424778761062 0.7871603194562916
0.4942857143742858 0.5 0.0 0.7759884062026661
0.5385714287485714 -0.5 0.6 0.0
0.5385714287485714 -0.4375 1.0 0.0
0.5385714287485714 -0.375 0.0 0.14969672290640357
0.5385714287485714 -0.3125 0.0 0.0
0.5385714287485714 -0.25 0.2727272727272727 0.04275681293386302
0.5385714287485714 -0.1875 0.34375 0.4251504573466941
0.5385714287485714 -0.125 0.46875 0.4251504573466941
0.5385714287485714 -0.0625 0.5 0.5505128960229868
0.5385714287485714 0.0 0.3170731707317073 0.5670130260744495
0.5385714287485714 0.0625 0.5497630331753555 0.6842016980035969
0.5385714287485714 0.125 0.41233766233766234 0.7663358286049726
0.5385714287485714 0.1875 0.3863013698630137 0.8032069025829879
0.5385714287485714 0.25 0.34076433121019106 0.770525294391358
0.5385714287485714 0.3125 0.31724137931034485 0.7532594693042286
0.5385714287485714 0.375 0.11073825503355705 0.7591686023928781
0.5385714287485714 0.4375 0.05120481927710843 0.7826295122067687
0.5385714287485714 0.5 0.08681672025723473 0.7684406648681693
0.5385714287485714 0.5625 0.013745704467353952 0.7540069648477041
0.5828571431228571 -0.5 1.0 0.0
0.5828571431228571 -0.4375 1.0 0.0
0.5828571431228571 -0.375 0.0 0.0
0.5828571431228571 -0.3125 0.0 0.07903214650816892
0.5828571431228571 -0.25 0.5 0.0
0.5828571431228571 -0.1875 0.08163265306122448 0.3671585103690074
0.5828571431228571 -0.125 0.48 0.37154547252275993
0.5828571431228571 -0.0625 0.5086206896551724 0.5542894649682097
0.5828571431228571 0.0 0.6433566433566433 0.5997284890872814
0.5828571431228571 0.0625 0.4311111111111111 0.6981517294104318
0.5828571431228571 0.125 0.5993485342019544 0.7656296580933437
0.5828571431228571 0.1875 0.39436619718309857 0.7487196403782694
0.5828571431228571 0.25 0.6013745704467354 0.7540069648477041
0.5828571431228571 0.3125 0.3215686274509804 0.7253305605717282
0.5828571431228571 0.375 0.2605042016806723 0.7983945784108472
0.5828571431228571 0.4375 0.16216216216216217 0.8268576749673606
0.5828571431228571 0.5 0.047058823529411764 0.7877999288758781
0.5828571431228571 0.5625 0.015015015015015015 0.7832825871079105
0.5828571431228571 0.625 0.029069767441860465 0.639824693808525
0.6271428574971429 -0.4375 0.9166666666666666 0.06165109337856295
0.6271428574971429 -0.375 0.3333333333333333 0.11010609988259118
0.6271428574971429 -0.3125 1.0 0.0
0.6271428574971429 -0.25 0.2571428571428571 0.29409449252988834
0.6271428574971429 -0.1875 0.5862068965517241 0.2532594693042286
0.6271428574971429 -0.125 0.22807017543859648 0.39999789819099624
0.6271428574971429 -0.0625 0.44025157232704404 0.6227590325149763
0.6271428574971429 0.0 0.4444444444444444 0.6144061857635499
0.6271428574971429 0.0625 0.5652173913043478 0.6800456430832094
0.6271428574971429 0.125 0.6131386861313869 0.7409357517649445
0.6271428574971429 0.1875 0.37050359712230213 0.7440828683137887
0.6271428574971429 0.25 0.3224932249322493 0.8055736534342808
0.6271428574971429 0.3125 0.39952153110047844 0.8326486112422682
0.6271428574971429 0.375 0.2049469964664311 0.7479536881168957
0.6271428574971429 0.4375 0.19536423841059603 0.7620639418333259
0.6271428574971429 0.5 0.05862068965517241 0.7532594693042286
0.6271428574971429 0.5625 0.03651685393258427 0.7977854693411881
0.6271428574971429 0.625 0.021798365122615803 0.8043935024807952
0.6271428574971429 0.6875 0.0 0.4182563151038775
0.6714285718714286 -0.4375 0.0 0.0
0.6714285718714286 -0.375 0.0 0.09512448819386954
0.6714285718714286 -0.3125 0.0 0.0
0.6714285718714286 -0.25 0.37209302325581395 0.33879469814454377
0.6714285718714286 -0.1875 0.2857142857142857 0.18317011772171016
0.6714285718714286 -0.125 0.4810126582278481 0.47087401599997125
0.6714285718714286 -0.0625 0.44954128440366975 0.5407737193250624
0.6714285718714286 0.0 0.594059405940594 0.5242211572460719
0.6714285718714286 0.0625 0.6258064516129033 0.6172263194398963
0.6714285718714286 0.125 0.5364806866952789 0.70573843086776
0.6714285718714286 0.1875 0.36795252225519287 0.7858754207904199
0.6714285718714286 0.25 0.41092636579572445 0.8342015182725846
0.6714285718714286 0.3125 0.2222222222222222 0.8055736534342808
0.6714285718714286 0.375 0.2882205513784461 0.8225469181981246
0.6714285718714286 0.4375 0.24836601307189543 0.7649211835955405
0.6714285718714286 0.5 0.09009009009009009 0.8457519554120605
0.6714285718714286 0.5625 0.0332541567695962 0.8342015182725846
0.6714285718714286 0.625 0.012195121951219513 0.7799973922105901
0.6714285718714286 0.6875 0.009523809523809525 0.7712157472495508
0.6714285718714286 0.75 0.0 0.19327181076585365
0.7157142862457142 -0.5 0.5 0.0
0.7157142862457142 -0.3125 0.41304347826086957 0.3534393861955376
0.7157142862457142 -0.25 0.3103448275862069 0.2532594693042286
0.7157142862457142 -0.1875 0.45 0.17257546818674113
0.7157142862457142 -0.125 0.5128205128205128 0.3175927738680001
0.7157142862457142 -0.0625 0.6119402985074627 0.43509787170516373
0.7157142862457142 0.0 0.44545454545454544 0.542756812933863
0.7157142862457142 0.0625 0.4251207729468599 0.6800456430832094
0.7157142862457142 0.125 0.4700460829493088 0.6902903372790153
0.7157142862457142 0.1875 0.4732824427480916 0.7312111160146233
0.7157142862457142 0.25 0.3488943488943489 0.8268576749673606
0.7157142862457142 0.3125 0.3182957393483709 0.8225469181981246
0.7157142862457142 0.375 0.23214285714285715 0.8187035038649791
0.7157142862457142 0.4375 0.1506172839506173 0.8257879819620848
0.7157142862457142 0.5 0.09593023255813954 0.7903396916405157
0.7157142862457142 0.5625 0.030959752321981424 0.7766617315203019
0.7157142862457142 0.625 0.10040160642570281 0.7201601439026187
0.7157142862457142 0.6875 0.0 0.8008140713075795
0.7157142862457142 0.75 0.0 0.7094346433598024
0.7600000006200001 -0.5 1.0 0.0
0.7600000006200001 -0.4375 0.18181818181818182 0.04275681293386302
0.7600000006200001 -0.375 0.5 0.0
0.7600000006200001 -0.3125 0.0 0.0
0.7600000006200001 -0.25 0.6153846153846154 0.07903214650816892
0.7600000006200001 -0.1875 0.76 0.22103047469076936
0.7600000006200001 -0.125 0.71875 0.4251504573466941
0.7600000006200001 -0.0625 0.2236842105263158 0.46246726649514625
0.7600000006200001 0.0 0.6410256410256411 0.46810777169999074
0.7600000006200001 0.0625 0.45985401459854014 0.5904207539329539
0.7600000006200001 0.125 0.5100671140939598 0.6086536045608876
0.7600000006200001 0.1875 0.3333333333333333 0.7494829003590057
0.7600000006200001 0.25 0.40273037542662116 0.7554942805318052
0.7600000006200001 0.3125 0.2934472934472934 0.7947140285876626
0.7600000006200001 0.375 0.23667377398720682 0.8576468917122921
0.7600000006200001 0.4375 0.16152019002375298 0.8342015182725846
0.7600000006200001 0.5 0.115625 0.7746354595147036
0.7600000006200001 0.5625 0.07051282051282051 0.7691377673639719
0.7600000006200001 0.625 0.003389830508474576 0.756971478343832
0.7600000006200001 0.6875 0.08333333333333333 0.8142260825385159
0.7600000006200001 0.75 0.016597510373443983 0.7130689916421847
0.7600000006200001 0.8125 0.03225806451612903 0.6568169424637087
0.8042857149942857 -0.5 1.0 0.0
0.8042857149942857 -0.375 0.0 0.06165109337856295
0.8042857149942857 -0.3125 0.3333333333333333 0.06165109337856295
0.8042857149942857 -0.25 0.22727272727272727 0.19327181076585365
0.8042857149942857 -0.1875 0.6842105263157895 0.16143727083116505
0.8042857149942857 -0.125 0.5925925925925926 0.38825735026623476
0.8042857149942857 -0.0625 0.5 0.3336851155537008
0.8042857149942857 0.0 0.3706896551724138 0.5542894649682097
0.8042857149942857 0.0625 0.5 0.5888299245398593
0.8042857149942857 0.125 0.6043956043956044 0.652096164347288
0.8042857149942857 0.1875 0.32489451476793246 0.7094346433598024
0.8042857149942857 0.25 0.4559386973180077 0.7303807240238911
0.8042857149942857 0.3125 0.31654676258992803 0.8321284978416292
0.8042857149942857 0.375 0.24050632911392406 0.7719040116639524
0.8042857149942857 0.4375 0.1901639344262295 0.7642103900281434
0.8042857149942857 0.5 0.11337209302325581 0.7903396916405157
0.8042857149942857 0.5625 0.13333333333333333 0.7377423524342442
0.8042857149942857 0.625 0.11721611721611722 0.7401417938751286
0.8042857149942857 0.6875 0.019762845849802372 0.7236207309426594
0.8042857149942857 0.75 0.0 0.7175280239064401
0.8042857149942857 0.8125 0.0 0.7000733989513119
0.8042857149942857 0.875 0.0 0.5220604703547506
0.8485714293685713 -0.5 0.0 0.0
0.8485714293685713 -0.375 1.0 0.0
0.8485714293685713 -0.3125 0.0 0.0
0.8485714293685713 -0.25 1.0 0.0
0.8485714293685713 -0.1875 0.7333333333333333 0.11010609988259118
0.8485714293685713 -0.125 0.4 0.17257546818674113
0.8485714293685713 -0.0625 0.45 0.4111360955465724
0.8485714293685713 0.0 0.6823529411764706 0.48676993321189693
0.8485714293685713 0.0625 0.6721311475409836 0.5652403856921246
0.8485714293685713 0.125 0.6938775510204082 0.6057191377288386
0.8485714293685713 0.1875 0.46 0.6725754681867412
0.8485714293685713 0.25 0.48947368421052634 0.661437270831165
0.8485714293685713 0.3125 0.2613240418118467 0.7510014187217466
0.8485714293685713 0.375 0.2265193370165746 0.8014147556213334
0.8485714293685713 0.4375 0.2169576059850374 0.8236326566648418
0.8485714293685713 0.5 0.19090909090909092 0.6932718107658536
0.8485714293685713 0.5625 0.061452513966480445 0.7990019836766877
0.8485714293685713 0.625 0.06626506024096386 0.6321145143747781
0.8485714293685713 0.6875 0.05853658536585366 0.6779374008826277
0.8485714293685713 0.75 0.0 0.7157553835241153
0.8485714293685713 0.8125 0.0 0.652096164347288
0.8485714293685713 0.875 0.0 0.6625771539786143
0.8485714293685713 0.9375 0.0 0.4251504573466941
0.8928571437428572 -0.5 0.6363636363636364 0.04275681293386302
0.8928571437428572 -0.4375 1.0 0.0
0.8928571437428572 -0.375 0.25 0.0
0.8928571437428572 -0.3125 0.0 0.1241204616827129
0.8928571437428572 -0.25 0.3076923076923077 0.07903214650816892
0.8928571437428572 -0.1875 0.2631578947368421 0.16143727083116505
0.8928571437428572 -0.125 0.24390243902439024 0.3284523987146183
0.8928571437428572 -0.0625 0.7096774193548387 0.4182563151038775
0.8928571437428572 0.0 0.5352112676056338 0.4476896447142882
0.8928571437428572 0.0625 0.3333333333333333 0.5966700266824405
0.8928571437428572 0.125 0.304 0.5705154768587788
0.8928571437428572 0.1875 0.30917874396135264 0.6800456430832094
0.8928571437428572 0.25 0.20408163265306123 0.7166435125370167
0.8928571437428572 0.3125 0.2840909090909091 0.7328624337896661
0.8928571437428572 0.375 0.2588996763754045 0.7670397100671679
0.8928571437428572 0.4375 0.27074235807860264 0.7019782115246945
0.8928571437428572 0.5 0.11895910780669144 0.7369366103559545
0.8928571437428572 0.5625 0.16917293233082706 0.734501288670284
0.8928571437428572 0.625 0.09012875536480687 0.70573843086776
0.8928571437428572 0.6875 0.0 0.6659613353198636
0.8928571437428572 0.75 0.031914893617021274 0.6591393949865905
0.8928571437428572 0.8125 0.0 0.624120461682713
0.8928571437428572 0.875 0.0 0.6308024424617037
0.8928571437428572 0.9375 0.03125 0.5131960868745348
0.937142858117143 -0.4375 1.0 0.0
0.937142858117143 -0.375 0.4 0.0
0.937142858117143 -0.3125 0.2 0.022060470354750505
0.937142858117143 -0.25 0.5 0.0
0.937142858117143 -0.1875 0.6666666666666666 0.11010609988259118
0.937142858117143 -0.125 0.41379310344827586 0.2532594693042286
0.937142858117143 -0.0625 0.40476190476190477 0.3336851155537008
0.937142858117143 0.0 0.27419354838709675 0.4182563151038775
0.937142858117143 0.0625 0.4111111111111111 0.499181725074413
0.937142858117143 0.125 0.3170731707317073 0.4789673965466089
0.937142858117143 0.1875 0.37777777777777777 0.5872273546022536
0.937142858117143 0.25 0.2634146341463415 0.6779374008826277
0.937142858117143 0.3125 0.3316831683168317 0.6747361550780624
0.937142858117143 0.375 0.14457831325301204 0.7201601439026187
0.937142858117143 0.4375 0.19256756756756757 0.7577063258842198
0.937142858117143 0.5 0.14516129032258066 0.7192863107678586
0.937142858117143 0.5625 0.0319634703196347 0.6922825277748097
0.937142858117143 0.625 0.06880733944954129 0.691288717157053
0.937142858117143 0.6875 0.08875739644970414 0.6360038226615873
0.937142858117143 0.75 0.0 0.5505128960229868
0.937142858117143 0.8125 0.016304347826086956 0.6544693818595188
0.937142858117143 0.875 0.0 0.37154547252275993
0.9814285724914285 -0.5 0.0 0.0
0.9814285724914285 -0.4375 0.0 0.0
0.9814285724914285 -0.375 0.42857142857142855 0.0
0.9814285724914285 -0.3125 1.0 0.0
0.9814285724914285 -0.25 0.6206896551724138 0.2532594693042286
0.9814285724914285 -0.1875 0.7368421052631579 0.16143727083116505
0.9814285724914285 -0.125 0.21428571428571427 0.2456394860258601
0.9814285724914285 -0.0625 0.52 0.37154547252275993
0.9814285724914285 0.0 0.4339622641509434 0.38419840515514503
