desi_data/desi_elg_ts_zenodo/sv1gfib-800coaddefftime1200-South-sv1-S-1.1z1.6-grz-zenodo.ecsv
# %ECSV 0.9
# ---
# datatype:
# - {name: RZ, datatype: float64}
# - {name: GR, datatype: float64}
# - {name: EFFICIENCY_11Z16, datatype: float64}
# - {name: ALPHA, datatype: float64}
# schema: astropy-2.0
RZ GR EFFICIENCY_11Z16 ALPHA
[from data line 600]
0.9814285724914285 0.125 0.27956989247311825 0.5063019446317181
0.9814285724914285 0.1875 0.25882352941176473 0.48676993321189693
0.9814285724914285 0.25 0.49411764705882355 0.48676993321189693
0.9814285724914285 0.3125 0.2734375 0.5756654551786847
0.9814285724914285 0.375 0.2512315270935961 0.675808489311357
0.9814285724914285 0.4375 0.18241042345276873 0.7656296580933437
0.9814285724914285 0.5 0.09090909090909091 0.6448168042618254
0.9814285724914285 0.5625 0.2152777777777778 0.751756714234366
0.9814285724914285 0.625 0.10497237569060773 0.6508997577893427
0.9814285724914285 0.6875 0.0945945945945946 0.6071913280522292
0.9814285724914285 0.75 0.045454545454545456 0.6448168042618254
0.9814285724914285 0.8125 0.03260869565217391 0.5039543840275281
1.0257142868657143 -0.375 0.6666666666666666 0.0
1.0257142868657143 -0.25 1.0 0.022060470354750505
1.0257142868657143 -0.1875 0.32 0.22103047469076936
1.0257142868657143 -0.125 0.7222222222222222 0.3002117207383942
1.0257142868657143 -0.0625 0.23333333333333334 0.26062109771458175
1.0257142868657143 0.0 0.48936170212765956 0.3581093993226093
1.0257142868657143 0.0625 0.34782608695652173 0.3534393861955376
1.0257142868657143 0.125 0.32673267326732675 0.5242211572460719
1.0257142868657143 0.1875 0.13414634146341464 0.4789673965466089
1.0257142868657143 0.25 0.0641025641025641 0.46810777169999074
1.0257142868657143 0.3125 0.13609467455621302 0.6360038226615873
1.0257142868657143 0.375 0.18285714285714286 0.6435794946978978
1.0257142868657143 0.4375 0.1069182389937107 0.6227590325149763
1.0257142868657143 0.5 0.36879432624113473 0.5966700266824405
1.0257142868657143 0.5625 0.1702127659574468 0.7075944014906187
1.0257142868657143 0.625 0.0 0.6625771539786143
1.0257142868657143 0.6875 0.045454545454545456 0.6158208307729821
1.0257142868657143 0.75 0.10126582278481013 0.47087401599997125
1.0700000012400002 -0.4375 1.0 0.0
1.0700000012400002 -0.375 0.0 0.0
1.0700000012400002 -0.3125 0.6666666666666666 0.11010609988259118
1.0700000012400002 -0.25 1.0 0.0
1.0700000012400002 -0.1875 0.42857142857142855 0.0
1.0700000012400002 -0.125 0.13636363636363635 0.19327181076585365
1.0700000012400002 -0.0625 0.5151515151515151 0.2813174402936943
1.0700000012400002 0.0 0.2777777777777778 0.3002117207383942
1.0700000012400002 0.0625 0.07142857142857142 0.3336851155537008
1.0700000012400002 0.125 0.3111111111111111 0.3486667272424224
1.0700000012400002 0.1875 0.17307692307692307 0.5305771400041407
1.0700000012400002 0.25 0.25925925925925924 0.5387723480982254
1.0700000012400002 0.3125 0.2534246575342466 0.6042368982469691
1.0700000012400002 0.375 0.0975609756097561 0.4789673965466089
1.0700000012400002 0.4375 0.22962962962962963 0.5872273546022536
1.0700000012400002 0.5 0.19548872180451127 0.5839862908382935
1.0700000012400002 0.5625 0.2777777777777778 0.5387723480982254
1.0700000012400002 0.625 0.14935064935064934 0.6158208307729821
1.0700000012400002 0.6875 0.1037037037037037 0.5872273546022536
1.1142857156142856 -0.5 1.0 0.0
1.1142857156142856 -0.4375 0.0 0.0
1.1142857156142856 -0.375 0.3333333333333333 0.0
1.1142857156142856 -0.25 1.0 0.022060470354750505
1.1142857156142856 -0.1875 0.3333333333333333 0.06165109337856295
1.1142857156142856 -0.125 0.5555555555555556 0.0
1.1142857156142856 -0.0625 0.13333333333333333 0.26062109771458175
1.1142857156142856 0.0 0.5909090909090909 0.19327181076585365
1.1142857156142856 0.0625 0.5789473684210527 0.3119522686631556
1.1142857156142856 0.125 0.2413793103448276 0.40377446713621923
1.1142857156142856 0.1875 0.2982456140350877 0.39999789819099624
1.1142857156142856 0.25 0.2 0.37154547252275993
1.1142857156142856 0.3125 0.14953271028037382 0.5367523591973554
1.1142857156142856 0.375 0.28125 0.4251504573466941
1.1142857156142856 0.4375 0.14492753623188406 0.44148501572337817
1.1142857156142856 0.5 0.22608695652173913 0.5524093905315564
1.1142857156142856 0.5625 0.08527131782945736 0.5773553255043751
1.1142857156142856 0.625 0.13793103448275862 0.602744471472238
1.1142857156142856 0.6875 0.0 0.07903214650816892
1.1585714299885714 -0.375 1.0 0.0
1.1585714299885714 -0.3125 0.0 0.0
1.1585714299885714 -0.1875 0.7727272727272727 0.19327181076585365
1.1585714299885714 -0.125 0.0 0.0
1.1585714299885714 -0.0625 0.0 0.0
1.1585714299885714 0.0 0.0 0.30616133238824805
1.1585714299885714 0.0625 0.3181818181818182 0.19327181076585365
1.1585714299885714 0.125 0.5 0.21216609121055352
1.1585714299885714 0.1875 0.19444444444444445 0.3002117207383942
1.1585714299885714 0.25 0.14754098360655737 0.414725387860134
1.1585714299885714 0.3125 0.1044776119402985 0.43509787170516373
1.1585714299885714 0.375 0.189873417721519 0.47087401599997125
1.1585714299885714 0.4375 0.3387096774193548 0.4182563151038775
1.1585714299885714 0.5 0.1694915254237288 0.4074864761758226
1.1585714299885714 0.5625 0.1511627906976744 0.4893096959765344
1.1585714299885714 0.625 0.0 0.09512448819386954
1.2028571443628573 -0.375 0.2 0.0
1.2028571443628573 -0.3125 0.8 0.0
1.2028571443628573 -0.25 0.8 0.022060470354750505
1.2028571443628573 -0.1875 0.0 0.0
1.2028571443628573 -0.125 1.0 0.0
1.2028571443628573 -0.0625 0.625 0.1241204616827129
1.2028571443628573 0.0 0.46153846153846156 0.07903214650816892
1.2028571443628573 0.0625 0.23076923076923078 0.07903214650816892
1.2028571443628573 0.125 0.4166666666666667 0.06165109337856295
1.2028571443628573 0.1875 0.23809523809523808 0.18317011772171016
1.2028571443628573 0.25 0.15789473684210525 0.3119522686631556
1.2028571443628573 0.3125 0.21052631578947367 0.3119522686631556
1.2028571443628573 0.375 0.10638297872340426 0.3581093993226093
1.2028571443628573 0.4375 0.21052631578947367 0.39999789819099624
1.2028571443628573 0.5 0.022727272727272728 0.3437868085978443
1.2028571443628573 0.5625 0.5263157894736842 0.3119522686631556
1.2471428587371427 -0.375 0.0 0.0
1.2471428587371427 -0.25 0.375 0.0
1.2471428587371427 -0.1875 0.4 0.0
1.2471428587371427 -0.125 0.0 0.07903214650816892
1.2471428587371427 -0.0625 0.3333333333333333 0.0
1.2471428587371427 0.0 0.375 0.0
1.2471428587371427 0.0625 0.0 0.0
1.2471428587371427 0.125 0.0 0.21216609121055352
1.2471428587371427 0.1875 0.4 0.17257546818674113
1.2471428587371427 0.25 0.0 0.04275681293386302
1.2471428587371427 0.3125 0.0 0.0
1.2471428587371427 0.375 0.1935483870967742 0.2677413172718869
1.2471428587371427 0.4375 0.058823529411764705 0.28779992887587813
1.2471428587371427 0.5 0.1875 0.36268108904254415
1.2914285731114286 -0.5 1.0 0.0
1.2914285731114286 -0.3125 0.5714285714285714 0.0
1.2914285731114286 -0.25 0.0 0.0
1.2914285731114286 -0.1875 0.8 0.0
1.2914285731114286 -0.125 1.0 0.0
1.2914285731114286 0.0 0.0 0.0
1.2914285731114286 0.125 0.0 0.1372849310438875
1.2914285731114286 0.1875 0.0 0.0
1.2914285731114286 0.25 0.0 0.0
1.2914285731114286 0.3125 0.8181818181818182 0.04275681293386302
1.2914285731114286 0.375 0.1875 0.1241204616827129
1.2914285731114286 0.4375 0.3 0.022060470354750505
1.3357142874857144 -0.4375 0.75 0.0
1.3357142874857144 -0.3125 0.0 0.0
1.3357142874857144 -0.25 0.0 0.0
1.3357142874857144 -0.1875 0.0 0.1241204616827129
1.3357142874857144 -0.0625 1.0 0.0
1.3357142874857144 0.0 0.5 0.0
1.3357142874857144 0.125 0.0 0.0
1.3357142874857144 0.1875 1.0 0.04275681293386302
1.3357142874857144 0.25 0.15789473684210525 0.16143727083116505
1.3357142874857144 0.3125 0.0 0.0
1.3357142874857144 0.375 0.0 0.0
1.3800000018599998 -0.5 0.0 0.0
1.3800000018599998 -0.3125 1.0 0.0
1.3800000018599998 -0.125 1.0 0.0
1.3800000018599998 -0.0625 0.25 0.1241204616827129
1.3800000018599998 0.0 0.0 0.0
1.3800000018599998 0.0625 0.09090909090909091 0.04275681293386302
1.3800000018599998 0.25 1.0 0.0
1.3800000018599998 0.3125 1.0 0.0
1.4242857162342857 -0.4375 0.0 0.0
1.4242857162342857 -0.1875 1.0 0.0
1.4242857162342857 -0.125 1.0 0.0
1.4242857162342857 0.125 0.0 0.0
1.4685714306085715 -0.375 0.0 0.0
1.4685714306085715 -0.25 1.0 0.0
1.4685714306085715 -0.1875 0.0 0.0
1.4685714306085715 -0.125 0.0 0.0
1.4685714306085715 -0.0625 0.0 0.0
1.4685714306085715 0.125 0.42857142857142855 0.0
1.5128571449828574 -0.5 0.0 0.0
1.5128571449828574 -0.1875 0.0 0.0
1.5128571449828574 0.0625 0.0 0.0
1.5571428593571428 -0.375 0.0 0.0
1.6014285737314287 -0.3125 0.0 0.0
1.6457142881057145 -0.4375 0.0 0.0
1.7342857168542858 -0.5 0.0 0.0
1.7785714312285716 -0.375 0.0 0.0
2.0000000031000003 -0.4375 0.0 0.0
-1.0778571459128572 -0.21875 0.0 0.0
-1.0778571459128572 -0.15625 0.0 0.0
-1.0778571459128572 -0.09375 0.0 0.21216609121055352
-1.0778571459128572 -0.03125 0.0 0.0
-1.0778571459128572 0.03125 0.0 0.0
-1.0778571459128572 0.09375 0.0 0.0
-1.0778571459128572 0.15625 0.0 0.0
-1.0335714315385716 -0.46875 0.0 0.0
-1.0335714315385716 -0.15625 0.0 0.0
-1.0335714315385716 -0.09375 0.0 0.0
-1.0335714315385716 -0.03125 0.0 0.0
-1.0335714315385716 0.03125 0.0 0.06165109337856295
-1.0335714315385716 0.09375 0.0 0.0
-1.0335714315385716 0.15625 0.0 0.0
-0.9892857171642858 -0.46875 0.0 0.0
-0.9892857171642858 -0.34375 0.0 0.0
-0.9892857171642858 -0.21875 1.0 0.0
-0.9892857171642858 -0.15625 0.0 0.0
-0.9892857171642858 -0.09375 0.0 0.0
-0.9892857171642858 -0.03125 0.0 0.11010609988259118
-0.9892857171642858 0.03125 0.0 0.0
-0.9892857171642858 0.09375 0.0 0.2377423524342442
-0.9892857171642858 0.15625 0.0 0.11010609988259118
-0.9450000027900001 -0.28125 0.0 0.022060470354750505
-0.9450000027900001 -0.21875 0.0 0.0
-0.9450000027900001 -0.15625 0.0 0.0
-0.9450000027900001 -0.09375 0.26666666666666666 0.11010609988259118
-0.9450000027900001 0.03125 0.0 0.0
-0.9450000027900001 0.09375 0.0 0.0
-0.9450000027900001 0.15625 0.0 0.0
-0.9007142884157144 -0.46875 0.0 0.0
-0.9007142884157144 -0.21875 0.0 0.0
-0.9007142884157144 -0.09375 0.0 0.0
-0.9007142884157144 -0.03125 0.0 0.04275681293386302
-0.9007142884157144 0.03125 0.0 0.0
-0.9007142884157144 0.09375 0.0 0.0
-0.9007142884157144 0.15625 0.0 0.0
-0.8564285740414287 -0.15625 0.0 0.09512448819386954
-0.8564285740414287 -0.09375 0.0 0.0
-0.8564285740414287 0.03125 0.0 0.0
-0.8564285740414287 0.09375 0.0 0.07903214650816892
-0.8564285740414287 0.15625 0.0 0.0
-0.812142859667143 -0.46875 0.0 0.0
-0.812142859667143 -0.21875 0.0 0.11010609988259118
-0.812142859667143 -0.15625 0.0 0.0
-0.812142859667143 -0.09375 0.0 0.0
-0.812142859667143 -0.03125 0.0 0.0
-0.812142859667143 0.03125 0.0 0.04275681293386302
-0.812142859667143 0.09375 0.0 0.0
-0.7678571452928573 -0.40625 0.0 0.0
-0.7678571452928573 -0.34375 0.0 0.0
-0.7678571452928573 -0.28125 0.0 0.18317011772171016
-0.7678571452928573 -0.15625 0.0 0.0
-0.7678571452928573 -0.09375 0.0 0.0
-0.7678571452928573 -0.03125 0.0 0.06165109337856295
-0.7678571452928573 0.03125 0.0 0.09512448819386954
-0.7678571452928573 0.09375 0.0 0.0
-0.7678571452928573 0.15625 0.0 0.06165109337856295
-0.7235714309185715 -0.40625 0.0 0.11010609988259118
-0.7235714309185715 -0.34375 0.0 0.0
-0.7235714309185715 -0.28125 0.0 0.0
-0.7235714309185715 -0.21875 0.0 0.0
-0.7235714309185715 -0.09375 0.0 0.0
-0.7235714309185715 -0.03125 0.0 0.09512448819386954
-0.7235714309185715 0.03125 0.0 0.0
-0.7235714309185715 0.09375 0.0 0.3486667272424224
-0.7235714309185715 0.15625 0.0 0.09512448819386954
-0.6792857165442858 -0.46875 0.0 0.0
-0.6792857165442858 -0.40625 0.0 0.0
-0.6792857165442858 -0.28125 0.0 0.04275681293386302
-0.6792857165442858 -0.21875 0.0 0.0
-0.6792857165442858 -0.15625 0.0 0.04275681293386302
-0.6792857165442858 -0.09375 0.0 0.22954714434015955
-0.6792857165442858 -0.03125 0.21428571428571427 0.09512448819386954
-0.6792857165442858 0.03125 0.0 0.022060470354750505
-0.6792857165442858 0.09375 0.07692307692307693 0.07903214650816892
-0.6792857165442858 0.15625 0.0 0.22954714434015955
-0.6350000021700001 -0.46875 0.0 0.0
-0.6350000021700001 -0.40625 0.0 0.0
-0.6350000021700001 -0.34375 0.0 0.09512448819386954
-0.6350000021700001 -0.28125 0.0 0.022060470354750505
-0.6350000021700001 -0.21875 0.0 0.0
-0.6350000021700001 -0.15625 0.0 0.0
-0.6350000021700001 -0.09375 0.0 0.07903214650816892
-0.6350000021700001 -0.03125 0.0 0.26062109771458175
-0.6350000021700001 0.03125 0.0 0.06165109337856295
-0.6350000021700001 0.09375 0.0 0.20292438836354698
-0.6350000021700001 0.15625 0.0 0.20292438836354698
-0.5907142877957143 -0.34375 0.0 0.27463545951470353
-0.5907142877957143 -0.28125 0.3333333333333333 0.0
-0.5907142877957143 -0.21875 0.0 0.16143727083116505
-0.5907142877957143 -0.15625 0.0 0.0
-0.5907142877957143 -0.09375 0.0 0.0
-0.5907142877957143 -0.03125 0.0 0.0
-0.5907142877957143 0.03125 0.0 0.0
-0.5907142877957143 0.09375 0.0 0.1372849310438875
-0.5907142877957143 0.15625 0.0 0.14969672290640357
-0.5464285734214287 -0.40625 0.0 0.0
-0.5464285734214287 -0.28125 0.14285714285714285 0.0
-0.5464285734214287 -0.21875 0.0 0.0
-0.5464285734214287 -0.09375 0.0 0.09512448819386954
-0.5464285734214287 -0.03125 0.17647058823529413 0.1372849310438875
-0.5464285734214287 0.03125 0.0 0.21216609121055352
-0.5464285734214287 0.09375 0.0 0.0
-0.5464285734214287 0.15625 0.2777777777777778 0.14969672290640357
-0.502142859047143 -0.46875 0.0 0.0
-0.502142859047143 -0.34375 0.0 0.0
-0.502142859047143 -0.28125 0.0 0.0
-0.502142859047143 -0.21875 0.0 0.0
-0.502142859047143 -0.15625 0.0 0.0
-0.502142859047143 -0.09375 0.0 0.0
-0.502142859047143 -0.03125 0.0 0.0
-0.502142859047143 0.03125 0.0 0.22103047469076936
-0.502142859047143 0.09375 0.0 0.2677413172718869
-0.502142859047143 0.15625 0.0 0.21216609121055352
-0.4578571446728572 -0.40625 0.0 0.04275681293386302
-0.4578571446728572 -0.34375 0.0 0.0
-0.4578571446728572 -0.28125 0.2857142857142857 0.18317011772171016
-0.4578571446728572 -0.21875 0.0 0.0
-0.4578571446728572 -0.15625 0.0 0.2377423524342442
-0.4578571446728572 -0.09375 0.3076923076923077 0.07903214650816892
-0.4578571446728572 -0.03125 0.0 0.18317011772171016
-0.4578571446728572 0.03125 0.0 0.20292438836354698
-0.4578571446728572 0.09375 0.0 0.28779992887587813
-0.4578571446728572 0.15625 0.125 0.21216609121055352
-0.41357143029857146 -0.46875 0.0 0.0
-0.41357143029857146 -0.40625 0.0 0.0
-0.41357143029857146 -0.34375 0.0 0.0
-0.41357143029857146 -0.28125 0.23529411764705882 0.1372849310438875
-0.41357143029857146 -0.21875 0.0 0.07903214650816892
-0.41357143029857146 -0.15625 0.0 0.11010609988259118
-0.41357143029857146 -0.09375 0.0 0.022060470354750505
-0.41357143029857146 -0.03125 0.0 0.3230904660187317
-0.41357143029857146 0.03125 0.02857142857142857 0.29409449252988834
-0.41357143029857146 0.09375 0.038461538461538464 0.22954714434015955
-0.41357143029857146 0.15625 0.0 0.28779992887587813
-0.36928571592428583 -0.46875 0.0 0.0
-0.36928571592428583 -0.34375 0.0 0.0
-0.36928571592428583 -0.21875 0.0 0.0
-0.36928571592428583 -0.15625 0.0 0.0
-0.36928571592428583 -0.09375 0.3076923076923077 0.22954714434015955
-0.36928571592428583 -0.03125 0.0 0.11010609988259118
-0.36928571592428583 0.03125 0.3125 0.27463545951470353
-0.36928571592428583 0.09375 0.0 0.2677413172718869
-0.36928571592428583 0.15625 0.18181818181818182 0.2813174402936943
-0.3250000015500001 -0.40625 0.0 0.0
-0.3250000015500001 -0.28125 0.0 0.0
-0.3250000015500001 -0.21875 0.0 0.0
-0.3250000015500001 -0.15625 0.0 0.16143727083116505
-0.3250000015500001 -0.09375 0.03333333333333333 0.26062109771458175
-0.3250000015500001 -0.03125 0.0 0.2813174402936943
-0.3250000015500001 0.03125 0.06060606060606061 0.2813174402936943
-0.3250000015500001 0.09375 0.0 0.29409449252988834
-0.3250000015500001 0.15625 0.03333333333333333 0.4111360955465724
-0.28071428717571434 -0.40625 0.0 0.09512448819386954
-0.28071428717571434 -0.34375 0.125 0.0
-0.28071428717571434 -0.21875 0.0 0.0
-0.28071428717571434 -0.15625 0.0 0.0
-0.28071428717571434 -0.09375 0.0 0.07903214650816892
-0.28071428717571434 -0.03125 0.06666666666666667 0.3486667272424224
-0.28071428717571434 0.03125 0.08333333333333333 0.36268108904254415
-0.28071428717571434 0.09375 0.025 0.47360546385072233
-0.28071428717571434 0.15625 0.043478260869565216 0.3534393861955376
-0.2364285728014286 -0.46875 0.0 0.0
-0.2364285728014286 -0.40625 0.0 0.0
