desi_data/desi_elg_ts_zenodo/sv1gfib-800coaddefftime1200-South-sv1-S-0.6z1.6-gmag-zenodo.ecsv
# %ECSV 0.9
# ---
# datatype:
# - {name: GFIB, datatype: float64}
# - {name: GTOT, datatype: float64}
# - {name: EFFICIENCY_06Z16, datatype: float64}
# - {name: ALPHA, datatype: float64}
# schema: astropy-2.0
GFIB GTOT EFFICIENCY_06Z16 ALPHA
[from data line 603]
24.035714287285714 23.1875 0.7352941176470589 0.6169190248362054
24.035714287285714 23.25 0.6744186046511628 0.5798681645770305
24.035714287285714 23.3125 0.7952755905511811 0.6645207994332251
24.035714287285714 23.375 0.8956521739130435 0.6429678591320525
24.035714287285714 23.4375 0.7205240174672489 0.7925366801251906
24.035714287285714 23.5 0.8116591928251121 0.7867713704793269
24.035714287285714 23.5625 0.738831615120275 0.8445654334482002
24.035714287285714 23.625 0.7125506072874493 0.8089674155850795
24.035714287285714 23.6875 0.7657657657657657 0.6352804283485753
24.035714287285714 23.75 0.6163967611336032 1.0
24.07142857307143 22.0625 0.0 0.06416393245121843
24.07142857307143 22.25 0.5 0.0
24.07142857307143 22.4375 1.0 0.0
24.07142857307143 22.5 0.4 0.1126189389552466
24.07142857307143 22.5625 0.8333333333333334 0.24025519150689967
24.07142857307143 22.625 0.9090909090909091 0.13331528153435912
24.07142857307143 22.6875 0.8333333333333334 0.15220956197905905
24.07142857307143 22.75 0.45454545454545453 0.13331528153435912
24.07142857307143 22.8125 0.6923076923076923 0.16959061510866502
24.07142857307143 22.875 0.7209302325581395 0.42935316674503987
24.07142857307143 22.9375 0.8666666666666667 0.20066456848308728
24.07142857307143 23.0 1.0 0.3115889432912654
24.07142857307143 23.0625 0.8309859154929577 0.5382481133147843
24.07142857307143 23.125 0.5555555555555556 0.5668614483945715
24.07142857307143 23.1875 0.8 0.577328401812393
24.07142857307143 23.25 0.6363636363636364 0.6104365362540216
24.07142857307143 23.3125 0.7638888888888888 0.5412851871708808
24.07142857307143 23.375 0.7128205128205128 0.7576362446365057
24.07142857307143 23.4375 0.5808080808080808 0.7609515340860122
24.07142857307143 23.5 0.6785714285714286 0.787742948122328
24.07142857307143 23.5625 0.7407407407407407 0.8054220757544026
24.07142857307143 23.625 0.7724550898203593 0.8744921723610288
24.07142857307143 23.6875 0.8256410256410256 0.7576362446365057
24.07142857307143 23.8125 0.6964285714285714 1.0
24.10714285885714 22.1875 0.0 0.13331528153435912
24.10714285885714 22.4375 0.0 0.13331528153435912
24.10714285885714 22.5 0.5555555555555556 0.08974019367490904
24.10714285885714 22.5625 0.0 0.0
24.10714285885714 22.625 0.2 0.1126189389552466
24.10714285885714 22.6875 0.6111111111111112 0.24025519150689967
24.10714285885714 22.75 0.1875 0.214678930283209
24.10714285885714 22.8125 0.5 0.214678930283209
24.10714285885714 22.875 0.875 0.06416393245121843
24.10714285885714 22.9375 0.6875 0.3651939281151996
24.10714285885714 23.0 0.5405405405405406 0.3967198009887441
24.10714285885714 23.0625 0.7307692307692307 0.4706206107726462
24.10714285885714 23.125 0.8235294117647058 0.5288733953083647
24.10714285885714 23.1875 0.2894736842105263 0.4025107372636517
24.10714285885714 23.25 0.675 0.5641639324512184
24.10714285885714 23.3125 0.7692307692307693 0.6211356086046368
24.10714285885714 23.375 0.5878787878787879 0.7213609110621998
24.10714285885714 23.4375 0.7121212121212122 0.7609515340860122
24.10714285885714 23.5 0.703030303030303 0.7213609110621998
24.10714285885714 23.5625 0.8944954128440367 0.7818471857575491
24.10714285885714 23.625 0.7330827067669173 0.8250597572707801
24.10714285885714 23.6875 0.6073825503355704 0.8497270709933742
24.10714285885714 23.75 0.5723684210526315 0.7035407329276329
24.10714285885714 23.8125 0.5615577889447236 1.0
24.142857144642857 22.0 0.0 0.0
24.142857144642857 22.125 0.0 0.0016945641470684225
24.142857144642857 22.3125 0.6666666666666666 0.0
24.142857144642857 22.4375 0.0 0.0
24.142857144642857 22.5625 0.2 0.0
24.142857144642857 22.6875 0.0 0.06416393245121843
24.142857144642857 22.75 0.3333333333333333 0.15220956197905905
24.142857144642857 22.8125 0.3333333333333333 0.20066456848308728
24.142857144642857 22.875 0.5 0.06416393245121843
24.142857144642857 22.9375 1.0 0.0
24.142857144642857 23.0 0.7 0.2631339367872372
24.142857144642857 23.0625 0.19230769230769232 0.3201056129406556
24.142857144642857 23.125 0.7727272727272727 0.4343452771983403
24.142857144642857 23.1875 0.8095238095238095 0.27372858632220626
24.142857144642857 23.25 0.8441558441558441 0.5558643015414876
24.142857144642857 23.3125 0.746268656716418 0.5256563403056599
24.142857144642857 23.375 0.7671232876712328 0.5442803690154746
24.142857144642857 23.4375 0.5583333333333333 0.6522095619790591
24.142857144642857 23.5 0.6374269005847953 0.7291169941513236
24.142857144642857 23.5625 0.7819548872180451 0.8250597572707801
24.142857144642857 23.625 0.65 0.8027245598110497
24.142857144642857 23.6875 0.5842696629213483 0.8258745696375343
24.142857144642857 23.75 0.6743295019157088 0.8209391926243871
24.142857144642857 23.8125 1.0 0.13331528153435912
24.142857144642857 23.875 0.5230473751600512 1.0
24.17857143042857 22.1875 0.3333333333333333 0.0016945641470684225
24.17857143042857 22.5 0.0 0.0016945641470684225
24.17857143042857 22.6875 1.0 0.0
24.17857143042857 22.875 0.7692307692307693 0.16959061510866502
24.17857143042857 22.9375 0.5 0.0016945641470684225
24.17857143042857 23.0 0.25 0.3027245598110496
24.17857143042857 23.0625 0.9230769230769231 0.16959061510866502
24.17857143042857 23.125 0.625 0.06416393245121843
24.17857143042857 23.1875 0.7692307692307693 0.16959061510866502
24.17857143042857 23.25 0.775 0.4136489346192278
24.17857143042857 23.3125 0.4166666666666667 0.5016945641470685
24.17857143042857 23.375 0.7021276595744681 0.44866786792310537
24.17857143042857 23.4375 0.6764705882352942 0.5288733953083647
24.17857143042857 23.5 0.6521739130434783 0.5320434843238743
24.17857143042857 23.5625 0.4666666666666667 0.6232135884902157
24.17857143042857 23.625 0.624 0.6610739454592748
24.17857143042857 23.6875 0.4444444444444444 0.7706041116837055
24.17857143042857 23.75 0.48717948717948717 0.7576362446365057
24.17857143042857 23.8125 0.5617283950617284 0.7173764462265622
24.214285716214285 22.125 0.0 0.0
24.214285716214285 22.375 0.0 0.0
24.214285716214285 22.6875 0.0 0.0
24.214285716214285 22.8125 0.0 0.13331528153435912
24.214285716214285 22.9375 0.14285714285714285 0.03516795896237501
24.214285716214285 23.0 1.0 0.0
24.214285716214285 23.0625 0.0 0.2519957394316611
24.214285716214285 23.125 0.75 0.06416393245121843
24.214285716214285 23.1875 0.875 0.214678930283209
24.214285716214285 23.25 0.5238095238095238 0.27372858632220626
24.214285716214285 23.3125 0.25 0.06416393245121843
24.214285716214285 23.375 0.19230769230769232 0.3201056129406556
24.214285716214285 23.4375 0.25 0.15220956197905905
24.214285716214285 23.5 0.39285714285714285 0.48671295245834684
24.214285716214285 23.5625 0.44642857142857145 0.48671295245834684
24.214285716214285 23.625 0.5194805194805194 0.5558643015414876
24.214285716214285 23.6875 0.43243243243243246 0.6352804283485753
24.214285716214285 23.75 0.296875 0.6662239237791808
24.214285716214285 23.8125 0.17543859649122806 0.6410713646234829
24.214285716214285 23.875 0.125 0.06416393245121843
24.214285716214285 23.9375 0.3702081051478642 1.0
24.250000002 22.875 0.0 0.03516795896237501
24.250000002 23.1875 0.0 0.0
24.250000002 23.25 0.4782608695652174 0.2934828569640431
24.250000002 23.375 0.0 0.2934828569640431
24.250000002 23.4375 0.0 0.20066456848308728
24.250000002 23.5 0.043478260869565216 0.2934828569640431
24.250000002 23.5625 0.15789473684210525 0.2519957394316611
24.250000002 23.625 0.4791666666666667 0.45323955764304025
24.250000002 23.6875 0.5 0.44399785479603365
24.250000002 23.75 0.23333333333333334 0.5016945641470685
24.250000002 23.8125 0.5526315789473685 0.4025107372636517
24.250000002 23.875 0.0 0.214678930283209
24.250000002 24.0 0.2786259541984733 0.8217695846151194
24.285714287785712 23.3125 0.0 0.0
24.285714287785712 23.375 1.0 0.0
24.285714287785712 23.5 0.2 0.0
24.285714287785712 23.5625 0.0 0.13331528153435912
24.285714287785712 23.625 0.0 0.0
24.285714287785712 23.6875 0.0 0.13331528153435912
24.285714287785712 23.75 0.3181818181818182 0.28383027936634975
24.285714287785712 23.8125 0.25 0.06416393245121843
24.285714287785712 23.875 0.0 0.03516795896237501
24.285714287785712 24.0 0.3119266055045872 0.7818471857575491
24.321428573571428 23.3125 0.0 0.0
24.321428573571428 23.5 0.0 0.0016945641470684225
24.321428573571428 23.6875 0.45454545454545453 0.13331528153435912
24.321428573571428 23.75 0.0 0.0
24.321428573571428 23.875 0.0 0.0
24.321428573571428 23.9375 0.0 0.0
24.321428573571428 24.0625 0.23333333333333334 0.35117956631507785
24.35714285935714 24.0625 0.0 0.3201056129406556
24.392857145142855 23.875 0.0 0.0
24.392857145142855 24.125 0.4666666666666667 0.20066456848308728
24.5000000025 23.4375 0.0 0.0
22.303571426678573 22.03125 0.109375 0.5157089259471902
22.339285712464285 22.09375 1.0 0.0
22.37499999825 22.09375 0.14 0.46210394112325603
22.410714284035716 22.03125 1.0 0.13331528153435912
22.410714284035716 22.15625 0.39473684210526316 0.4025107372636517
22.44642856982143 22.15625 0.1875 0.3651939281151996
22.482142855607144 22.03125 0.6875 0.214678930283209
22.482142855607144 22.09375 0.0 0.0016945641470684225
22.482142855607144 22.21875 0.14893617021276595 0.44866786792310537
22.51785714139286 22.03125 1.0 0.0
22.51785714139286 22.09375 1.0 0.0
22.51785714139286 22.21875 1.0 0.0
22.55357142717857 22.03125 1.0 0.0
22.55357142717857 22.09375 1.0 0.0
22.55357142717857 22.15625 0.7586206896551724 0.3438179379047247
22.55357142717857 22.28125 0.3888888888888889 0.5412851871708808
22.589285712964287 22.09375 1.0 0.13331528153435912
22.589285712964287 22.15625 0.42857142857142855 0.03516795896237501
22.589285712964287 22.21875 1.0 0.0
22.589285712964287 22.34375 0.0 0.0
22.62499999875 22.09375 0.3333333333333333 0.08974019367490904
22.62499999875 22.21875 0.4 0.0
22.62499999875 22.34375 0.43434343434343436 0.6104365362540216
22.660714284535715 22.03125 1.0 0.0
22.660714284535715 22.09375 1.0 0.13331528153435912
22.660714284535715 22.15625 1.0 0.06416393245121843
22.660714284535715 22.21875 0.0 0.0
22.660714284535715 22.28125 1.0 0.16959061510866502
22.660714284535715 22.40625 0.3125 0.45323955764304025
22.69642857032143 22.15625 1.0 0.15220956197905905
22.69642857032143 22.28125 1.0 0.06416393245121843
22.69642857032143 22.34375 1.0 0.15220956197905905
22.69642857032143 22.40625 0.1836734693877551 0.4577169789695034
22.732142856107142 22.03125 0.0 0.0
22.732142856107142 22.15625 0.0 0.0
22.732142856107142 22.28125 1.0 0.18568295679436564
22.732142856107142 22.34375 0.8 0.1126189389552466
22.732142856107142 22.46875 0.38095238095238093 0.5122892136820375
22.767857141892858 22.03125 1.0 0.0
22.767857141892858 22.09375 1.0 0.214678930283209
22.767857141892858 22.28125 0.6 0.1126189389552466
22.767857141892858 22.34375 0.2 0.0
22.767857141892858 22.40625 1.0 0.214678930283209
22.767857141892858 22.46875 0.21052631578947367 0.2519957394316611
22.803571427678573 22.09375 1.0 0.0
22.803571427678573 22.21875 1.0 0.0
22.803571427678573 22.28125 0.42105263157894735 0.2519957394316611
22.803571427678573 22.34375 0.5333333333333333 0.20066456848308728
22.803571427678573 22.40625 0.9230769230769231 0.16959061510866502
22.803571427678573 22.53125 0.2676056338028169 0.5382481133147843
22.839285713464285 22.03125 0.0 0.06416393245121843
22.839285713464285 22.15625 1.0 0.0
22.839285713464285 22.28125 1.0 0.0
22.839285713464285 22.34375 0.0 0.0
22.839285713464285 22.40625 1.0 0.06416393245121843
22.839285713464285 22.46875 0.0 0.06416393245121843
22.839285713464285 22.59375 0.06451612903225806 0.358299785872383
22.87499999925 22.03125 0.0 0.0
22.87499999925 22.15625 1.0 0.03516795896237501
22.87499999925 22.21875 0.6666666666666666 0.15220956197905905
22.87499999925 22.28125 0.5714285714285714 0.03516795896237501
22.87499999925 22.34375 0.4444444444444444 0.08974019367490904
22.87499999925 22.40625 1.0 0.0
22.87499999925 22.46875 0.7333333333333333 0.20066456848308728
22.87499999925 22.53125 1.0 0.28383027936634975
22.87499999925 22.59375 0.5263157894736842 0.4905563667914923
22.910714285035716 22.03125 0.0 0.0
22.910714285035716 22.15625 0.0 0.0
22.910714285035716 22.21875 0.0 0.0
22.910714285035716 22.28125 0.0 0.0016945641470684225
22.910714285035716 22.34375 1.0 0.0
22.910714285035716 22.40625 1.0 0.0016945641470684225
22.910714285035716 22.46875 0.6071428571428571 0.33619795462635627
22.910714285035716 22.53125 1.0 0.18568295679436564
22.910714285035716 22.65625 0.46808510638297873 0.44866786792310537
22.94642857082143 22.03125 1.0 0.0
22.94642857082143 22.15625 1.0 0.08974019367490904
22.94642857082143 22.21875 1.0 0.15220956197905905
22.94642857082143 22.28125 1.0 0.1126189389552466
22.94642857082143 22.34375 1.0 0.0
22.94642857082143 22.40625 0.25 0.0
22.94642857082143 22.46875 1.0 0.20066456848308728
22.94642857082143 22.53125 0.6585365853658537 0.4190108673151144
22.94642857082143 22.59375 1.0 0.0
22.94642857082143 22.65625 0.4 0.5016945641470685
22.982142856607144 22.03125 1.0 0.03516795896237501
22.982142856607144 22.15625 1.0 0.0
22.982142856607144 22.21875 1.0 0.08974019367490904
22.982142856607144 22.28125 0.8333333333333334 0.15220956197905905
22.982142856607144 22.34375 0.65 0.2631339367872372
22.982142856607144 22.40625 1.0 0.15220956197905905
22.982142856607144 22.46875 0.8529411764705882 0.37835839747637423
22.982142856607144 22.53125 1.0 0.4190108673151144
22.982142856607144 22.59375 0.9024390243902439 0.4190108673151144
22.982142856607144 22.71875 0.5 0.6557988542926207
23.017857142392856 22.03125 0.0 0.0
23.017857142392856 22.09375 1.0 0.03516795896237501
23.017857142392856 22.15625 1.0 0.0
23.017857142392856 22.21875 1.0 0.13331528153435912
23.017857142392856 22.28125 0.5714285714285714 0.03516795896237501
23.017857142392856 22.40625 1.0 0.0
23.017857142392856 22.46875 0.5 0.06416393245121843
23.017857142392856 22.53125 0.8095238095238095 0.27372858632220626
23.017857142392856 22.59375 0.9032258064516129 0.358299785872383
23.017857142392856 22.65625 1.0 0.03516795896237501
23.017857142392856 22.71875 0.0 0.0
23.05357142817857 22.09375 1.0 0.0
23.05357142817857 22.21875 1.0 0.16959061510866502
23.05357142817857 22.28125 1.0 0.06416393245121843
23.05357142817857 22.34375 1.0 0.13331528153435912
23.05357142817857 22.46875 1.0 0.2631339367872372
23.05357142817857 22.53125 1.0 0.2278433996443836
23.05357142817857 22.59375 0.9375 0.45323955764304025
23.05357142817857 22.65625 0.8333333333333334 0.4242435841541969
23.05357142817857 22.78125 0.38738738738738737 0.6352804283485753
23.089285713964287 22.09375 0.3333333333333333 0.15220956197905905
23.089285713964287 22.15625 1.0 0.15220956197905905
23.089285713964287 22.21875 0.0 0.13331528153435912
23.089285713964287 22.28125 1.0 0.0
23.089285713964287 22.34375 1.0 0.06416393245121843
23.089285713964287 22.40625 0.5714285714285714 0.03516795896237501
23.089285713964287 22.46875 1.0 0.0016945641470684225
23.089285713964287 22.53125 1.0 0.13331528153435912
23.089285713964287 22.59375 1.0 0.3438179379047247
23.089285713964287 22.65625 1.0 0.2519957394316611
23.089285713964287 22.71875 0.972972972972973 0.3967198009887441
23.089285713964287 22.84375 0.8235294117647058 0.2278433996443836
23.12499999975 22.03125 0.0 0.0
23.12499999975 22.09375 1.0 0.0016945641470684225
23.12499999975 22.15625 0.7692307692307693 0.16959061510866502
23.12499999975 22.21875 0.5714285714285714 0.03516795896237501
23.12499999975 22.28125 1.0 0.0
23.12499999975 22.34375 1.0 0.0
23.12499999975 22.40625 1.0 0.03516795896237501
23.12499999975 22.46875 1.0 0.13331528153435912
23.12499999975 22.53125 1.0 0.03516795896237501
23.12499999975 22.59375 0.3333333333333333 0.20066456848308728
23.12499999975 22.65625 0.6470588235294118 0.2278433996443836
23.12499999975 22.71875 1.0 0.3283008210347403
23.12499999975 22.78125 1.0 0.0
23.12499999975 22.84375 0.3865546218487395 0.650392419651512
23.160714285535715 22.09375 1.0 0.03516795896237501
23.160714285535715 22.15625 0.5 0.06416393245121843
23.160714285535715 22.34375 1.0 0.0
23.160714285535715 22.40625 0.9375 0.3651939281151996
