desi_data/desi_elg_ts_zenodo/sv1gfib-800coaddefftime1200-South-sv1-S-1.1z1.6-coii-zenodo.ecsv
# %ECSV 0.9
# ---
# datatype:
# - {name: GFIB, datatype: float64}
# - {name: COII, datatype: float64}
# - {name: EFFICIENCY_11Z16, datatype: float64}
# - {name: ALPHA, datatype: float64}
# schema: astropy-2.0
GFIB COII EFFICIENCY_11Z16 ALPHA
[from data line 856]
23.97142857337143 1.1999999999999993 0.3541114058355438 0.9869259268621051
23.97142857337143 1.375 0.24504084014002334 1.0
23.97142857337143 1.5499999999999998 0.18795888399412627 0.9648138098836107
23.97142857337143 1.7249999999999996 0.1570945945945946 0.934401107288678
23.97142857337143 1.8999999999999995 0.08061002178649238 0.8791465966958487
24.02857143062857 -2.825 0.0 0.0689365965063306
24.02857143062857 -2.65 1.0 0.0
24.02857143062857 -2.475 0.0 0.0
24.02857143062857 -2.125 0.0 0.0689365965063306
24.02857143062857 -1.9500000000000002 0.0 0.1503002452551805
24.02857143062857 -1.7750000000000001 0.0 0.025361508646880526
24.02857143062857 -1.6 0.0 0.04824025392721809
24.02857143062857 -1.425 0.0 0.08783087695103053
24.02857143062857 -1.25 0.0 0.0
24.02857143062857 -1.0750000000000002 0.23809523809523808 0.20934990129417774
24.02857143062857 -0.9000000000000004 0.0 0.2557269279126271
24.02857143062857 -0.7250000000000001 0.0 0.33813205223562315
24.02857143062857 -0.5500000000000003 0.025974025974025976 0.491485616513459
24.02857143062857 -0.375 0.07352941176470588 0.4644947102803363
24.02857143062857 -0.20000000000000018 0.12931034482758622 0.5804692485406774
24.02857143062857 -0.025000000000000355 0.20600858369098712 0.7319182144402276
24.02857143062857 0.1499999999999999 0.1625615763546798 0.7019882728838246
24.02857143062857 0.32499999999999973 0.21965317919075145 0.8177783033236063
24.02857143062857 0.5 0.41294642857142855 0.8738792609262901
24.02857143062857 0.6749999999999998 0.31992687385740404 0.9172339170939334
24.02857143062857 0.8499999999999996 0.4358600583090379 0.966402311780594
24.02857143062857 1.0249999999999995 0.33938706015891035 1.0
24.02857143062857 1.1999999999999993 0.29218573046432617 1.0
24.02857143062857 1.375 0.23617619493908154 1.0
24.02857143062857 1.5499999999999998 0.20077220077220076 0.9934507633276752
24.02857143062857 1.7249999999999996 0.16666666666666666 0.9394765660103612
24.02857143062857 1.8999999999999995 0.058823529411764705 0.8791465966958487
24.085714287885715 -3.0 0.0 0.0
24.085714287885715 -2.825 0.0 0.0
24.085714287885715 -2.65 0.0 0.0
24.085714287885715 -2.475 0.0 0.0
24.085714287885715 -2.3 0.0 0.0
24.085714287885715 -1.7750000000000001 0.0 0.0
24.085714287885715 -1.6 0.0 0.0
24.085714287885715 -1.425 0.2222222222222222 0.17587650647887115
24.085714287885715 -1.25 0.13043478260869565 0.22910417193601457
24.085714287885715 -1.0750000000000002 0.0 0.38886087261501173
24.085714287885715 -0.9000000000000004 0.17857142857142858 0.2718192695983277
24.085714287885715 -0.7250000000000001 0.13333333333333333 0.4373158791190399
24.085714287885715 -0.5500000000000003 0.0 0.33813205223562315
24.085714287885715 -0.375 0.02 0.5482402539272181
24.085714287885715 -0.20000000000000018 0.08441558441558442 0.6420006143454496
24.085714287885715 -0.025000000000000355 0.16722408026755853 0.786075848089433
24.085714287885715 0.1499999999999999 0.2623574144486692 0.758218128172097
24.085714287885715 0.32499999999999973 0.21174004192872117 0.887499443447275
24.085714287885715 0.5 0.298989898989899 0.8955428533940024
24.085714287885715 0.6749999999999998 0.34542586750788645 0.9492848828680844
24.085714287885715 0.8499999999999996 0.3436073059360731 1.0
24.085714287885715 1.0249999999999995 0.3818565400843882 1.0
24.085714287885715 1.1999999999999993 0.3182624113475177 1.0
24.085714287885715 1.375 0.19979402677651906 1.0
24.085714287885715 1.5499999999999998 0.2111111111111111 1.0
24.085714287885715 1.7249999999999996 0.15355805243445692 0.7614958846095057
24.085714287885715 1.8999999999999995 0.375 0.0
24.14285714514286 -2.475 0.0 0.0689365965063306
24.14285714514286 -2.3 0.0 0.0
24.14285714514286 -2.125 0.0 0.0
24.14285714514286 -1.9500000000000002 0.0 0.0
24.14285714514286 -1.7750000000000001 0.0 0.10521193008063645
24.14285714514286 -1.6 0.0 0.025361508646880526
24.14285714514286 -1.425 0.15151515151515152 0.30749722386616185
24.14285714514286 -1.25 0.05714285714285714 0.3202742761023559
24.14285714514286 -1.0750000000000002 0.043478260869565216 0.22910417193601457
24.14285714514286 -0.9000000000000004 0.0 0.17587650647887115
24.14285714514286 -0.7250000000000001 0.010526315789473684 0.537102056571642
24.14285714514286 -0.5500000000000003 0.03 0.5482402539272181
24.14285714514286 -0.375 0.10655737704918032 0.5914201692645922
24.14285714514286 -0.20000000000000018 0.06944444444444445 0.7154671295026835
24.14285714514286 -0.025000000000000355 0.1504424778761062 0.7252944735009186
24.14285714514286 0.1499999999999999 0.20454545454545456 0.7925156121774402
24.14285714514286 0.32499999999999973 0.16596638655462184 0.8870437302874647
24.14285714514286 0.5 0.2857142857142857 0.9083199056301965
24.14285714514286 0.6749999999999998 0.3650137741046832 0.9787085642772649
24.14285714514286 0.8499999999999996 0.3593350383631714 0.9948436304571421
24.14285714514286 1.0249999999999995 0.39126559714795006 1.0
24.14285714514286 1.1999999999999993 0.24330900243309003 1.0
24.14285714514286 1.375 0.09649122807017543 0.727207677427445
24.2000000024 -2.65 0.0 0.08783087695103053
24.2000000024 -2.475 0.0 0.0
24.2000000024 -2.3 0.0 0.0
24.2000000024 -2.125 0.0 0.2383458747830211
24.2000000024 -1.9500000000000002 0.0 0.17587650647887115
24.2000000024 -1.7750000000000001 0.0 0.1503002452551805
24.2000000024 -1.6 0.0 0.0
24.2000000024 -1.425 0.07317073170731707 0.3546321822870859
24.2000000024 -1.25 0.06896551724137931 0.27943925287669613
24.2000000024 -1.0750000000000002 0.0 0.36497448171701136
24.2000000024 -0.9000000000000004 0.0 0.2939211008443544
24.2000000024 -0.7250000000000001 0.06 0.3977252560952275
24.2000000024 -0.5500000000000003 0.0 0.4409051714326016
24.2000000024 -0.375 0.11029411764705882 0.6150097081123269
24.2000000024 -0.20000000000000018 0.13138686131386862 0.6166005375054215
24.2000000024 -0.025000000000000355 0.16194331983805668 0.744588730557051
24.2000000024 0.1499999999999999 0.1476923076923077 0.8041819344166553
24.2000000024 0.32499999999999973 0.14798206278026907 0.872907683283289
24.2000000024 0.5 0.30528052805280526 0.9394765660103612
24.2000000024 0.6749999999999998 0.2958083832335329 1.0
24.2000000024 0.8499999999999996 0.3404255319148936 0.9238798059188893
24.2000000024 1.0249999999999995 0.30833333333333335 0.5878308769510305
24.257142859657144 -3.0 0.0 0.0
24.257142859657144 -2.825 0.0 0.0
24.257142859657144 -2.65 0.0 0.0
24.257142859657144 -2.475 0.0 0.0
24.257142859657144 -2.3 0.0 0.0689365965063306
24.257142859657144 -2.125 0.16666666666666666 0.0
24.257142859657144 -1.9500000000000002 0.0 0.0
24.257142859657144 -1.7750000000000001 0.0 0.1362858834550587
24.257142859657144 -1.6 0.0 0.20934990129417774
24.257142859657144 -1.425 0.0 0.21945159433832118
24.257142859657144 -1.25 0.08928571428571429 0.4223342674303183
24.257142859657144 -1.0750000000000002 0.18518518518518517 0.41443713383870234
24.257142859657144 -0.9000000000000004 0.07352941176470588 0.4644947102803363
24.257142859657144 -0.7250000000000001 0.043478260869565216 0.37961916976800514
24.257142859657144 -0.5500000000000003 0.13095238095238096 0.5103798969581589
24.257142859657144 -0.375 0.08396946564885496 0.6068759017551002
24.257142859657144 -0.20000000000000018 0.14864864864864866 0.7214167411525374
24.257142859657144 -0.025000000000000355 0.1484375 0.7523602365831429
24.257142859657144 0.1499999999999999 0.1957894736842105 0.8865870587396514
24.257142859657144 0.32499999999999973 0.18089430894308944 0.8942228053108983
24.257142859657144 0.5 0.15714285714285714 0.7093499012941777
24.257142859657144 0.6749999999999998 0.0 0.08783087695103053
24.314285716914284 -3.0 0.0 0.0
24.314285716914284 -2.825 1.0 0.0
24.314285716914284 -2.65 0.0 0.0
24.314285716914284 -2.475 0.0 0.0
24.314285716914284 -2.3 0.18181818181818182 0.0689365965063306
24.314285716914284 -2.125 0.7058823529411765 0.1634647146163551
24.314285716914284 -1.9500000000000002 0.0 0.0689365965063306
24.314285716914284 -1.7750000000000001 0.0 0.1503002452551805
24.314285716914284 -1.6 0.0 0.3546321822870859
24.314285716914284 -1.425 0.0 0.10521193008063645
24.314285716914284 -1.25 0.2857142857142857 0.2718192695983277
24.314285716914284 -1.0750000000000002 0.16901408450704225 0.47386942828675577
24.314285716914284 -0.9000000000000004 0.1125 0.4997852474231899
24.314285716914284 -0.7250000000000001 0.19 0.5482402539272181
24.314285716914284 -0.5500000000000003 0.1111111111111111 0.6274214999748429
24.314285716914284 -0.375 0.06914893617021277 0.685319178559058
24.314285716914284 -0.20000000000000018 0.16666666666666666 0.7540501069088332
24.314285716914284 -0.025000000000000355 0.19534883720930232 0.7144594838850208
24.314285716914284 0.1499999999999999 0.025210084033613446 0.5860137346234835
24.37142857417143 -3.0 0.0 0.0
24.37142857417143 -2.65 1.0 0.0
24.37142857417143 -2.475 0.0 0.0
24.37142857417143 -2.3 0.0 0.0
24.37142857417143 -2.125 0.0 0.0
24.37142857417143 -1.9500000000000002 0.0 0.0689365965063306
24.37142857417143 -1.7750000000000001 0.0 0.0
24.37142857417143 -1.6 0.2222222222222222 0.17587650647887115
24.37142857417143 -1.425 0.0 0.47386942828675577
24.37142857417143 -1.25 0.03636363636363636 0.41842159867434003
24.37142857417143 -1.0750000000000002 0.0 0.46766479929584576
24.37142857417143 -0.9000000000000004 0.07920792079207921 0.5504009408185394
24.37142857417143 -0.7250000000000001 0.1391304347826087 0.5785891741040239
24.37142857417143 -0.5500000000000003 0.06569343065693431 0.6166005375054215
24.37142857417143 -0.375 0.0 0.5154894795490019
24.37142857417143 -0.20000000000000018 0.08571428571428572 0.3202742761023559
24.428571431428573 -3.0 0.0 0.025361508646880526
24.428571431428573 -2.825 0.0 0.1634647146163551
24.428571431428573 -2.65 0.0 0.0
24.428571431428573 -2.475 0.0 0.0
24.428571431428573 -2.3 0.0 0.0
24.428571431428573 -2.125 0.0625 0.1503002452551805
24.428571431428573 -1.9500000000000002 0.0 0.17587650647887115
24.428571431428573 -1.7750000000000001 0.16666666666666666 0.08783087695103053
24.428571431428573 -1.6 0.0975609756097561 0.3546321822870859
24.428571431428573 -1.425 0.0 0.20934990129417774
24.428571431428573 -1.25 0.06779661016949153 0.4336662597482902
24.428571431428573 -1.0750000000000002 0.02666666666666667 0.48577088562306814
24.428571431428573 -0.9000000000000004 0.058333333333333334 0.5878308769510305
24.428571431428573 -0.7250000000000001 0.0 0.38886087261501173
24.485714288685713 -2.825 0.043478260869565216 0.22910417193601457
24.485714288685713 -2.65 0.0 0.0
24.485714288685713 -2.475 0.0 0.1503002452551805
24.485714288685713 -2.3 0.0 0.1634647146163551
24.485714288685713 -2.125 0.0 0.18761705440363258
24.485714288685713 -1.9500000000000002 0.18518518518518517 0.26392213600671177
24.485714288685713 -1.7750000000000001 0.08333333333333333 0.08783087695103053
24.485714288685713 -1.6 0.07692307692307693 0.3437725574404677
24.485714288685713 -1.425 0.0 0.3977252560952275
24.485714288685713 -1.25 0.04878048780487805 0.3546321822870859
24.485714288685713 -1.0750000000000002 0.0 0.04824025392721809
24.542857145942857 -3.0 0.0 0.1503002452551805
24.542857145942857 -2.825 0.2222222222222222 0.025361508646880526
24.542857145942857 -2.65 0.0 0.0
24.542857145942857 -2.475 0.14285714285714285 0.12130427176633712
24.542857145942857 -2.3 0.12903225806451613 0.2939211008443544
24.542857145942857 -2.125 0.08333333333333333 0.2383458747830211
24.542857145942857 -1.9500000000000002 0.0 0.3008152430871711
24.542857145942857 -1.7750000000000001 0.0 0.36497448171701136
24.542857145942857 -1.6 0.0 0.2472102582632369
24.542857145942857 -1.425 0.0 0.0689365965063306
24.6000000032 -3.0 0.375 0.0
24.6000000032 -2.825 0.0 0.22910417193601457
24.6000000032 -2.65 0.0 0.1634647146163551
24.6000000032 -2.475 0.0 0.2472102582632369
24.6000000032 -2.3 0.0 0.22910417193601457
24.6000000032 -2.125 0.0 0.20934990129417774
24.6000000032 -1.9500000000000002 0.0 0.025361508646880526
24.657142860457142 -3.0 0.0 0.0
24.657142860457142 -2.825 0.0 0.1362858834550587
24.657142860457142 -2.65 0.0 0.26392213600671177
24.657142860457142 -2.475 0.0 0.19875525175920872
24.714285717714287 -3.0 0.08 0.2472102582632369
24.714285717714287 -2.825 0.0 0.12130427176633712
21.02857142462857 -0.6375000000000002 0.0 0.0
21.02857142462857 -0.2875000000000001 0.0 0.0
21.02857142462857 -0.11250000000000027 0.0 0.0
21.02857142462857 0.0625 0.0 0.0
21.02857142462857 0.23749999999999982 0.0 0.0
21.02857142462857 0.41249999999999964 0.46153846153846156 0.10521193008063645
21.02857142462857 0.5874999999999999 0.0 0.0
21.02857142462857 0.7624999999999997 0.0 0.025361508646880526
21.02857142462857 0.9374999999999996 0.0 0.0689365965063306
21.02857142462857 1.2874999999999996 0.0 0.0
21.085714281885714 -2.2125 0.0 0.0
21.085714281885714 -0.9875000000000003 0.0 0.08783087695103053
21.085714281885714 -0.2875000000000001 0.0 0.0
21.085714281885714 -0.11250000000000027 0.0 0.0
21.085714281885714 0.0625 0.0 0.0
21.085714281885714 0.23749999999999982 0.0 0.0
21.085714281885714 0.41249999999999964 0.0 0.0
21.085714281885714 0.5874999999999999 0.0 0.1362858834550587
21.085714281885714 0.7624999999999997 0.0 0.0
21.085714281885714 1.6374999999999993 0.0 0.0
21.14285713914286 -0.6375000000000002 0.0 0.0689365965063306
21.14285713914286 -0.46250000000000036 0.0 0.0
21.14285713914286 -0.11250000000000027 0.0 0.0
21.14285713914286 0.0625 0.0 0.0
21.14285713914286 0.23749999999999982 0.0 0.0
21.14285713914286 0.41249999999999964 0.0 0.0
21.14285713914286 0.5874999999999999 0.0 0.17587650647887115
21.14285713914286 0.7624999999999997 0.0 0.0
21.14285713914286 0.9374999999999996 0.0 0.0689365965063306
21.14285713914286 1.2874999999999996 0.0 0.0
21.1999999964 -0.11250000000000027 0.0 0.0
21.1999999964 0.23749999999999982 0.0 0.19875525175920872
21.1999999964 0.41249999999999964 0.0 0.0
21.1999999964 0.5874999999999999 0.0 0.0
21.1999999964 0.7624999999999997 0.0 0.0
21.1999999964 0.9374999999999996 0.0 0.0
21.1999999964 1.1124999999999998 0.0 0.0
21.257142853657143 -1.3375000000000001 0.0 0.0689365965063306
21.257142853657143 -0.9875000000000003 0.0 0.0
21.257142853657143 -0.8125 0.0 0.0
21.257142853657143 0.0625 0.0 0.17587650647887115
21.257142853657143 0.23749999999999982 0.0 0.17587650647887115
21.257142853657143 0.41249999999999964 0.0 0.0
21.257142853657143 0.5874999999999999 0.0 0.0
21.257142853657143 0.7624999999999997 0.0 0.0
21.257142853657143 1.1124999999999998 0.0 0.0
21.257142853657143 1.9874999999999998 0.0 0.0689365965063306
21.314285710914284 -0.46250000000000036 0.0 0.0
21.314285710914284 -0.2875000000000001 0.0 0.0
21.314285710914284 -0.11250000000000027 0.0 0.0
21.314285710914284 0.0625 0.0 0.1362858834550587
21.314285710914284 0.23749999999999982 0.0 0.2557269279126271
21.314285710914284 0.41249999999999964 0.0 0.0
21.314285710914284 0.5874999999999999 0.0 0.0
21.314285710914284 0.7624999999999997 0.0 0.0
21.314285710914284 0.9374999999999996 0.0 0.0
21.314285710914284 1.1124999999999998 0.0 0.0
21.314285710914284 1.2874999999999996 0.0 0.0
21.314285710914284 1.4624999999999995 0.0 0.0
21.314285710914284 1.8125 0.0 0.0
21.371428568171428 -2.7375 0.0 0.0
21.371428568171428 -1.1625 0.0 0.0
21.371428568171428 -0.2875000000000001 0.0 0.0
21.371428568171428 0.0625 0.0 0.0
21.371428568171428 0.23749999999999982 0.0 0.04824025392721809
21.371428568171428 0.41249999999999964 0.0 0.0
21.371428568171428 0.7624999999999997 0.0 0.0
21.371428568171428 0.9374999999999996 0.0 0.0
21.428571425428572 -1.5125000000000002 0.0 0.0
21.428571425428572 -0.6375000000000002 0.0 0.0
21.428571425428572 -0.2875000000000001 0.0 0.0
21.428571425428572 -0.11250000000000027 0.0 0.0
21.428571425428572 0.23749999999999982 0.0 0.1503002452551805
21.428571425428572 0.41249999999999964 0.0 0.17587650647887115
21.428571425428572 0.5874999999999999 0.0 0.0
21.428571425428572 0.7624999999999997 0.0 0.0
21.428571425428572 1.8125 0.0 0.0
21.485714282685713 -0.46250000000000036 0.0 0.1362858834550587
21.485714282685713 -0.2875000000000001 0.0 0.0
