desi_data/desi_elg_ts_zenodo/sv1gfib-800coaddefftime1200-South-sv1-S-1.1z1.6-grz-zenodo.ecsv
# %ECSV 0.9
# ---
# datatype:
# - {name: RZ, datatype: float64}
# - {name: GR, datatype: float64}
# - {name: EFFICIENCY_11Z16, datatype: float64}
# - {name: ALPHA, datatype: float64}
# schema: astropy-2.0
RZ GR EFFICIENCY_11Z16 ALPHA
[from data line 930]
-0.2364285728014286 -0.28125 0.0 0.0
-0.2364285728014286 -0.21875 0.0 0.04275681293386302
-0.2364285728014286 -0.15625 0.0 0.022060470354750505
-0.2364285728014286 -0.09375 0.0 0.29409449252988834
-0.2364285728014286 -0.03125 0.08163265306122448 0.3671585103690074
-0.2364285728014286 0.03125 0.0 0.38825735026623476
-0.2364285728014286 0.09375 0.015384615384615385 0.4285171486761783
-0.2364285728014286 0.15625 0.0 0.45959110205060055
-0.19214285842714296 -0.46875 0.42857142857142855 0.0
-0.19214285842714296 -0.40625 0.0 0.0
-0.19214285842714296 -0.28125 0.0 0.0
-0.19214285842714296 -0.21875 0.08333333333333333 0.06165109337856295
-0.19214285842714296 -0.15625 0.0 0.3002117207383942
-0.19214285842714296 -0.09375 0.0 0.1372849310438875
-0.19214285842714296 -0.03125 0.1 0.17257546818674113
-0.19214285842714296 0.03125 0.0 0.3922418151018725
-0.19214285842714296 0.09375 0.10784313725490197 0.5263605562357093
-0.19214285842714296 0.15625 0.011904761904761904 0.48420011338569136
-0.14785714405285721 -0.40625 0.0 0.0
-0.14785714405285721 -0.34375 0.0 0.0
-0.14785714405285721 -0.28125 0.0 0.16143727083116505
-0.14785714405285721 -0.21875 0.25 0.17257546818674113
-0.14785714405285721 -0.15625 0.0 0.14969672290640357
-0.14785714405285721 -0.09375 0.42857142857142855 0.09512448819386954
-0.14785714405285721 -0.03125 0.0 0.3758455584037187
-0.14785714405285721 0.03125 0.04819277108433735 0.4815995165427875
-0.14785714405285721 0.09375 0.08403361344537816 0.559833951051016
-0.14785714405285721 0.15625 0.09243697478991597 0.559833951051016
-0.10357142967857147 -0.46875 0.0 0.0
-0.10357142967857147 -0.34375 0.0 0.04275681293386302
-0.10357142967857147 -0.28125 0.0 0.11010609988259118
-0.10357142967857147 -0.21875 0.5 0.06165109337856295
-0.10357142967857147 -0.15625 0.0 0.0
-0.10357142967857147 -0.09375 0.0 0.2813174402936943
-0.10357142967857147 -0.03125 0.0196078431372549 0.3758455584037187
-0.10357142967857147 0.03125 0.1111111111111111 0.499181725074413
-0.10357142967857147 0.09375 0.035398230088495575 0.5485996920964604
-0.10357142967857147 0.15625 0.042105263157894736 0.5109222729991745
-0.10357142967857147 0.21875 0.0 0.0
-0.059285715304285835 -0.40625 0.0 0.0
-0.059285715304285835 -0.34375 0.0 0.0
-0.059285715304285835 -0.28125 0.0 0.09512448819386954
-0.059285715304285835 -0.21875 0.2777777777777778 0.14969672290640357
-0.059285715304285835 -0.15625 0.11428571428571428 0.29409449252988834
-0.059285715304285835 -0.09375 0.25 0.36268108904254415
-0.059285715304285835 -0.03125 0.045454545454545456 0.4318324381256849
-0.059285715304285835 0.03125 0.20253164556962025 0.47087401599997125
-0.059285715304285835 0.09375 0.1271186440677966 0.5580014740078132
-0.059285715304285835 0.15625 0.08629441624365482 0.669293583435547
-0.059285715304285835 0.21875 0.0 0.0
-0.01500000092999998 -0.40625 0.0 0.0
-0.01500000092999998 -0.34375 0.0 0.0
-0.01500000092999998 -0.21875 0.5714285714285714 0.0
-0.01500000092999998 -0.15625 0.0 0.022060470354750505
-0.01500000092999998 -0.09375 0.2558139534883721 0.33879469814454377
-0.01500000092999998 -0.03125 0.13924050632911392 0.47087401599997125
-0.01500000092999998 0.03125 0.17857142857142858 0.5951244881938695
-0.01500000092999998 0.09375 0.140625 0.5756654551786847
-0.01500000092999998 0.15625 0.0625 0.6448168042618254
0.029285713444285655 -0.46875 0.0 0.04275681293386302
0.029285713444285655 -0.34375 0.0 0.04275681293386302
0.029285713444285655 -0.28125 0.0 0.0
0.029285713444285655 -0.21875 0.08333333333333333 0.06165109337856295
0.029285713444285655 -0.15625 0.0 0.0
0.029285713444285655 -0.09375 0.15151515151515152 0.2813174402936943
0.029285713444285655 -0.03125 0.058823529411764705 0.48676993321189693
0.029285713444285655 0.03125 0.1836734693877551 0.517673508200998
0.029285713444285655 0.09375 0.09392265193370165 0.6508997577893427
0.029285713444285655 0.15625 0.045714285714285714 0.6435794946978978
0.029285713444285655 0.21875 0.0 0.0
0.07357142781857129 -0.40625 0.0 0.0
0.07357142781857129 -0.34375 0.2857142857142857 0.0
0.07357142781857129 -0.28125 0.15789473684210525 0.16143727083116505
0.07357142781857129 -0.21875 0.0 0.19327181076585365
0.07357142781857129 -0.15625 0.0 0.33879469814454377
0.07357142781857129 -0.09375 0.13513513513513514 0.30616133238824805
0.07357142781857129 -0.03125 0.2542372881355932 0.4074864761758226
0.07357142781857129 0.03125 0.18064516129032257 0.6172263194398963
0.07357142781857129 0.09375 0.09174311926605505 0.691288717157053
0.07357142781857129 0.15625 0.1324200913242009 0.6922825277748097
0.11785714219285714 -0.46875 0.42857142857142855 0.0
0.11785714219285714 -0.40625 0.0 0.06165109337856295
0.11785714219285714 -0.34375 1.0 0.0
0.11785714219285714 -0.28125 0.0 0.14969672290640357
0.11785714219285714 -0.21875 0.14285714285714285 0.09512448819386954
0.11785714219285714 -0.15625 0.11538461538461539 0.22954714434015955
0.11785714219285714 -0.09375 0.4782608695652174 0.20292438836354698
0.11785714219285714 -0.03125 0.06349206349206349 0.572245742913532
0.11785714219285714 0.03125 0.182648401826484 0.6922825277748097
0.11785714219285714 0.09375 0.23348017621145375 0.7000733989513119
0.11785714219285714 0.15625 0.11654135338345864 0.734501288670284
0.16214285656714278 -0.40625 0.0 0.0
0.16214285656714278 -0.34375 0.0 0.022060470354750505
0.16214285656714278 -0.28125 0.0 0.0
0.16214285656714278 -0.21875 0.0 0.14969672290640357
0.16214285656714278 -0.15625 0.3829787234042553 0.3581093993226093
0.16214285656714278 -0.09375 0.10714285714285714 0.39615448385785074
0.16214285656714278 -0.03125 0.2698412698412698 0.572245742913532
0.16214285656714278 0.03125 0.19161676646706588 0.6334187059285422
0.16214285656714278 0.09375 0.03684210526315789 0.661437270831165
0.16214285656714278 0.15625 0.1407942238267148 0.7433003548869748
0.16214285656714278 0.21875 0.0 0.0
0.20642857094142864 -0.40625 0.0 0.0
0.20642857094142864 -0.28125 0.0 0.0
0.20642857094142864 -0.21875 0.7 0.022060470354750505
0.20642857094142864 -0.15625 0.43661971830985913 0.4476896447142882
0.20642857094142864 -0.09375 0.1566265060240964 0.4815995165427875
0.20642857094142864 -0.03125 0.2578125 0.5756654551786847
0.20642857094142864 0.03125 0.25120772946859904 0.6800456430832094
0.20642857094142864 0.09375 0.17153284671532848 0.7409357517649445
0.20642857094142864 0.15625 0.15822784810126583 0.7719040116639524
0.20642857094142864 0.21875 0.4 0.022060470354750505
0.25071428531571427 -0.40625 0.75 0.0
0.25071428531571427 -0.34375 0.0 0.0
0.25071428531571427 -0.28125 0.0 0.07903214650816892
0.25071428531571427 -0.21875 0.2222222222222222 0.14969672290640357
0.25071428531571427 -0.15625 0.4 0.26062109771458175
0.25071428531571427 -0.09375 0.12 0.37154547252275993
0.25071428531571427 -0.03125 0.22929936305732485 0.6200102965593673
0.25071428531571427 0.03125 0.3177570093457944 0.6872673570293459
0.25071428531571427 0.09375 0.36585365853658536 0.6779374008826277
0.25071428531571427 0.15625 0.2887323943661972 0.7487196403782694
0.25071428531571427 0.21875 0.22108843537414966 0.7562341355608292
0.2949999996899999 -0.46875 0.0 0.1372849310438875
0.2949999996899999 -0.40625 0.0 0.09512448819386954
0.2949999996899999 -0.28125 0.0 0.0
0.2949999996899999 -0.21875 0.2 0.37154547252275993
0.2949999996899999 -0.15625 0.3684210526315789 0.3119522686631556
0.2949999996899999 -0.09375 0.2692307692307692 0.3800621421721501
0.2949999996899999 -0.03125 0.26993865030674846 0.6281542725567294
0.2949999996899999 0.03125 0.38190954773869346 0.6714870085596039
0.2949999996899999 0.09375 0.22635135135135134 0.7577063258842198
0.2949999996899999 0.15625 0.27586206896551724 0.7048044628002004
0.2949999996899999 0.21875 0.29133858267716534 0.8125229581925602
0.2949999996899999 0.28125 0.12686567164179105 0.7361278673691449
0.33928571406428576 -0.40625 0.0 0.0
0.33928571406428576 -0.34375 0.0 0.0
0.33928571406428576 -0.28125 0.8888888888888888 0.0
0.33928571406428576 -0.21875 0.0 0.22954714434015955
0.33928571406428576 -0.15625 0.21311475409836064 0.414725387860134
0.33928571406428576 -0.09375 0.4166666666666667 0.45072671857038477
0.33928571406428576 -0.03125 0.504950495049505 0.5242211572460719
0.33928571406428576 0.03125 0.2575107296137339 0.70573843086776
0.33928571406428576 0.09375 0.31086142322097376 0.7353161010370382
0.33928571406428576 0.15625 0.3719298245614035 0.7494829003590057
0.33928571406428576 0.21875 0.21212121212121213 0.7038664603008227
0.33928571406428576 0.28125 0.16666666666666666 0.7606210977145818
0.33928571406428576 0.34375 0.07608695652173914 0.6544693818595188
0.3835714284385714 -0.46875 0.0 0.0
0.3835714284385714 -0.34375 0.0 0.1241204616827129
0.3835714284385714 -0.28125 0.0 0.0
0.3835714284385714 -0.21875 0.4 0.22103047469076936
0.3835714284385714 -0.15625 0.3684210526315789 0.39999789819099624
0.3835714284385714 -0.09375 0.2619047619047619 0.48420011338569136
0.3835714284385714 -0.03125 0.27692307692307694 0.5790321465081689
0.3835714284385714 0.03125 0.308411214953271 0.6872673570293459
0.3835714284385714 0.09375 0.46178343949044587 0.770525294391358
0.3835714284385714 0.15625 0.23481781376518218 0.7184089469845834
0.3835714284385714 0.21875 0.3047337278106509 0.7865188204935779
0.3835714284385714 0.28125 0.270042194092827 0.7094346433598024
0.3835714284385714 0.34375 0.17866666666666667 0.8090761042186099
0.3835714284385714 0.40625 0.043859649122807015 0.5505128960229868
0.427857142812857 -0.46875 1.0 0.0
0.427857142812857 -0.40625 0.6666666666666666 0.0
0.427857142812857 -0.34375 0.375 0.0
0.427857142812857 -0.28125 0.07142857142857142 0.09512448819386954
0.427857142812857 -0.21875 0.27586206896551724 0.40377446713621923
0.427857142812857 -0.15625 0.36538461538461536 0.3800621421721501
0.427857142812857 -0.09375 0.4392523364485981 0.5367523591973554
0.427857142812857 -0.03125 0.4407894736842105 0.6129822643271368
0.427857142812857 0.03125 0.3969465648854962 0.7312111160146233
0.427857142812857 0.09375 0.3872053872053872 0.7584386950133567
0.427857142812857 0.15625 0.2857142857142857 0.7510014187217466
0.427857142812857 0.21875 0.3674698795180723 0.7826295122067687
0.427857142812857 0.28125 0.310580204778157 0.7554942805318052
0.427857142812857 0.34375 0.07973421926910298 0.7613437181516722
0.427857142812857 0.40625 0.09269662921348315 0.7977854693411881
0.427857142812857 0.46875 0.0 0.2677413172718869
0.4721428571871429 -0.46875 0.10526315789473684 0.16143727083116505
0.4721428571871429 -0.34375 0.0 0.07903214650816892
0.4721428571871429 -0.28125 0.0 0.20292438836354698
0.4721428571871429 -0.21875 0.5806451612903226 0.2677413172718869
0.4721428571871429 -0.15625 0.38636363636363635 0.3437868085978443
0.4721428571871429 -0.09375 0.4588235294117647 0.48676993321189693
0.4721428571871429 -0.03125 0.46825396825396826 0.572245742913532
0.4721428571871429 0.03125 0.3425414364640884 0.6508997577893427
0.4721428571871429 0.09375 0.4383561643835616 0.7547518960789596
0.4721428571871429 0.15625 0.4485049833887043 0.7613437181516722
0.4721428571871429 0.21875 0.47330960854092524 0.7464136303072905
0.4721428571871429 0.28125 0.3612040133779264 0.7598960645169655
0.4721428571871429 0.34375 0.22879177377892032 0.8170352710176044
0.4721428571871429 0.40625 0.13782051282051283 0.7691377673639719
0.4721428571871429 0.46875 0.10933333333333334 0.8090761042186099
0.5164285715614285 -0.46875 0.25 0.0
0.5164285715614285 -0.40625 1.0 0.0
0.5164285715614285 -0.34375 0.0 0.18317011772171016
0.5164285715614285 -0.28125 0.2727272727272727 0.04275681293386302
0.5164285715614285 -0.21875 0.22727272727272727 0.19327181076585365
0.5164285715614285 -0.15625 0.14705882352941177 0.28779992887587813
0.5164285715614285 -0.09375 0.27906976744186046 0.4893096959765344
0.5164285715614285 -0.03125 0.46153846153846156 0.6186227695319814
0.5164285715614285 0.03125 0.30049261083743845 0.675808489311357
0.5164285715614285 0.09375 0.5048231511254019 0.7684406648681693
0.5164285715614285 0.15625 0.49025069637883006 0.7996076946439101
0.5164285715614285 0.21875 0.3696369636963696 0.7627817846059031
0.5164285715614285 0.28125 0.30303030303030304 0.8020137828728068
0.5164285715614285 0.34375 0.1282051282051282 0.7691377673639719
0.5164285715614285 0.40625 0.18208092485549132 0.7915985197511388
0.5164285715614285 0.46875 0.06188925081433225 0.7656296580933437
0.5164285715614285 0.53125 0.049773755656108594 0.6942566071973059
0.5607142859357144 -0.46875 0.0 0.0
0.5607142859357144 -0.34375 0.0 0.22954714434015955
0.5607142859357144 -0.28125 1.0 0.04275681293386302
0.5607142859357144 -0.21875 0.27586206896551724 0.2532594693042286
0.5607142859357144 -0.15625 0.2549019607843137 0.3758455584037187
0.5607142859357144 -0.09375 0.39215686274509803 0.6144061857635499
0.5607142859357144 -0.03125 0.32407407407407407 0.5387723480982254
0.5607142859357144 0.03125 0.37681159420289856 0.6800456430832094
0.5607142859357144 0.09375 0.45427728613569324 0.7871603194562916
0.5607142859357144 0.15625 0.5395894428152492 0.7884376598509995
0.5607142859357144 0.21875 0.4251497005988024 0.7839337037605327
0.5607142859357144 0.28125 0.30030959752321984 0.7766617315203019
0.5607142859357144 0.34375 0.17252396166134185 0.7698326391279748
0.5607142859357144 0.40625 0.1388101983002833 0.7959478230486619
0.5607142859357144 0.46875 0.060109289617486336 0.8038010130519558
0.5607142859357144 0.53125 0.009202453987730062 0.77866927038872
0.5607142859357144 0.59375 0.0 0.6882797003125531
0.60500000031 -0.46875 1.0 0.0
0.60500000031 -0.40625 0.0 0.0
0.60500000031 -0.34375 0.0 0.0
0.60500000031 -0.28125 0.19444444444444445 0.3002117207383942
0.60500000031 -0.21875 0.0 0.19327181076585365
0.60500000031 -0.15625 0.43478260869565216 0.3534393861955376
0.60500000031 -0.09375 0.44871794871794873 0.46810777169999074
0.60500000031 -0.03125 0.42990654205607476 0.5367523591973554
0.60500000031 0.03125 0.5064102564102564 0.6186227695319814
0.60500000031 0.09375 0.46638655462184875 0.7103489488830066
0.60500000031 0.15625 0.5047318611987381 0.7725901014636263
0.60500000031 0.21875 0.3592814371257485 0.7839337037605327
0.60500000031 0.28125 0.4090909090909091 0.795331802093816
0.60500000031 0.34375 0.11552346570397112 0.7433003548869748
0.60500000031 0.40625 0.1601123595505618 0.7977854693411881
0.60500000031 0.46875 0.053003533568904596 0.7479536881168957
0.60500000031 0.53125 0.017676767676767676 0.8209080633175068
0.60500000031 0.59375 0.021052631578947368 0.8119522686631556
0.60500000031 0.65625 0.0 0.5705154768587788
0.6492857146842856 -0.46875 0.15 0.17257546818674113
0.6492857146842856 -0.40625 0.0 0.0
0.6492857146842856 -0.34375 0.25 0.0
0.6492857146842856 -0.28125 0.625 0.27463545951470353
0.6492857146842856 -0.21875 0.25 0.27463545951470353
0.6492857146842856 -0.15625 0.16666666666666666 0.36268108904254415
0.6492857146842856 -0.09375 0.37857142857142856 0.5951244881938695
0.6492857146842856 -0.03125 0.4857142857142857 0.5951244881938695
0.6492857146842856 0.03125 0.484375 0.5756654551786847
0.6492857146842856 0.09375 0.4793814432989691 0.6659613353198636
0.6492857146842856 0.15625 0.3964285714285714 0.7456394860258602
0.6492857146842856 0.21875 0.42857142857142855 0.7663358286049726
0.6492857146842856 0.28125 0.38992042440318303 0.810231145457647
0.6492857146842856 0.34375 0.2939189189189189 0.7577063258842198
0.6492857146842856 0.40625 0.21265822784810126 0.8203590181679807
0.6492857146842856 0.46875 0.10903426791277258 0.7753129865571866
0.6492857146842856 0.53125 0.07920792079207921 0.7627817846059031
0.6492857146842856 0.59375 0.043209876543209874 0.7773329754580567
0.6492857146842856 0.65625 0.047337278106508875 0.7865188204935779
0.6492857146842856 0.71875 0.0 0.3581093993226093
0.6935714290585715 -0.46875 0.0 0.0
0.6935714290585715 -0.40625 1.0 0.0
0.6935714290585715 -0.34375 1.0 0.0
0.6935714290585715 -0.28125 0.0 0.0
0.6935714290585715 -0.21875 0.7 0.17257546818674113
0.6935714290585715 -0.15625 0.05405405405405406 0.30616133238824805
0.6935714290585715 -0.09375 0.2571428571428571 0.29409449252988834
