desi_data/desi_elg_ts_zenodo/sv1gfib-800coaddefftime1200-South-sv1-S-0.6z1.6-grz-zenodo.ecsv
# %ECSV 0.9
# ---
# datatype:
# - {name: RZ, datatype: float64}
# - {name: GR, datatype: float64}
# - {name: EFFICIENCY_06Z16, datatype: float64}
# - {name: ALPHA, datatype: float64}
# schema: astropy-2.0
RZ GR EFFICIENCY_06Z16 ALPHA
[from data line 596]
0.9814285724914285 -0.125 0.35714285714285715 0.2456394860258601
0.9814285724914285 -0.0625 1.0 0.37154547252275993
0.9814285724914285 0.0 0.8679245283018868 0.38419840515514503
0.9814285724914285 0.0625 0.8873239436619719 0.4476896447142882
0.9814285724914285 0.125 0.946236559139785 0.5063019446317181
0.9814285724914285 0.1875 0.8235294117647058 0.48676993321189693
0.9814285724914285 0.25 0.9176470588235294 0.48676993321189693
0.9814285724914285 0.3125 0.96875 0.5756654551786847
0.9814285724914285 0.375 0.9901477832512315 0.675808489311357
0.9814285724914285 0.4375 0.9609120521172638 0.7656296580933437
0.9814285724914285 0.5 0.9204545454545454 0.6448168042618254
0.9814285724914285 0.5625 0.9305555555555556 0.751756714234366
0.9814285724914285 0.625 0.9392265193370166 0.6508997577893427
0.9814285724914285 0.6875 0.9391891891891891 0.6071913280522292
0.9814285724914285 0.75 0.9488636363636364 0.6448168042618254
0.9814285724914285 0.8125 0.8804347826086957 0.5039543840275281
1.0257142868657143 -0.375 1.0 0.0
1.0257142868657143 -0.25 1.0 0.022060470354750505
1.0257142868657143 -0.1875 0.8 0.22103047469076936
1.0257142868657143 -0.125 0.8611111111111112 0.3002117207383942
1.0257142868657143 -0.0625 0.8 0.26062109771458175
1.0257142868657143 0.0 0.851063829787234 0.3581093993226093
1.0257142868657143 0.0625 1.0 0.3534393861955376
1.0257142868657143 0.125 0.9108910891089109 0.5242211572460719
1.0257142868657143 0.1875 0.9512195121951219 0.4789673965466089
1.0257142868657143 0.25 1.0 0.46810777169999074
1.0257142868657143 0.3125 0.9585798816568047 0.6360038226615873
1.0257142868657143 0.375 0.9714285714285714 0.6435794946978978
1.0257142868657143 0.4375 0.9119496855345912 0.6227590325149763
1.0257142868657143 0.5 0.9078014184397163 0.5966700266824405
1.0257142868657143 0.5625 0.902127659574468 0.7075944014906187
1.0257142868657143 0.625 0.8848167539267016 0.6625771539786143
1.0257142868657143 0.6875 0.9155844155844156 0.6158208307729821
1.0257142868657143 0.75 0.7721518987341772 0.47087401599997125
1.0700000012400002 -0.4375 1.0 0.0
1.0700000012400002 -0.375 1.0 0.0
1.0700000012400002 -0.3125 0.8666666666666667 0.11010609988259118
1.0700000012400002 -0.25 1.0 0.0
1.0700000012400002 -0.1875 1.0 0.0
1.0700000012400002 -0.125 0.9090909090909091 0.19327181076585365
1.0700000012400002 -0.0625 0.9090909090909091 0.2813174402936943
1.0700000012400002 0.0 1.0 0.3002117207383942
1.0700000012400002 0.0625 0.9047619047619048 0.3336851155537008
1.0700000012400002 0.125 0.9777777777777777 0.3486667272424224
1.0700000012400002 0.1875 0.9423076923076923 0.5305771400041407
1.0700000012400002 0.25 0.9722222222222222 0.5387723480982254
1.0700000012400002 0.3125 0.9794520547945206 0.6042368982469691
1.0700000012400002 0.375 0.9390243902439024 0.4789673965466089
1.0700000012400002 0.4375 0.9407407407407408 0.5872273546022536
1.0700000012400002 0.5 0.924812030075188 0.5839862908382935
1.0700000012400002 0.5625 0.9166666666666666 0.5387723480982254
1.0700000012400002 0.625 0.948051948051948 0.6158208307729821
1.0700000012400002 0.6875 0.9333333333333333 0.5872273546022536
1.1142857156142856 -0.5 1.0 0.0
1.1142857156142856 -0.4375 0.6 0.0
1.1142857156142856 -0.375 0.3333333333333333 0.0
1.1142857156142856 -0.25 1.0 0.022060470354750505
1.1142857156142856 -0.1875 0.8333333333333334 0.06165109337856295
1.1142857156142856 -0.125 1.0 0.0
1.1142857156142856 -0.0625 0.9 0.26062109771458175
1.1142857156142856 0.0 0.8181818181818182 0.19327181076585365
1.1142857156142856 0.0625 0.9210526315789473 0.3119522686631556
1.1142857156142856 0.125 0.8275862068965517 0.40377446713621923
1.1142857156142856 0.1875 0.9824561403508771 0.39999789819099624
1.1142857156142856 0.25 0.98 0.37154547252275993
1.1142857156142856 0.3125 0.9719626168224299 0.5367523591973554
1.1142857156142856 0.375 0.96875 0.4251504573466941
1.1142857156142856 0.4375 0.9420289855072463 0.44148501572337817
1.1142857156142856 0.5 0.9304347826086956 0.5524093905315564
1.1142857156142856 0.5625 0.8527131782945736 0.5773553255043751
1.1142857156142856 0.625 0.8206896551724138 0.602744471472238
1.1142857156142856 0.6875 1.0 0.07903214650816892
1.1585714299885714 -0.375 1.0 0.0
1.1585714299885714 -0.3125 0.5714285714285714 0.0
1.1585714299885714 -0.1875 0.9545454545454546 0.19327181076585365
1.1585714299885714 -0.125 1.0 0.0
1.1585714299885714 -0.0625 0.3333333333333333 0.0
1.1585714299885714 0.0 1.0 0.30616133238824805
1.1585714299885714 0.0625 0.5909090909090909 0.19327181076585365
1.1585714299885714 0.125 1.0 0.21216609121055352
1.1585714299885714 0.1875 0.9444444444444444 0.3002117207383942
1.1585714299885714 0.25 0.8852459016393442 0.414725387860134
1.1585714299885714 0.3125 1.0 0.43509787170516373
1.1585714299885714 0.375 0.9620253164556962 0.47087401599997125
1.1585714299885714 0.4375 0.967741935483871 0.4182563151038775
1.1585714299885714 0.5 0.864406779661017 0.4074864761758226
1.1585714299885714 0.5625 0.872093023255814 0.4893096959765344
1.1585714299885714 0.625 0.6428571428571429 0.09512448819386954
1.2028571443628573 -0.375 0.8 0.0
1.2028571443628573 -0.3125 1.0 0.0
1.2028571443628573 -0.25 0.8 0.022060470354750505
1.2028571443628573 -0.1875 1.0 0.0
1.2028571443628573 -0.125 1.0 0.0
1.2028571443628573 -0.0625 1.0 0.1241204616827129
1.2028571443628573 0.0 0.8461538461538461 0.07903214650816892
1.2028571443628573 0.0625 1.0 0.07903214650816892
1.2028571443628573 0.125 1.0 0.06165109337856295
1.2028571443628573 0.1875 0.9047619047619048 0.18317011772171016
1.2028571443628573 0.25 0.8947368421052632 0.3119522686631556
1.2028571443628573 0.3125 1.0 0.3119522686631556
1.2028571443628573 0.375 0.7446808510638298 0.3581093993226093
1.2028571443628573 0.4375 0.9298245614035088 0.39999789819099624
1.2028571443628573 0.5 1.0 0.3437868085978443
1.2028571443628573 0.5625 0.8947368421052632 0.3119522686631556
1.2471428587371427 -0.375 1.0 0.0
1.2471428587371427 -0.25 1.0 0.0
1.2471428587371427 -0.1875 1.0 0.0
1.2471428587371427 -0.125 0.15384615384615385 0.07903214650816892
1.2471428587371427 -0.0625 1.0 0.0
1.2471428587371427 0.0 1.0 0.0
1.2471428587371427 0.0625 1.0 0.0
1.2471428587371427 0.125 0.875 0.21216609121055352
1.2471428587371427 0.1875 0.85 0.17257546818674113
1.2471428587371427 0.25 0.6363636363636364 0.04275681293386302
1.2471428587371427 0.3125 0.75 0.0
1.2471428587371427 0.375 0.6129032258064516 0.2677413172718869
1.2471428587371427 0.4375 0.9411764705882353 0.28779992887587813
1.2471428587371427 0.5 0.7916666666666666 0.36268108904254415
1.2914285731114286 -0.5 1.0 0.0
1.2914285731114286 -0.3125 1.0 0.0
1.2914285731114286 -0.25 1.0 0.0
1.2914285731114286 -0.1875 0.8 0.0
1.2914285731114286 -0.125 1.0 0.0
1.2914285731114286 0.0 1.0 0.0
1.2914285731114286 0.125 0.6470588235294118 0.1372849310438875
1.2914285731114286 0.1875 0.5714285714285714 0.0
1.2914285731114286 0.25 0.4444444444444444 0.0
1.2914285731114286 0.3125 0.8181818181818182 0.04275681293386302
1.2914285731114286 0.375 0.875 0.1241204616827129
1.2914285731114286 0.4375 0.6 0.022060470354750505
1.3357142874857144 -0.4375 0.75 0.0
1.3357142874857144 -0.3125 0.0 0.0
1.3357142874857144 -0.25 0.0 0.0
1.3357142874857144 -0.1875 0.8125 0.1241204616827129
1.3357142874857144 -0.0625 1.0 0.0
1.3357142874857144 0.0 0.5 0.0
1.3357142874857144 0.125 0.6 0.0
1.3357142874857144 0.1875 1.0 0.04275681293386302
1.3357142874857144 0.25 1.0 0.16143727083116505
1.3357142874857144 0.3125 1.0 0.0
1.3357142874857144 0.375 1.0 0.0
1.3800000018599998 -0.5 0.0 0.0
1.3800000018599998 -0.3125 1.0 0.0
1.3800000018599998 -0.125 1.0 0.0
1.3800000018599998 -0.0625 0.9375 0.1241204616827129
1.3800000018599998 0.0 1.0 0.0
1.3800000018599998 0.0625 0.09090909090909091 0.04275681293386302
1.3800000018599998 0.25 1.0 0.0
1.3800000018599998 0.3125 1.0 0.0
1.4242857162342857 -0.4375 0.5 0.0
1.4242857162342857 -0.1875 1.0 0.0
1.4242857162342857 -0.125 1.0 0.0
1.4242857162342857 0.125 0.0 0.0
1.4685714306085715 -0.375 1.0 0.0
1.4685714306085715 -0.25 1.0 0.0
1.4685714306085715 -0.1875 1.0 0.0
1.4685714306085715 -0.125 0.0 0.0
1.4685714306085715 -0.0625 1.0 0.0
1.4685714306085715 0.125 1.0 0.0
1.5128571449828574 -0.5 1.0 0.0
1.5128571449828574 -0.1875 1.0 0.0
1.5128571449828574 0.0625 1.0 0.0
1.5571428593571428 -0.375 1.0 0.0
1.6014285737314287 -0.3125 1.0 0.0
1.6457142881057145 -0.4375 1.0 0.0
1.7342857168542858 -0.5 1.0 0.0
1.7785714312285716 -0.375 1.0 0.0
2.0000000031000003 -0.4375 0.0 0.0
-1.0778571459128572 -0.21875 0.0 0.0
-1.0778571459128572 -0.15625 0.0 0.0
-1.0778571459128572 -0.09375 0.0 0.21216609121055352
-1.0778571459128572 -0.03125 0.0 0.0
-1.0778571459128572 0.03125 0.0 0.0
-1.0778571459128572 0.09375 0.0 0.0
-1.0778571459128572 0.15625 0.0 0.0
-1.0335714315385716 -0.46875 0.0 0.0
-1.0335714315385716 -0.15625 0.0 0.0
-1.0335714315385716 -0.09375 0.0 0.0
-1.0335714315385716 -0.03125 0.0 0.0
-1.0335714315385716 0.03125 0.0 0.06165109337856295
-1.0335714315385716 0.09375 0.0 0.0
-1.0335714315385716 0.15625 0.0 0.0
-0.9892857171642858 -0.46875 0.0 0.0
-0.9892857171642858 -0.34375 0.0 0.0
-0.9892857171642858 -0.21875 1.0 0.0
-0.9892857171642858 -0.15625 0.0 0.0
-0.9892857171642858 -0.09375 0.0 0.0
-0.9892857171642858 -0.03125 0.0 0.11010609988259118
-0.9892857171642858 0.03125 0.0 0.0
-0.9892857171642858 0.09375 0.037037037037037035 0.2377423524342442
-0.9892857171642858 0.15625 0.0 0.11010609988259118
-0.9450000027900001 -0.28125 0.0 0.022060470354750505
-0.9450000027900001 -0.21875 0.0 0.0
-0.9450000027900001 -0.15625 0.0 0.0
-0.9450000027900001 -0.09375 0.26666666666666666 0.11010609988259118
-0.9450000027900001 0.03125 0.0 0.0
-0.9450000027900001 0.09375 0.0 0.0
-0.9450000027900001 0.15625 0.0 0.0
-0.9007142884157144 -0.46875 0.0 0.0
-0.9007142884157144 -0.21875 0.0 0.0
-0.9007142884157144 -0.09375 0.0 0.0
-0.9007142884157144 -0.03125 0.0 0.04275681293386302
-0.9007142884157144 0.03125 0.0 0.0
-0.9007142884157144 0.09375 0.0 0.0
-0.9007142884157144 0.15625 0.0 0.0
-0.8564285740414287 -0.15625 0.0 0.09512448819386954
-0.8564285740414287 -0.09375 0.0 0.0
-0.8564285740414287 0.03125 0.0 0.0
-0.8564285740414287 0.09375 0.0 0.07903214650816892
-0.8564285740414287 0.15625 0.0 0.0
-0.812142859667143 -0.46875 0.0 0.0
-0.812142859667143 -0.21875 0.0 0.11010609988259118
-0.812142859667143 -0.15625 0.0 0.0
-0.812142859667143 -0.09375 0.0 0.0
-0.812142859667143 -0.03125 0.0 0.0
-0.812142859667143 0.03125 0.0 0.04275681293386302
-0.812142859667143 0.09375 0.0 0.0
-0.7678571452928573 -0.40625 0.0 0.0
-0.7678571452928573 -0.34375 0.0 0.0
-0.7678571452928573 -0.28125 0.0 0.18317011772171016
-0.7678571452928573 -0.15625 0.0 0.0
-0.7678571452928573 -0.09375 0.0 0.0
-0.7678571452928573 -0.03125 0.0 0.06165109337856295
-0.7678571452928573 0.03125 0.0 0.09512448819386954
-0.7678571452928573 0.09375 0.0 0.0
-0.7678571452928573 0.15625 0.0 0.06165109337856295
-0.7235714309185715 -0.40625 0.0 0.11010609988259118
-0.7235714309185715 -0.34375 0.0 0.0
-0.7235714309185715 -0.28125 0.0 0.0
-0.7235714309185715 -0.21875 0.0 0.0
-0.7235714309185715 -0.09375 0.0 0.0
-0.7235714309185715 -0.03125 0.0 0.09512448819386954
-0.7235714309185715 0.03125 0.0 0.0
-0.7235714309185715 0.09375 0.0 0.3486667272424224
-0.7235714309185715 0.15625 0.0 0.09512448819386954
-0.6792857165442858 -0.46875 0.0 0.0
-0.6792857165442858 -0.40625 0.0 0.0
-0.6792857165442858 -0.28125 0.0 0.04275681293386302
-0.6792857165442858 -0.21875 0.0 0.0
-0.6792857165442858 -0.15625 0.0 0.04275681293386302
-0.6792857165442858 -0.09375 0.0 0.22954714434015955
-0.6792857165442858 -0.03125 0.21428571428571427 0.09512448819386954
-0.6792857165442858 0.03125 0.0 0.022060470354750505
-0.6792857165442858 0.09375 0.07692307692307693 0.07903214650816892
-0.6792857165442858 0.15625 0.07692307692307693 0.22954714434015955
-0.6350000021700001 -0.46875 0.0 0.0
-0.6350000021700001 -0.40625 0.0 0.0
-0.6350000021700001 -0.34375 0.0 0.09512448819386954
-0.6350000021700001 -0.28125 0.0 0.022060470354750505
-0.6350000021700001 -0.21875 0.0 0.0
-0.6350000021700001 -0.15625 0.0 0.0
-0.6350000021700001 -0.09375 0.0 0.07903214650816892
-0.6350000021700001 -0.03125 0.0 0.26062109771458175
-0.6350000021700001 0.03125 0.0 0.06165109337856295
-0.6350000021700001 0.09375 0.0 0.20292438836354698
-0.6350000021700001 0.15625 0.0 0.20292438836354698
-0.5907142877957143 -0.34375 0.0 0.27463545951470353
-0.5907142877957143 -0.28125 0.3333333333333333 0.0
-0.5907142877957143 -0.21875 0.0 0.16143727083116505
-0.5907142877957143 -0.15625 0.0 0.0
-0.5907142877957143 -0.09375 0.0 0.0
-0.5907142877957143 -0.03125 0.0 0.0
-0.5907142877957143 0.03125 0.0 0.0
-0.5907142877957143 0.09375 0.0 0.1372849310438875
-0.5907142877957143 0.15625 0.0 0.14969672290640357
-0.5464285734214287 -0.40625 0.0 0.0
-0.5464285734214287 -0.28125 0.14285714285714285 0.0
-0.5464285734214287 -0.21875 0.0 0.0
-0.5464285734214287 -0.09375 0.35714285714285715 0.09512448819386954
-0.5464285734214287 -0.03125 0.17647058823529413 0.1372849310438875
-0.5464285734214287 0.03125 0.0 0.21216609121055352
-0.5464285734214287 0.09375 0.0 0.0
-0.5464285734214287 0.15625 0.2777777777777778 0.14969672290640357
-0.502142859047143 -0.46875 0.0 0.0
-0.502142859047143 -0.34375 0.0 0.0
-0.502142859047143 -0.28125 0.0 0.0
-0.502142859047143 -0.21875 0.0 0.0
-0.502142859047143 -0.15625 0.0 0.0
-0.502142859047143 -0.09375 0.0 0.0
-0.502142859047143 -0.03125 0.0 0.0
-0.502142859047143 0.03125 0.0 0.22103047469076936
-0.502142859047143 0.09375 0.0 0.2677413172718869
-0.502142859047143 0.15625 0.0 0.21216609121055352
-0.4578571446728572 -0.40625 0.0 0.04275681293386302
-0.4578571446728572 -0.34375 0.0 0.0
-0.4578571446728572 -0.28125 0.2857142857142857 0.18317011772171016
-0.4578571446728572 -0.21875 0.0 0.0
-0.4578571446728572 -0.15625 0.0 0.2377423524342442
-0.4578571446728572 -0.09375 0.3076923076923077 0.07903214650816892
-0.4578571446728572 -0.03125 0.14285714285714285 0.18317011772171016
-0.4578571446728572 0.03125 0.0 0.20292438836354698
-0.4578571446728572 0.09375 0.0 0.28779992887587813
-0.4578571446728572 0.15625 0.125 0.21216609121055352
-0.41357143029857146 -0.46875 0.0 0.0
-0.41357143029857146 -0.40625 0.0 0.0
-0.41357143029857146 -0.34375 0.0 0.0
-0.41357143029857146 -0.28125 0.23529411764705882 0.1372849310438875
-0.41357143029857146 -0.21875 0.0 0.07903214650816892
-0.41357143029857146 -0.15625 0.0 0.11010609988259118
-0.41357143029857146 -0.09375 0.0 0.022060470354750505
-0.41357143029857146 -0.03125 0.0 0.3230904660187317
-0.41357143029857146 0.03125 0.02857142857142857 0.29409449252988834
-0.41357143029857146 0.09375 0.34615384615384615 0.22954714434015955
-0.41357143029857146 0.15625 0.14705882352941177 0.28779992887587813
-0.36928571592428583 -0.46875 0.0 0.0
-0.36928571592428583 -0.34375 0.0 0.0
-0.36928571592428583 -0.21875 0.0 0.0
-0.36928571592428583 -0.15625 0.0 0.0
-0.36928571592428583 -0.09375 0.3076923076923077 0.22954714434015955
-0.36928571592428583 -0.03125 0.0 0.11010609988259118
-0.36928571592428583 0.03125 0.3125 0.27463545951470353
-0.36928571592428583 0.09375 0.0 0.2677413172718869
-0.36928571592428583 0.15625 0.18181818181818182 0.2813174402936943
-0.3250000015500001 -0.40625 0.0 0.0
-0.3250000015500001 -0.28125 0.0 0.0
-0.3250000015500001 -0.21875 0.0 0.0
-0.3250000015500001 -0.15625 0.0 0.16143727083116505
-0.3250000015500001 -0.09375 0.03333333333333333 0.26062109771458175
-0.3250000015500001 -0.03125 0.0 0.2813174402936943
-0.3250000015500001 0.03125 0.06060606060606061 0.2813174402936943
-0.3250000015500001 0.09375 0.02857142857142857 0.29409449252988834
-0.3250000015500001 0.15625 0.03333333333333333 0.4111360955465724
-0.28071428717571434 -0.40625 0.0 0.09512448819386954
-0.28071428717571434 -0.34375 0.125 0.0
-0.28071428717571434 -0.21875 0.0 0.0
-0.28071428717571434 -0.15625 0.0 0.0
-0.28071428717571434 -0.09375 0.0 0.07903214650816892
-0.28071428717571434 -0.03125 0.08888888888888889 0.3486667272424224
-0.28071428717571434 0.03125 0.08333333333333333 0.36268108904254415
