desi_data/desi_elg_ts_zenodo/sv1gfib-800coaddefftime1200-South-sv1-S-1.1z1.6-coii-zenodo.ecsv
# %ECSV 0.9
# ---
# datatype:
# - {name: GFIB, datatype: float64}
# - {name: COII, datatype: float64}
# - {name: EFFICIENCY_11Z16, datatype: float64}
# - {name: ALPHA, datatype: float64}
# schema: astropy-2.0
GFIB COII EFFICIENCY_11Z16 ALPHA
[from data line 1716]
23.485714286685713 -2.9125 0.0 0.0
23.485714286685713 -1.6875 0.0 0.0
23.485714286685713 -1.3375000000000001 0.0 0.0
23.485714286685713 -1.1625 0.0 0.0
23.485714286685713 -0.9875000000000003 0.0 0.0
23.485714286685713 -0.8125 0.0 0.0689365965063306
23.485714286685713 -0.6375000000000002 0.0 0.0
23.485714286685713 -0.46250000000000036 0.09090909090909091 0.0689365965063306
23.485714286685713 -0.2875000000000001 0.21052631578947367 0.18761705440363258
23.485714286685713 -0.11250000000000027 0.09302325581395349 0.36497448171701136
23.485714286685713 0.0625 0.043478260869565216 0.46766479929584576
23.485714286685713 0.23749999999999982 0.11702127659574468 0.5348041807270674
23.485714286685713 0.41249999999999964 0.26956521739130435 0.5785891741040239
23.485714286685713 0.5874999999999999 0.35664335664335667 0.625908272659749
23.485714286685713 0.7624999999999997 0.271356783919598 0.6976667921320714
23.485714286685713 0.9374999999999996 0.4186046511627907 0.7540501069088332
23.485714286685713 1.1124999999999998 0.24 0.8041819344166553
23.485714286685713 1.2874999999999996 0.1384180790960452 0.822741884940112
23.485714286685713 1.4624999999999995 0.05714285714285714 0.7093499012941777
23.485714286685713 1.6374999999999993 0.06177606177606178 0.7548901359678439
23.485714286685713 1.8125 0.08783783783783784 0.6333711116246967
23.485714286685713 1.9874999999999998 0.053763440860215055 0.5324817282041856
23.542857143942857 -2.2125 0.0 0.0
23.542857143942857 -2.0375 0.0 0.17587650647887115
23.542857143942857 -1.8625 0.0 0.0
23.542857143942857 -0.9875000000000003 0.0 0.0
23.542857143942857 -0.8125 0.0 0.10521193008063645
23.542857143942857 -0.6375000000000002 0.09090909090909091 0.0689365965063306
23.542857143942857 -0.46250000000000036 0.0 0.22910417193601457
23.542857143942857 -0.2875000000000001 0.41935483870967744 0.2939211008443544
23.542857143942857 -0.11250000000000027 0.0 0.3977252560952275
23.542857143942857 0.0625 0.2391304347826087 0.37961916976800514
23.542857143942857 0.23749999999999982 0.13861386138613863 0.5504009408185394
23.542857143942857 0.41249999999999964 0.21965317919075145 0.6672633054916158
23.542857143942857 0.5874999999999999 0.39325842696629215 0.6734502550816651
23.542857143942857 0.7624999999999997 0.32386363636363635 0.670996587834293
23.542857143942857 0.9374999999999996 0.2958801498127341 0.7614958846095057
23.542857143942857 1.1124999999999998 0.24107142857142858 0.8114098926221401
23.542857143942857 1.2874999999999996 0.1245674740484429 0.7786891753054921
23.542857143942857 1.4624999999999995 0.14666666666666667 0.7868008812870493
23.542857143942857 1.6374999999999993 0.017985611510791366 0.7702626518862563
23.542857143942857 1.8125 0.11627906976744186 0.6660044773809926
23.542857143942857 1.9874999999999998 0.0425531914893617 0.622849810254908
23.6000000012 -2.2125 0.0 0.025361508646880526
23.6000000012 -1.6875 0.0 0.0
23.6000000012 -1.5125000000000002 0.0 0.0
23.6000000012 -1.3375000000000001 0.0 0.0
23.6000000012 -1.1625 0.0 0.0
23.6000000012 -0.8125 0.0 0.33813205223562315
23.6000000012 -0.6375000000000002 0.0 0.08783087695103053
23.6000000012 -0.46250000000000036 0.0 0.17587650647887115
23.6000000012 -0.2875000000000001 0.15 0.19875525175920872
23.6000000012 -0.11250000000000027 0.1527777777777778 0.47690650214285235
23.6000000012 0.0625 0.1111111111111111 0.3263915043108617
23.6000000012 0.23749999999999982 0.36619718309859156 0.6243844261187463
23.6000000012 0.41249999999999964 0.376 0.5966952604312463
23.6000000012 0.5874999999999999 0.3910891089108911 0.7009159386505299
23.6000000012 0.7624999999999997 0.4080267558528428 0.786075848089433
23.6000000012 0.9374999999999996 0.4126984126984127 0.7973955308220184
23.6000000012 1.1124999999999998 0.23411371237458195 0.786075848089433
23.6000000012 1.2874999999999996 0.18354430379746836 0.7980837952364199
23.6000000012 1.4624999999999995 0.17002881844380405 0.818404991322655
23.6000000012 1.6374999999999993 0.09057971014492754 0.768694794959827
23.6000000012 1.8125 0.06696428571428571 0.7233642630942996
23.6000000012 1.9874999999999998 0.0 0.37961916976800514
23.657142858457142 -2.9125 1.0 0.0
23.657142858457142 -2.5625 0.0 0.0
23.657142858457142 -2.0375 0.0 0.0
23.657142858457142 -1.6875 0.0 0.0
23.657142858457142 -1.1625 0.0 0.0
23.657142858457142 -0.9875000000000003 0.0 0.1634647146163551
23.657142858457142 -0.8125 0.0 0.0
23.657142858457142 -0.6375000000000002 0.0 0.20934990129417774
23.657142858457142 -0.46250000000000036 0.0 0.2557269279126271
23.657142858457142 -0.2875000000000001 0.0 0.4062419257446177
23.657142858457142 -0.11250000000000027 0.125 0.47690650214285235
23.657142858457142 0.0625 0.18478260869565216 0.5301341675999958
23.657142858457142 0.23749999999999982 0.36619718309859156 0.6243844261187463
23.657142858457142 0.41249999999999964 0.26119402985074625 0.6117926531096219
23.657142858457142 0.5874999999999999 0.4279835390946502 0.7410433907263743
23.657142858457142 0.7624999999999997 0.4629080118694362 0.8120552043628875
23.657142858457142 0.9374999999999996 0.34408602150537637 0.8335117238681669
23.657142858457142 1.1124999999999998 0.23255813953488372 0.7875235017241398
23.657142858457142 1.2874999999999996 0.2351421188630491 0.8420957364366738
23.657142858457142 1.4624999999999995 0.13054187192118227 0.8525032707158151
23.657142858457142 1.6374999999999993 0.05761316872427984 0.7410433907263743
23.657142858457142 1.8125 0.03169014084507042 0.774899423950737
23.657142858457142 1.9874999999999998 0.06086956521739131 0.5785891741040239
23.714285715714286 -2.7375 0.0 0.0
23.714285715714286 -2.0375 0.0 0.0
23.714285715714286 -1.8625 0.0 0.0
23.714285715714286 -1.6875 0.0 0.0
23.714285715714286 -1.3375000000000001 0.0 0.0
23.714285715714286 -1.1625 0.0 0.0
23.714285715714286 -0.9875000000000003 0.0 0.10521193008063645
23.714285715714286 -0.8125 0.0 0.04824025392721809
23.714285715714286 -0.6375000000000002 0.0 0.10521193008063645
23.714285715714286 -0.46250000000000036 0.0 0.2557269279126271
23.714285715714286 -0.2875000000000001 0.125 0.2383458747830211
23.714285715714286 -0.11250000000000027 0.07 0.5482402539272181
23.714285715714286 0.0625 0.21428571428571427 0.5103798969581589
23.714285715714286 0.23749999999999982 0.13924050632911392 0.6475687974044294
23.714285715714286 0.41249999999999964 0.32666666666666666 0.6362858834550587
23.714285715714286 0.5874999999999999 0.3875 0.8008152430871711
23.714285715714286 0.7624999999999997 0.45427728613569324 0.8133401030287593
23.714285715714286 0.9374999999999996 0.32981530343007914 0.8375598589112543
23.714285715714286 1.1124999999999998 0.2781316348195329 0.8847507074916662
23.714285715714286 1.2874999999999996 0.19795918367346937 0.8933382939414749
23.714285715714286 1.4624999999999995 0.08726415094339622 0.8619231822235844
23.714285715714286 1.6374999999999993 0.07643312101910828 0.7967050779638256
23.714285715714286 1.8125 0.06766917293233082 0.7606810722427515
23.714285715714286 1.9874999999999998 0.03773584905660377 0.5608931865596032
23.77142857297143 -2.3875 0.0 0.0
23.77142857297143 -1.8625 0.0 0.0
23.77142857297143 -1.5125000000000002 0.0 0.0
23.77142857297143 -1.3375000000000001 0.0 0.10521193008063645
23.77142857297143 -1.1625 0.0 0.0
23.77142857297143 -0.9875000000000003 0.0 0.1634647146163551
23.77142857297143 -0.8125 0.0 0.18761705440363258
23.77142857297143 -0.6375000000000002 0.0 0.04824025392721809
23.77142857297143 -0.46250000000000036 0.0 0.2383458747830211
23.77142857297143 -0.2875000000000001 0.0 0.47690650214285235
23.77142857297143 -0.11250000000000027 0.1 0.4373158791190399
23.77142857297143 0.0625 0.10884353741496598 0.6318989213013062
23.77142857297143 0.23749999999999982 0.35195530726256985 0.6746667694171646
23.77142857297143 0.41249999999999964 0.4703196347031963 0.7184623113472772
23.77142857297143 0.5874999999999999 0.5206896551724138 0.7794392528766961
23.77142857297143 0.7624999999999997 0.4755244755244755 0.8644689000195802
23.77142857297143 0.9374999999999996 0.3229665071770335 0.8588283948147357
23.77142857297143 1.1124999999999998 0.34085778781038373 0.871442117038753
23.77142857297143 1.2874999999999996 0.21335807050092764 0.9140346365205875
23.77142857297143 1.4624999999999995 0.1651376146788991 0.8679834985615111
23.77142857297143 1.6374999999999993 0.07238605898123325 0.8340946698315619
23.77142857297143 1.8125 0.08135593220338982 0.7831512619162997
23.77142857297143 1.9874999999999998 0.13142857142857142 0.6697592782703653
23.82857143022857 -2.7375 0.0 0.0
23.82857143022857 -2.3875 0.0 0.025361508646880526
23.82857143022857 -1.5125000000000002 0.0 0.26392213600671177
23.82857143022857 -1.3375000000000001 0.0 0.1503002452551805
23.82857143022857 -1.1625 0.0 0.0689365965063306
23.82857143022857 -0.8125 0.8888888888888888 0.025361508646880526
23.82857143022857 -0.6375000000000002 0.0 0.1362858834550587
23.82857143022857 -0.46250000000000036 0.0 0.1503002452551805
23.82857143022857 -0.2875000000000001 0.21621621621621623 0.3323411159607156
23.82857143022857 -0.11250000000000027 0.1484375 0.6018452387511523
23.82857143022857 0.0625 0.057971014492753624 0.6181797971278363
23.82857143022857 0.23749999999999982 0.13131313131313133 0.6965728490579837
23.82857143022857 0.41249999999999964 0.3221884498480243 0.8068382029022052
23.82857143022857 0.5874999999999999 0.33223684210526316 0.7896770457315949
23.82857143022857 0.7624999999999997 0.41295546558704455 0.8951037283890415
23.82857143022857 0.9374999999999996 0.44329896907216493 0.8426561167243217
23.82857143022857 1.1124999999999998 0.28835489833641403 0.9148388864805028
23.82857143022857 1.2874999999999996 0.24161073825503357 0.9358633837973362
23.82857143022857 1.4624999999999995 0.17216642754662842 0.9698566429762228
23.82857143022857 1.6374999999999993 0.10367170626349892 0.8810307494361946
23.82857143022857 1.8125 0.12048192771084337 0.8572643022832644
23.82857143022857 1.9874999999999998 0.03723404255319149 0.685319178559058
23.885714287485715 -2.3875 0.0 0.0
23.885714287485715 -2.0375 1.0 0.0
23.885714287485715 -1.8625 0.0 0.0
23.885714287485715 -1.6875 0.0 0.0
23.885714287485715 -1.5125000000000002 0.0 0.0
23.885714287485715 -1.3375000000000001 0.0 0.0
23.885714287485715 -1.1625 0.0 0.0
23.885714287485715 -0.9875000000000003 0.0 0.18761705440363258
23.885714287485715 -0.8125 0.0 0.0689365965063306
23.885714287485715 -0.6375000000000002 0.08695652173913043 0.37961916976800514
23.885714287485715 -0.46250000000000036 0.07692307692307693 0.4062419257446177
23.885714287485715 -0.2875000000000001 0.20689655172413793 0.42995425070868676
23.885714287485715 -0.11250000000000027 0.008849557522123894 0.574779475668928
23.885714287485715 0.0625 0.23952095808383234 0.6595984895010097
23.885714287485715 0.23749999999999982 0.08372093023255814 0.7144594838850208
23.885714287485715 0.41249999999999964 0.21554770318021202 0.7741334716893633
23.885714287485715 0.5874999999999999 0.3687150837988827 0.8251817672491553
23.885714287485715 0.7624999999999997 0.44696969696969696 0.8470878468899743
23.885714287485715 0.9374999999999996 0.37751004016064255 0.8968549253070769
23.885714287485715 1.1124999999999998 0.3290229885057471 0.9695448737324992
23.885714287485715 1.2874999999999996 0.1913499344692005 0.9895025229046583
23.885714287485715 1.4624999999999995 0.2141863699582754 0.9766046991186594
23.885714287485715 1.6374999999999993 0.10387596899224806 0.953020111244852
23.885714287485715 1.8125 0.14317673378076062 0.8733940154931863
23.885714287485715 1.9874999999999998 0.07547169811320754 0.759863190895622
23.942857144742856 -2.9125 0.0 0.0
23.942857144742856 -2.3875 0.0 0.0
23.942857144742856 -2.2125 0.0 0.0
23.942857144742856 -2.0375 0.0 0.0
23.942857144742856 -1.8625 0.0 0.0
23.942857144742856 -1.6875 0.0 0.20934990129417774
23.942857144742856 -1.5125000000000002 0.0 0.0
23.942857144742856 -1.3375000000000001 0.0 0.10521193008063645
23.942857144742856 -1.1625 0.0 0.0
23.942857144742856 -0.9875000000000003 0.0 0.1362858834550587
23.942857144742856 -0.8125 0.0 0.04824025392721809
23.942857144742856 -0.6375000000000002 0.0 0.19875525175920872
23.942857144742856 -0.46250000000000036 0.010752688172043012 0.5324817282041856
23.942857144742856 -0.2875000000000001 0.0 0.37484651081488995
23.942857144742856 -0.11250000000000027 0.0375 0.4997852474231899
23.942857144742856 0.0625 0.20359281437125748 0.6595984895010097
23.942857144742856 0.23749999999999982 0.17940199335548174 0.7875235017241398
23.942857144742856 0.41249999999999964 0.26394052044609667 0.763116393928422
23.942857144742856 0.5874999999999999 0.36363636363636365 0.8530374585398282
23.942857144742856 0.7624999999999997 0.3681214421252372 0.9091455615334914
23.942857144742856 0.9374999999999996 0.3948170731707317 0.9566921736150482
23.942857144742856 1.1124999999999998 0.3653543307086614 0.949627116573206
23.942857144742856 1.2874999999999996 0.24509803921568626 1.0
23.942857144742856 1.4624999999999995 0.15395894428152493 0.9651324412554576
23.942857144742856 1.6374999999999993 0.1279527559055118 0.9011721100691777
23.942857144742856 1.8125 0.08484848484848485 0.8955428533940024
23.942857144742856 1.9874999999999998 0.07179487179487179 0.6932575596084771
24.000000002 -2.9125 0.0 0.0
24.000000002 -2.7375 0.0 0.0
24.000000002 -2.5625 0.0 0.0
24.000000002 -2.2125 0.0 0.0689365965063306
24.000000002 -2.0375 0.0 0.10521193008063645
24.000000002 -1.6875 0.0 0.0
24.000000002 -1.3375000000000001 0.0 0.025361508646880526
24.000000002 -1.1625 0.0 0.19875525175920872
24.000000002 -0.9875000000000003 0.1111111111111111 0.17587650647887115
24.000000002 -0.8125 0.08823529411764706 0.31397971244834566
24.000000002 -0.6375000000000002 0.0 0.3008152430871711
24.000000002 -0.46250000000000036 0.11428571428571428 0.3202742761023559
24.000000002 -0.2875000000000001 0.18803418803418803 0.5823331848002989
24.000000002 -0.11250000000000027 0.06962025316455696 0.6475687974044294
24.000000002 0.0625 0.1881720430107527 0.6829967260361762
24.000000002 0.23749999999999982 0.18120805369127516 0.7853483859653457
24.000000002 0.41249999999999964 0.26683291770573564 0.8498124402373093
24.000000002 0.5874999999999999 0.4297520661157025 0.8906629347494244
24.000000002 0.7624999999999997 0.391025641025641 0.94583254876843
24.000000002 0.9374999999999996 0.4010840108401084 0.9822684348387389
24.000000002 1.1124999999999998 0.27735644637053086 1.0
24.000000002 1.2874999999999996 0.2147783251231527 1.0
24.000000002 1.4624999999999995 0.17639902676399027 1.0
24.000000002 1.6374999999999993 0.13245033112582782 0.9872137297418122
24.000000002 1.8125 0.09418837675350701 0.8972905267389131
24.000000002 1.9874999999999998 0.09737827715355805 0.7614958846095057
24.057142859257144 -2.7375 0.0 0.1362858834550587
24.057142859257144 -2.5625 0.0 0.0
24.057142859257144 -2.2125 0.0 0.04824025392721809
24.057142859257144 -2.0375 0.0 0.0
24.057142859257144 -1.6875 0.0 0.0
24.057142859257144 -1.5125000000000002 0.0 0.0689365965063306
24.057142859257144 -1.3375000000000001 0.0 0.0
24.057142859257144 -1.1625 0.0 0.17587650647887115
24.057142859257144 -0.9875000000000003 0.0 0.3008152430871711
24.057142859257144 -0.8125 0.38095238095238093 0.20934990129417774
24.057142859257144 -0.6375000000000002 0.08196721311475409 0.4409051714326016
24.057142859257144 -0.46250000000000036 0.07142857142857142 0.4707892739343465
24.057142859257144 -0.2875000000000001 0.13392857142857142 0.572849265262309
24.057142859257144 -0.11250000000000027 0.08870967741935484 0.5949510965083357
24.057142859257144 0.0625 0.09342560553633218 0.7786891753054921
24.057142859257144 0.23749999999999982 0.27635327635327633 0.8208938121601301
24.057142859257144 0.41249999999999964 0.21288515406162464 0.8245743619833147
24.057142859257144 0.5874999999999999 0.2994011976047904 0.8981591168608409
24.057142859257144 0.7624999999999997 0.405446293494705 0.9583409836700383
24.057142859257144 0.9374999999999996 0.34600262123197906 0.9895025229046583
24.057142859257144 1.1124999999999998 0.42857142857142855 1.0
