desi_data/desi_elg_ts_zenodo/sv1gfib-800coaddefftime1200-South-sv1-S-0.6z1.6-gmag-zenodo.ecsv
# %ECSV 0.9
# ---
# datatype:
# - {name: GFIB, datatype: float64}
# - {name: GTOT, datatype: float64}
# - {name: EFFICIENCY_06Z16, datatype: float64}
# - {name: ALPHA, datatype: float64}
# schema: astropy-2.0
GFIB GTOT EFFICIENCY_06Z16 ALPHA
[from data line 906]
23.160714285535715 22.53125 0.8846153846153846 0.3201056129406556
23.160714285535715 22.59375 1.0 0.20066456848308728
23.160714285535715 22.65625 1.0 0.48671295245834684
23.160714285535715 22.71875 0.9444444444444444 0.47881581886673086
23.160714285535715 22.78125 1.0 0.3718759088941903
23.160714285535715 22.84375 1.0 0.0
23.160714285535715 22.90625 0.5727272727272728 0.6333152815343591
23.19642857132143 22.03125 1.0 0.0
23.19642857132143 22.09375 0.0 0.0
23.19642857132143 22.15625 1.0 0.0
23.19642857132143 22.28125 1.0 0.0
23.19642857132143 22.34375 1.0 0.0
23.19642857132143 22.40625 1.0 0.0
23.19642857132143 22.46875 1.0 0.06416393245121843
23.19642857132143 22.53125 0.8888888888888888 0.08974019367490904
23.19642857132143 22.59375 0.9130434782608695 0.2934828569640431
23.19642857132143 22.65625 0.6764705882352942 0.37835839747637423
23.19642857132143 22.71875 0.5925925925925926 0.3283008210347403
23.19642857132143 22.78125 0.6470588235294118 0.37835839747637423
23.19642857132143 22.84375 1.0 0.0016945641470684225
23.19642857132143 22.90625 0.37037037037037035 0.6293308166987215
23.232142857107142 22.15625 1.0 0.13331528153435912
23.232142857107142 22.21875 1.0 0.13331528153435912
23.232142857107142 22.28125 1.0 0.18568295679436564
23.232142857107142 22.34375 0.9166666666666666 0.15220956197905905
23.232142857107142 22.40625 1.0 0.0
23.232142857107142 22.53125 0.7 0.2631339367872372
23.232142857107142 22.59375 0.9090909090909091 0.13331528153435912
23.232142857107142 22.65625 1.0 0.3651939281151996
23.232142857107142 22.71875 0.9142857142857143 0.38465296113038444
23.232142857107142 22.78125 0.7608695652173914 0.44399785479603365
23.232142857107142 22.84375 0.75 0.48671295245834684
23.232142857107142 22.90625 0.0 0.0
23.232142857107142 22.96875 0.5436893203883495 0.6190375513078327
23.267857142892858 22.03125 1.0 0.0
23.267857142892858 22.09375 0.3333333333333333 0.0016945641470684225
23.267857142892858 22.28125 1.0 0.0016945641470684225
23.267857142892858 22.34375 0.3333333333333333 0.0
23.267857142892858 22.40625 1.0 0.13331528153435912
23.267857142892858 22.46875 1.0 0.20066456848308728
23.267857142892858 22.53125 0.9666666666666667 0.35117956631507785
23.267857142892858 22.59375 1.0 0.0016945641470684225
23.267857142892858 22.65625 1.0 0.13331528153435912
23.267857142892858 22.71875 0.8 0.2631339367872372
23.267857142892858 22.78125 1.0 0.4343452771983403
23.267857142892858 22.84375 0.5833333333333334 0.39077018933889024
23.267857142892858 22.90625 1.0 0.37835839747637423
23.267857142892858 22.96875 0.5555555555555556 0.08974019367490904
23.30357142867857 22.03125 0.0 0.13331528153435912
23.30357142867857 22.34375 0.8333333333333334 0.15220956197905905
23.30357142867857 22.40625 1.0 0.0
23.30357142867857 22.46875 1.0 0.08974019367490904
23.30357142867857 22.53125 1.0 0.16959061510866502
23.30357142867857 22.59375 0.23076923076923078 0.16959061510866502
23.30357142867857 22.65625 1.0 0.0
23.30357142867857 22.71875 0.75 0.4343452771983403
23.30357142867857 22.78125 1.0 0.2519957394316611
23.30357142867857 22.84375 0.8536585365853658 0.4190108673151144
23.30357142867857 22.90625 0.9487179487179487 0.5586662403004868
23.30357142867857 22.96875 1.0 0.0
23.30357142867857 23.03125 0.44545454545454544 0.7838302793663497
23.339285714464285 22.09375 1.0 0.0
23.339285714464285 22.15625 0.6153846153846154 0.16959061510866502
23.339285714464285 22.28125 0.7333333333333333 0.20066456848308728
23.339285714464285 22.34375 0.5 0.0016945641470684225
23.339285714464285 22.40625 1.0 0.03516795896237501
23.339285714464285 22.46875 0.7857142857142857 0.18568295679436564
23.339285714464285 22.53125 1.0 0.0
23.339285714464285 22.59375 0.875 0.3027245598110496
23.339285714464285 22.65625 0.8787878787878788 0.3718759088941903
23.339285714464285 22.71875 1.0 0.2278433996443836
23.339285714464285 22.78125 0.6153846153846154 0.4706206107726462
23.339285714464285 22.84375 0.4 0.20066456848308728
23.339285714464285 22.90625 0.85 0.5016945641470685
23.339285714464285 22.96875 0.8888888888888888 0.47881581886673086
23.339285714464285 23.09375 0.7758620689655172 0.4943329357367153
23.37500000025 22.09375 0.6 0.0
23.37500000025 22.28125 0.0 0.03516795896237501
23.37500000025 22.34375 1.0 0.0
23.37500000025 22.40625 0.7272727272727273 0.13331528153435912
23.37500000025 22.46875 0.4 0.0
23.37500000025 22.53125 1.0 0.2278433996443836
23.37500000025 22.59375 0.7941176470588235 0.37835839747637423
23.37500000025 22.65625 0.9230769230769231 0.16959061510866502
23.37500000025 22.71875 1.0 0.2519957394316611
23.37500000025 22.78125 0.7333333333333333 0.35117956631507785
23.37500000025 22.84375 1.0 0.47881581886673086
23.37500000025 22.90625 0.7608695652173914 0.44399785479603365
23.37500000025 22.96875 0.9836065573770492 0.5052838564606301
23.37500000025 23.03125 0.9473684210526315 0.2519957394316611
23.37500000025 23.09375 0.6197183098591549 0.7768087406746155
23.410714286035713 22.15625 0.4444444444444444 0.08974019367490904
23.410714286035713 22.21875 0.0 0.03516795896237501
23.410714286035713 22.34375 0.7333333333333333 0.20066456848308728
23.410714286035713 22.40625 1.0 0.0
23.410714286035713 22.46875 0.8333333333333334 0.24025519150689967
23.410714286035713 22.53125 1.0 0.08974019367490904
23.410714286035713 22.59375 1.0 0.20066456848308728
23.410714286035713 22.65625 0.9629629629629629 0.3283008210347403
23.410714286035713 22.71875 0.88 0.3115889432912654
23.410714286035713 22.78125 0.8974358974358975 0.4081512424684962
23.410714286035713 22.84375 0.7555555555555555 0.43922519584291847
23.410714286035713 22.90625 0.8852459016393442 0.5052838564606301
23.410714286035713 22.96875 0.8275862068965517 0.4943329357367153
23.410714286035713 23.03125 0.9529411764705882 0.577328401812393
23.410714286035713 23.15625 0.6690140845070423 0.8392781089787654
23.44642857182143 22.15625 0.25 0.0
23.44642857182143 22.21875 1.0 0.13331528153435912
23.44642857182143 22.28125 1.0 0.0016945641470684225
23.44642857182143 22.46875 0.6666666666666666 0.15220956197905905
23.44642857182143 22.53125 0.8125 0.214678930283209
23.44642857182143 22.59375 0.6875 0.214678930283209
23.44642857182143 22.65625 1.0 0.13331528153435912
23.44642857182143 22.71875 0.7333333333333333 0.35117956631507785
23.44642857182143 22.78125 0.9705882352941176 0.37835839747637423
23.44642857182143 22.84375 1.0 0.38465296113038444
23.44642857182143 22.90625 0.725 0.4136489346192278
23.44642857182143 22.96875 0.9122807017543859 0.4905563667914923
23.44642857182143 23.03125 0.6907216494845361 0.606004806088369
23.44642857182143 23.09375 1.0 0.214678930283209
23.44642857182143 23.15625 0.7880434782608695 0.7450278504600149
23.482142857607144 22.15625 1.0 0.0016945641470684225
23.482142857607144 22.21875 1.0 0.0
23.482142857607144 22.40625 0.8333333333333334 0.0016945641470684225
23.482142857607144 22.46875 0.7142857142857143 0.18568295679436564
23.482142857607144 22.53125 0.7142857142857143 0.03516795896237501
23.482142857607144 22.59375 1.0 0.33619795462635627
23.482142857607144 22.65625 1.0 0.24025519150689967
23.482142857607144 22.71875 0.7692307692307693 0.4081512424684962
23.482142857607144 22.78125 0.46153846153846156 0.3201056129406556
23.482142857607144 22.84375 0.9830508474576272 0.4980449447763187
23.482142857607144 22.90625 0.7466666666666667 0.5501495706510966
23.482142857607144 22.96875 0.6097560975609756 0.5695258651471049
23.482142857607144 23.03125 0.9080459770114943 0.5823785652645559
23.482142857607144 23.09375 0.6086956521739131 0.44399785479603365
23.482142857607144 23.21875 0.5422077922077922 0.8568942972054687
23.517857143392856 22.15625 1.0 0.08974019367490904
23.517857143392856 22.21875 0.7857142857142857 0.18568295679436564
23.517857143392856 22.28125 0.0 0.0
23.517857143392856 22.34375 0.16666666666666666 0.0016945641470684225
23.517857143392856 22.46875 1.0 0.0016945641470684225
23.517857143392856 22.53125 1.0 0.2519957394316611
23.517857143392856 22.59375 0.75 0.15220956197905905
23.517857143392856 22.65625 0.7647058823529411 0.2278433996443836
23.517857143392856 22.71875 0.875 0.4136489346192278
23.517857143392856 22.78125 0.8205128205128205 0.4081512424684962
23.517857143392856 22.84375 1.0 0.38465296113038444
23.517857143392856 22.90625 1.0 0.5695258651471049
23.517857143392856 22.96875 0.9682539682539683 0.5122892136820375
23.517857143392856 23.03125 0.7714285714285715 0.535167958962375
23.517857143392856 23.09375 0.8607594936708861 0.5614324846004674
23.517857143392856 23.15625 0.6811594202898551 0.5320434843238743
23.517857143392856 23.21875 0.68 0.46210394112325603
23.55357142917857 22.03125 1.0 0.13331528153435912
23.55357142917857 22.09375 0.0 0.0
23.55357142917857 22.28125 1.0 0.0016945641470684225
23.55357142917857 22.34375 1.0 0.0
23.55357142917857 22.40625 0.9473684210526315 0.2519957394316611
23.55357142917857 22.46875 1.0 0.214678930283209
23.55357142917857 22.53125 0.625 0.214678930283209
23.55357142917857 22.59375 1.0 0.20066456848308728
23.55357142917857 22.65625 1.0 0.0016945641470684225
23.55357142917857 22.71875 1.0 0.18568295679436564
23.55357142917857 22.78125 0.6666666666666666 0.3283008210347403
23.55357142917857 22.84375 0.5901639344262295 0.5052838564606301
23.55357142917857 22.90625 0.8620689655172413 0.4943329357367153
23.55357142917857 22.96875 0.8113207547169812 0.47475687375564113
23.55357142917857 23.03125 0.7714285714285715 0.6232135884902157
23.55357142917857 23.09375 0.7368421052631579 0.5530257350956423
23.55357142917857 23.15625 0.6323529411764706 0.5288733953083647
23.55357142917857 23.21875 1.0 0.0
23.55357142917857 23.28125 0.5590361445783133 0.921642987311293
23.589285714964284 22.03125 1.0 0.0
23.589285714964284 22.34375 1.0 0.0
23.589285714964284 22.40625 1.0 0.0
23.589285714964284 22.46875 1.0 0.0
23.589285714964284 22.53125 1.0 0.0
23.589285714964284 22.59375 1.0 0.13331528153435912
23.589285714964284 22.65625 0.7777777777777778 0.24025519150689967
23.589285714964284 22.71875 0.8 0.43922519584291847
23.589285714964284 22.78125 0.9230769230769231 0.4081512424684962
23.589285714964284 22.84375 0.9487179487179487 0.4081512424684962
23.589285714964284 22.90625 0.7586206896551724 0.5823785652645559
23.589285714964284 22.96875 1.0 0.46210394112325603
23.589285714964284 23.03125 0.7887323943661971 0.5382481133147843
23.589285714964284 23.09375 0.8734177215189873 0.5614324846004674
23.589285714964284 23.15625 0.9532710280373832 0.6273108277978514
23.589285714964284 23.21875 0.9879518072289156 0.5721579851432835
23.589285714964284 23.34375 0.5733333333333334 0.5501495706510966
23.62500000075 22.03125 1.0 0.0
23.62500000075 22.09375 0.42857142857142855 0.03516795896237501
23.62500000075 22.21875 0.5555555555555556 0.08974019367490904
23.62500000075 22.28125 0.0 0.0
23.62500000075 22.40625 1.0 0.13331528153435912
23.62500000075 22.46875 1.0 0.0
23.62500000075 22.53125 1.0 0.18568295679436564
23.62500000075 22.59375 1.0 0.214678930283209
23.62500000075 22.65625 0.78 0.46210394112325603
23.62500000075 22.71875 0.8333333333333334 0.24025519150689967
23.62500000075 22.78125 1.0 0.20066456848308728
23.62500000075 22.84375 1.0 0.4136489346192278
23.62500000075 22.90625 1.0 0.4025107372636517
23.62500000075 22.96875 0.6170212765957447 0.44866786792310537
23.62500000075 23.03125 0.7954545454545454 0.4343452771983403
23.62500000075 23.09375 0.8181818181818182 0.48280028370236855
23.62500000075 23.15625 0.7386363636363636 0.7353752728623215
23.62500000075 23.21875 0.8758620689655172 0.6933029400727341
23.62500000075 23.28125 0.6136363636363636 0.4343452771983403
23.62500000075 23.34375 0.7742718446601942 0.9200675469718139
23.660714286535715 22.09375 1.0 0.0
23.660714286535715 22.15625 0.0 0.0
23.660714286535715 22.21875 0.10526315789473684 0.2519957394316611
23.660714286535715 22.40625 0.6666666666666666 0.08974019367490904
23.660714286535715 22.46875 1.0 0.15220956197905905
23.660714286535715 22.53125 0.8 0.2631339367872372
23.660714286535715 22.59375 1.0 0.08974019367490904
23.660714286535715 22.65625 0.9230769230769231 0.16959061510866502
23.660714286535715 22.71875 0.8461538461538461 0.16959061510866502
23.660714286535715 22.78125 0.8148148148148148 0.3283008210347403
23.660714286535715 22.84375 0.6956521739130435 0.44399785479603365
23.660714286535715 22.90625 0.8918918918918919 0.3967198009887441
23.660714286535715 22.96875 0.76 0.46210394112325603
23.660714286535715 23.03125 0.8205128205128205 0.4081512424684962
23.660714286535715 23.09375 0.9253731343283582 0.5256563403056599
23.660714286535715 23.15625 0.8156028368794326 0.6872284952829366
23.660714286535715 23.21875 0.7894736842105263 0.6745447594387896
23.660714286535715 23.28125 0.8571428571428571 0.6745447594387896
23.660714286535715 23.40625 0.6456876456876457 0.9288475850476088
23.696428572321427 22.09375 1.0 0.0
23.696428572321427 22.15625 1.0 0.06416393245121843
23.696428572321427 22.21875 0.0 0.0
23.696428572321427 22.34375 1.0 0.0
23.696428572321427 22.40625 1.0 0.18568295679436564
23.696428572321427 22.53125 0.6666666666666666 0.0
23.696428572321427 22.59375 1.0 0.1126189389552466
23.696428572321427 22.65625 1.0 0.18568295679436564
23.696428572321427 22.71875 0.95 0.2631339367872372
23.696428572321427 22.78125 0.868421052631579 0.4025107372636517
23.696428572321427 22.84375 0.6444444444444445 0.43922519584291847
23.696428572321427 22.90625 0.7083333333333334 0.3027245598110496
23.696428572321427 22.96875 0.6703296703296703 0.5921396351157934
23.696428572321427 23.03125 0.9512195121951219 0.5695258651471049
23.696428572321427 23.09375 0.8032786885245902 0.6557988542926207
23.696428572321427 23.15625 0.8148148148148148 0.6777858232027496
23.696428572321427 23.21875 0.8434782608695652 0.6429678591320525
23.696428572321427 23.28125 0.7171052631578947 0.7035407329276329
23.696428572321427 23.34375 0.8795180722891566 0.5721579851432835
23.696428572321427 23.40625 0.6968838526912181 0.886506291649158
23.732142858107142 22.15625 1.0 0.0
23.732142858107142 22.21875 1.0 0.0
23.732142858107142 22.28125 0.0 0.0016945641470684225
23.732142858107142 22.40625 0.8 0.0
23.732142858107142 22.53125 0.75 0.15220956197905905
23.732142858107142 22.59375 1.0 0.06416393245121843
23.732142858107142 22.65625 0.8 0.35117956631507785
23.732142858107142 22.71875 0.71875 0.3651939281151996
23.732142858107142 22.78125 1.0 0.4242435841541969
23.732142858107142 22.84375 0.859375 0.5157089259471902
23.732142858107142 22.90625 0.8181818181818182 0.3718759088941903
23.732142858107142 22.96875 0.8363636363636363 0.48280028370236855
23.732142858107142 23.03125 0.7719298245614035 0.4905563667914923
23.732142858107142 23.09375 0.8981481481481481 0.6293308166987215
23.732142858107142 23.15625 0.9423076923076923 0.6211356086046368
23.732142858107142 23.21875 0.8662420382165605 0.7105687651598634
23.732142858107142 23.28125 0.8403361344537815 0.650392419651512
23.732142858107142 23.34375 0.9057971014492754 0.6825584821558649
23.732142858107142 23.40625 1.0 0.0
23.732142858107142 23.46875 0.6838095238095238 0.9726985906582251
23.767857143892858 22.09375 1.0 0.13331528153435912
23.767857143892858 22.21875 1.0 0.0
23.767857143892858 22.28125 1.0 0.0
23.767857143892858 22.34375 0.5294117647058824 0.2278433996443836
23.767857143892858 22.40625 1.0 0.16959061510866502
23.767857143892858 22.46875 0.25 0.214678930283209
23.767857143892858 22.59375 0.9117647058823529 0.37835839747637423
23.767857143892858 22.65625 1.0 0.16959061510866502
23.767857143892858 22.71875 0.5714285714285714 0.18568295679436564
23.767857143892858 22.78125 0.8095238095238095 0.27372858632220626
23.767857143892858 22.84375 0.6153846153846154 0.3201056129406556
23.767857143892858 22.90625 0.6470588235294118 0.2278433996443836
23.767857143892858 22.96875 0.7924528301886793 0.47475687375564113
23.767857143892858 23.03125 0.9259259259259259 0.47881581886673086
23.767857143892858 23.09375 0.9295774647887324 0.5382481133147843
23.767857143892858 23.15625 0.8636363636363636 0.6333152815343591
