desi_data/desi_elg_ts_zenodo/sv1gfib-800coaddefftime1200-South-sv1-S-0.6z1.6-grz-zenodo.ecsv
# %ECSV 0.9
# ---
# datatype:
# - {name: RZ, datatype: float64}
# - {name: GR, datatype: float64}
# - {name: EFFICIENCY_06Z16, datatype: float64}
# - {name: ALPHA, datatype: float64}
# schema: astropy-2.0
RZ GR EFFICIENCY_06Z16 ALPHA
[from data line 321]
0.36142857125142847 -0.375 0.0 0.04275681293386302
0.36142857125142847 -0.3125 0.25 0.06165109337856295
0.36142857125142847 -0.25 0.6666666666666666 0.11010609988259118
0.36142857125142847 -0.1875 0.125 0.21216609121055352
0.36142857125142847 -0.125 0.25842696629213485 0.4967554736772069
0.36142857125142847 -0.0625 0.3504273504273504 0.5561534012278314
0.36142857125142847 0.0 0.4484848484848485 0.6308024424617037
0.36142857125142847 0.0625 0.37777777777777777 0.7377423524342442
0.36142857125142847 0.125 0.5197132616487455 0.7448625719915493
0.36142857125142847 0.1875 0.43010752688172044 0.7448625719915493
0.36142857125142847 0.25 0.34843205574912894 0.7510014187217466
0.36142857125142847 0.3125 0.24857142857142858 0.7940944925298883
0.36142857125142847 0.375 0.10416666666666667 0.6012417164023753
0.4057142856257143 -0.4375 0.0 0.0
0.4057142856257143 -0.375 0.0 0.0
0.4057142856257143 -0.3125 0.0 0.0
0.4057142856257143 -0.25 0.0967741935483871 0.2677413172718869
0.4057142856257143 -0.1875 0.5128205128205128 0.3175927738680001
0.4057142856257143 -0.125 0.23404255319148937 0.5086243971545998
0.4057142856257143 -0.0625 0.3611111111111111 0.5387723480982254
0.4057142856257143 0.0 0.5362318840579711 0.6800456430832094
0.4057142856257143 0.0625 0.59375 0.6971844795218319
0.4057142856257143 0.125 0.5318471337579618 0.770525294391358
0.4057142856257143 0.1875 0.4367816091954023 0.792850092328041
0.4057142856257143 0.25 0.5232876712328767 0.8032069025829879
0.4057142856257143 0.3125 0.38741721854304634 0.7620639418333259
0.4057142856257143 0.375 0.3263157894736842 0.7494829003590057
0.4057142856257143 0.4375 0.41379310344827586 0.2532594693042286
0.44999999999999996 -0.5 0.2857142857142857 0.0
0.44999999999999996 -0.4375 0.0 0.0
0.44999999999999996 -0.375 0.6666666666666666 0.0
0.44999999999999996 -0.3125 0.2 0.22103047469076936
0.44999999999999996 -0.25 0.0 0.0
0.44999999999999996 -0.1875 0.1276595744680851 0.3581093993226093
0.44999999999999996 -0.125 0.2903225806451613 0.4182563151038775
0.44999999999999996 -0.0625 0.5052631578947369 0.5109222729991745
0.44999999999999996 0.0 0.4625 0.624120461682713
0.44999999999999996 0.0625 0.6824034334763949 0.70573843086776
0.44999999999999996 0.125 0.5510835913312694 0.7766617315203019
0.44999999999999996 0.1875 0.6641221374045801 0.7312111160146233
0.44999999999999996 0.25 0.6134453781512605 0.7983945784108472
0.44999999999999996 0.3125 0.4932249322493225 0.8055736534342808
0.44999999999999996 0.375 0.4785276073619632 0.77866927038872
0.44999999999999996 0.4375 0.4693333333333333 0.8090761042186099
0.44999999999999996 0.5 0.0 0.0
0.4942857143742858 -0.5 0.75 0.0
0.4942857143742858 -0.375 0.42857142857142855 0.0
0.4942857143742858 -0.3125 0.6 0.022060470354750505
0.4942857143742858 -0.25 0.0 0.1372849310438875
0.4942857143742858 -0.1875 0.28 0.37154547252275993
0.4942857143742858 -0.125 0.37142857142857144 0.29409449252988834
0.4942857143742858 -0.0625 0.33663366336633666 0.5242211572460719
0.4942857143742858 0.0 0.5054347826086957 0.6544693818595188
0.4942857143742858 0.0625 0.6666666666666666 0.7201601439026187
0.4942857143742858 0.125 0.6164383561643836 0.7547518960789596
0.4942857143742858 0.1875 0.6706948640483383 0.7819744672426099
0.4942857143742858 0.25 0.6176470588235294 0.7877999288758781
0.4942857143742858 0.3125 0.5614035087719298 0.8225469181981246
0.4942857143742858 0.375 0.5079365079365079 0.7227607407455225
0.4942857143742858 0.4375 0.584070796460177 0.7871603194562916
0.4942857143742858 0.5 0.5031055900621118 0.7759884062026661
0.5385714287485714 -0.5 0.6 0.0
0.5385714287485714 -0.4375 1.0 0.0
0.5385714287485714 -0.375 0.0 0.14969672290640357
0.5385714287485714 -0.3125 0.0 0.0
0.5385714287485714 -0.25 0.2727272727272727 0.04275681293386302
0.5385714287485714 -0.1875 0.34375 0.4251504573466941
0.5385714287485714 -0.125 0.5625 0.4251504573466941
0.5385714287485714 -0.0625 0.5701754385964912 0.5505128960229868
0.5385714287485714 0.0 0.4959349593495935 0.5670130260744495
0.5385714287485714 0.0625 0.7014218009478673 0.6842016980035969
0.5385714287485714 0.125 0.5941558441558441 0.7663358286049726
0.5385714287485714 0.1875 0.736986301369863 0.8032069025829879
0.5385714287485714 0.25 0.7133757961783439 0.770525294391358
0.5385714287485714 0.3125 0.7586206896551724 0.7532594693042286
0.5385714287485714 0.375 0.802013422818792 0.7591686023928781
0.5385714287485714 0.4375 0.6957831325301205 0.7826295122067687
0.5385714287485714 0.5 0.6334405144694534 0.7684406648681693
0.5385714287485714 0.5625 0.5945017182130584 0.7540069648477041
0.5828571431228571 -0.5 1.0 0.0
0.5828571431228571 -0.4375 1.0 0.0
0.5828571431228571 -0.375 0.3333333333333333 0.0
0.5828571431228571 -0.3125 0.3076923076923077 0.07903214650816892
0.5828571431228571 -0.25 0.5 0.0
0.5828571431228571 -0.1875 0.3673469387755102 0.3671585103690074
0.5828571431228571 -0.125 0.48 0.37154547252275993
0.5828571431228571 -0.0625 0.7241379310344828 0.5542894649682097
0.5828571431228571 0.0 0.7622377622377622 0.5997284890872814
0.5828571431228571 0.0625 0.6622222222222223 0.6981517294104318
0.5828571431228571 0.125 0.752442996742671 0.7656296580933437
0.5828571431228571 0.1875 0.7007042253521126 0.7487196403782694
0.5828571431228571 0.25 0.8694158075601375 0.7540069648477041
0.5828571431228571 0.3125 0.792156862745098 0.7253305605717282
0.5828571431228571 0.375 0.6414565826330533 0.7983945784108472
0.5828571431228571 0.4375 0.8083538083538083 0.8268576749673606
0.5828571431228571 0.5 0.7147058823529412 0.7877999288758781
0.5828571431228571 0.5625 0.5975975975975976 0.7832825871079105
0.5828571431228571 0.625 0.5697674418604651 0.639824693808525
0.6271428574971429 -0.4375 0.9166666666666666 0.06165109337856295
0.6271428574971429 -0.375 0.7333333333333333 0.11010609988259118
0.6271428574971429 -0.3125 1.0 0.0
0.6271428574971429 -0.25 0.2571428571428571 0.29409449252988834
0.6271428574971429 -0.1875 0.5862068965517241 0.2532594693042286
0.6271428574971429 -0.125 0.631578947368421 0.39999789819099624
0.6271428574971429 -0.0625 0.660377358490566 0.6227590325149763
0.6271428574971429 0.0 0.7450980392156863 0.6144061857635499
0.6271428574971429 0.0625 0.7294685990338164 0.6800456430832094
0.6271428574971429 0.125 0.8321167883211679 0.7409357517649445
0.6271428574971429 0.1875 0.8057553956834532 0.7440828683137887
0.6271428574971429 0.25 0.7967479674796748 0.8055736534342808
0.6271428574971429 0.3125 0.8181818181818182 0.8326486112422682
0.6271428574971429 0.375 0.833922261484099 0.7479536881168957
0.6271428574971429 0.4375 0.8178807947019867 0.7620639418333259
0.6271428574971429 0.5 0.7724137931034483 0.7532594693042286
0.6271428574971429 0.5625 0.8117977528089888 0.7977854693411881
0.6271428574971429 0.625 0.6866485013623979 0.8043935024807952
0.6271428574971429 0.6875 0.6290322580645161 0.4182563151038775
0.6714285718714286 -0.4375 0.0 0.0
0.6714285718714286 -0.375 0.0 0.09512448819386954
0.6714285718714286 -0.3125 0.0 0.0
0.6714285718714286 -0.25 0.627906976744186 0.33879469814454377
0.6714285718714286 -0.1875 0.6190476190476191 0.18317011772171016
0.6714285718714286 -0.125 0.6329113924050633 0.47087401599997125
0.6714285718714286 -0.0625 0.5688073394495413 0.5407737193250624
0.6714285718714286 0.0 0.7524752475247525 0.5242211572460719
0.6714285718714286 0.0625 0.7935483870967742 0.6172263194398963
0.6714285718714286 0.125 0.8755364806866953 0.70573843086776
0.6714285718714286 0.1875 0.8783382789317508 0.7858754207904199
0.6714285718714286 0.25 0.8954869358669834 0.8342015182725846
0.6714285718714286 0.3125 0.8672086720867209 0.8055736534342808
0.6714285718714286 0.375 0.9147869674185464 0.8225469181981246
0.6714285718714286 0.4375 0.8725490196078431 0.7649211835955405
0.6714285718714286 0.5 0.8130630630630631 0.8457519554120605
0.6714285718714286 0.5625 0.8978622327790974 0.8342015182725846
0.6714285718714286 0.625 0.7530487804878049 0.7799973922105901
0.6714285718714286 0.6875 0.746031746031746 0.7712157472495508
0.6714285718714286 0.75 1.0 0.19327181076585365
0.7157142862457142 -0.5 0.5 0.0
0.7157142862457142 -0.3125 0.5869565217391305 0.3534393861955376
0.7157142862457142 -0.25 0.7931034482758621 0.2532594693042286
0.7157142862457142 -0.1875 0.45 0.17257546818674113
0.7157142862457142 -0.125 0.6153846153846154 0.3175927738680001
0.7157142862457142 -0.0625 0.8059701492537313 0.43509787170516373
0.7157142862457142 0.0 0.7818181818181819 0.542756812933863
0.7157142862457142 0.0625 0.8357487922705314 0.6800456430832094
0.7157142862457142 0.125 0.880184331797235 0.6902903372790153
0.7157142862457142 0.1875 0.8816793893129771 0.7312111160146233
0.7157142862457142 0.25 0.918918918918919 0.8268576749673606
0.7157142862457142 0.3125 0.9223057644110275 0.8225469181981246
0.7157142862457142 0.375 0.9056122448979592 0.8187035038649791
0.7157142862457142 0.4375 0.8888888888888888 0.8257879819620848
0.7157142862457142 0.5 0.8808139534883721 0.7903396916405157
0.7157142862457142 0.5625 0.8452012383900929 0.7766617315203019
0.7157142862457142 0.625 0.9357429718875502 0.7201601439026187
0.7157142862457142 0.6875 0.8033240997229917 0.8008140713075795
0.7157142862457142 0.75 0.8059071729957806 0.7094346433598024
0.7600000006200001 -0.5 1.0 0.0
0.7600000006200001 -0.4375 0.5454545454545454 0.04275681293386302
0.7600000006200001 -0.375 0.5 0.0
0.7600000006200001 -0.3125 0.2222222222222222 0.0
0.7600000006200001 -0.25 0.6153846153846154 0.07903214650816892
0.7600000006200001 -0.1875 1.0 0.22103047469076936
0.7600000006200001 -0.125 0.875 0.4251504573466941
0.7600000006200001 -0.0625 0.6710526315789473 0.46246726649514625
0.7600000006200001 0.0 0.8076923076923077 0.46810777169999074
0.7600000006200001 0.0625 0.8759124087591241 0.5904207539329539
0.7600000006200001 0.125 0.8590604026845637 0.6086536045608876
0.7600000006200001 0.1875 0.9614035087719298 0.7494829003590057
0.7600000006200001 0.25 0.9453924914675768 0.7554942805318052
0.7600000006200001 0.3125 0.8974358974358975 0.7947140285876626
0.7600000006200001 0.375 0.8997867803837953 0.8576468917122921
0.7600000006200001 0.4375 0.9073634204275535 0.8342015182725846
0.7600000006200001 0.5 0.946875 0.7746354595147036
0.7600000006200001 0.5625 0.9134615384615384 0.7691377673639719
0.7600000006200001 0.625 0.9457627118644067 0.756971478343832
0.7600000006200001 0.6875 0.8645833333333334 0.8142260825385159
0.7600000006200001 0.75 0.7676348547717843 0.7130689916421847
0.7600000006200001 0.8125 0.6989247311827957 0.6568169424637087
0.8042857149942857 -0.5 1.0 0.0
0.8042857149942857 -0.375 0.08333333333333333 0.06165109337856295
0.8042857149942857 -0.3125 0.3333333333333333 0.06165109337856295
0.8042857149942857 -0.25 0.5 0.19327181076585365
0.8042857149942857 -0.1875 0.6842105263157895 0.16143727083116505
0.8042857149942857 -0.125 0.8518518518518519 0.38825735026623476
0.8042857149942857 -0.0625 0.8809523809523809 0.3336851155537008
0.8042857149942857 0.0 0.9051724137931034 0.5542894649682097
0.8042857149942857 0.0625 0.9117647058823529 0.5888299245398593
0.8042857149942857 0.125 0.9725274725274725 0.652096164347288
0.8042857149942857 0.1875 0.9367088607594937 0.7094346433598024
0.8042857149942857 0.25 0.9425287356321839 0.7303807240238911
0.8042857149942857 0.3125 0.9664268585131894 0.8321284978416292
0.8042857149942857 0.375 0.9240506329113924 0.7719040116639524
0.8042857149942857 0.4375 0.921311475409836 0.7642103900281434
0.8042857149942857 0.5 0.9127906976744186 0.7903396916405157
0.8042857149942857 0.5625 0.9666666666666667 0.7377423524342442
0.8042857149942857 0.625 0.9047619047619048 0.7401417938751286
0.8042857149942857 0.6875 0.8932806324110671 0.7236207309426594
0.8042857149942857 0.75 0.7723577235772358 0.7175280239064401
0.8042857149942857 0.8125 0.7312775330396476 0.7000733989513119
0.8042857149942857 0.875 0.93 0.5220604703547506
0.8485714293685713 -0.5 0.0 0.0
0.8485714293685713 -0.375 1.0 0.0
0.8485714293685713 -0.3125 0.0 0.0
0.8485714293685713 -0.25 1.0 0.0
0.8485714293685713 -0.1875 0.8666666666666667 0.11010609988259118
0.8485714293685713 -0.125 0.75 0.17257546818674113
0.8485714293685713 -0.0625 0.7 0.4111360955465724
0.8485714293685713 0.0 0.9764705882352941 0.48676993321189693
0.8485714293685713 0.0625 0.9754098360655737 0.5652403856921246
0.8485714293685713 0.125 0.9183673469387755 0.6057191377288386
0.8485714293685713 0.1875 0.93 0.6725754681867412
0.8485714293685713 0.25 0.868421052631579 0.661437270831165
0.8485714293685713 0.3125 0.9512195121951219 0.7510014187217466
0.8485714293685713 0.375 0.9585635359116023 0.8014147556213334
0.8485714293685713 0.4375 0.970074812967581 0.8236326566648418
0.8485714293685713 0.5 0.9318181818181818 0.6932718107658536
0.8485714293685713 0.5625 0.9301675977653632 0.7990019836766877
0.8485714293685713 0.625 0.9337349397590361 0.6321145143747781
0.8485714293685713 0.6875 0.9121951219512195 0.6779374008826277
0.8485714293685713 0.75 0.9057377049180327 0.7157553835241153
0.8485714293685713 0.8125 0.7747252747252747 0.652096164347288
0.8485714293685713 0.875 0.8534031413612565 0.6625771539786143
0.8485714293685713 0.9375 0.890625 0.4251504573466941
0.8928571437428572 -0.5 0.6363636363636364 0.04275681293386302
0.8928571437428572 -0.4375 1.0 0.0
0.8928571437428572 -0.375 0.25 0.0
0.8928571437428572 -0.3125 0.1875 0.1241204616827129
0.8928571437428572 -0.25 0.7692307692307693 0.07903214650816892
0.8928571437428572 -0.1875 0.7894736842105263 0.16143727083116505
0.8928571437428572 -0.125 0.5609756097560976 0.3284523987146183
0.8928571437428572 -0.0625 0.7580645161290323 0.4182563151038775
0.8928571437428572 0.0 0.8450704225352113 0.4476896447142882
0.8928571437428572 0.0625 0.8085106382978723 0.5966700266824405
0.8928571437428572 0.125 0.864 0.5705154768587788
0.8928571437428572 0.1875 0.8840579710144928 0.6800456430832094
0.8928571437428572 0.25 0.8816326530612245 0.7166435125370167
0.8928571437428572 0.3125 0.9053030303030303 0.7328624337896661
0.8928571437428572 0.375 0.9288025889967637 0.7670397100671679
0.8928571437428572 0.4375 0.9475982532751092 0.7019782115246945
0.8928571437428572 0.5 0.929368029739777 0.7369366103559545
0.8928571437428572 0.5625 0.981203007518797 0.734501288670284
0.8928571437428572 0.625 0.8412017167381974 0.70573843086776
0.8928571437428572 0.6875 0.9226804123711341 0.6659613353198636
0.8928571437428572 0.75 0.898936170212766 0.6591393949865905
0.8928571437428572 0.8125 0.81875 0.624120461682713
0.8928571437428572 0.875 0.9030303030303031 0.6308024424617037
0.8928571437428572 0.9375 0.7708333333333334 0.5131960868745348
0.937142858117143 -0.4375 1.0 0.0
0.937142858117143 -0.375 1.0 0.0
0.937142858117143 -0.3125 0.4 0.022060470354750505
0.937142858117143 -0.25 0.6666666666666666 0.0
0.937142858117143 -0.1875 0.8666666666666667 0.11010609988259118
0.937142858117143 -0.125 0.7586206896551724 0.2532594693042286
0.937142858117143 -0.0625 0.8333333333333334 0.3336851155537008
0.937142858117143 0.0 0.7741935483870968 0.4182563151038775
0.937142858117143 0.0625 0.9 0.499181725074413
0.937142858117143 0.125 0.9512195121951219 0.4789673965466089
0.937142858117143 0.1875 0.9851851851851852 0.5872273546022536
0.937142858117143 0.25 0.8975609756097561 0.6779374008826277
0.937142858117143 0.3125 0.9306930693069307 0.6747361550780624
0.937142858117143 0.375 0.9839357429718876 0.7201601439026187
0.937142858117143 0.4375 0.9797297297297297 0.7577063258842198
0.937142858117143 0.5 0.9556451612903226 0.7192863107678586
0.937142858117143 0.5625 0.9315068493150684 0.6922825277748097
0.937142858117143 0.625 0.9311926605504587 0.691288717157053
0.937142858117143 0.6875 0.8757396449704142 0.6360038226615873
0.937142858117143 0.75 0.8508771929824561 0.5505128960229868
0.937142858117143 0.8125 0.875 0.6544693818595188
0.937142858117143 0.875 0.64 0.37154547252275993
0.9814285724914285 -0.5 1.0 0.0
0.9814285724914285 -0.4375 0.0 0.0
0.9814285724914285 -0.375 0.42857142857142855 0.0
0.9814285724914285 -0.3125 1.0 0.0
0.9814285724914285 -0.25 0.9310344827586207 0.2532594693042286
