desi_data/desi_elg_ts_zenodo/sv1gfib-800coaddefftime1200-South-sv1-S-0.6z1.6-gmag-zenodo.ecsv
# %ECSV 0.9
# ---
# datatype:
# - {name: GFIB, datatype: float64}
# - {name: GTOT, datatype: float64}
# - {name: EFFICIENCY_06Z16, datatype: float64}
# - {name: ALPHA, datatype: float64}
# schema: astropy-2.0
GFIB GTOT EFFICIENCY_06Z16 ALPHA
22.249999998 22.0 0.36363636363636365 0.28383027936634975
22.285714283785715 22.0 0.17857142857142858 0.33619795462635627
22.32142856957143 22.0625 0.10869565217391304 0.44399785479603365
22.357142855357143 22.0625 0.15384615384615385 0.3201056129406556
22.39285714114286 22.0 0.8421052631578947 0.2519957394316611
22.39285714114286 22.125 0.10810810810810811 0.3967198009887441
22.428571426928574 22.0 0.5 0.06416393245121843
22.464285712714286 22.0625 1.0 0.0
22.464285712714286 22.1875 0.07142857142857142 0.4242435841541969
22.4999999985 22.0 1.0 0.0016945641470684225
22.4999999985 22.0625 0.42857142857142855 0.03516795896237501
22.4999999985 22.125 0.391304347826087 0.2934828569640431
22.4999999985 22.25 0.36363636363636365 0.28383027936634975
22.535714284285714 22.0 1.0 0.0
22.535714284285714 22.0625 0.5 0.06416393245121843
22.535714284285714 22.125 0.0 0.03516795896237501
22.535714284285714 22.1875 1.0 0.0
22.535714284285714 22.25 0.15384615384615385 0.4081512424684962
22.57142857007143 22.125 0.625 0.06416393245121843
22.57142857007143 22.1875 0.48 0.3115889432912654
22.57142857007143 22.3125 0.14583333333333334 0.45323955764304025
22.607142855857145 22.0 1.0 0.0016945641470684225
22.607142855857145 22.0625 1.0 0.0
22.607142855857145 22.125 1.0 0.08974019367490904
22.607142855857145 22.1875 1.0 0.0
22.607142855857145 22.25 0.6666666666666666 0.0
22.607142855857145 22.3125 0.14814814814814814 0.3283008210347403
22.642857141642857 22.125 1.0 0.214678930283209
22.642857141642857 22.1875 1.0 0.20066456848308728
22.642857141642857 22.25 1.0 0.0
22.642857141642857 22.375 0.32323232323232326 0.6104365362540216
22.678571427428572 22.125 1.0 0.08974019367490904
22.678571427428572 22.1875 1.0 0.08974019367490904
22.678571427428572 22.25 1.0 0.28383027936634975
22.678571427428572 22.3125 0.75 0.0
22.714285713214288 22.0625 1.0 0.0
22.714285713214288 22.125 0.25 0.0
22.714285713214288 22.1875 1.0 0.0
22.714285713214288 22.25 1.0 0.13331528153435912
22.714285713214288 22.3125 0.5 0.39077018933889024
22.714285713214288 22.4375 0.21951219512195122 0.5695258651471049
22.749999999 22.0625 1.0 0.0
22.749999999 22.1875 1.0 0.0
22.749999999 22.25 1.0 0.1126189389552466
22.749999999 22.3125 0.8666666666666667 0.20066456848308728
22.749999999 22.375 0.9285714285714286 0.18568295679436564
22.749999999 22.5 0.46153846153846156 0.4706206107726462
22.785714284785715 22.0 1.0 0.0
22.785714284785715 22.0625 0.6666666666666666 0.0016945641470684225
22.785714284785715 22.125 0.4444444444444444 0.08974019367490904
22.785714284785715 22.1875 1.0 0.13331528153435912
22.785714284785715 22.25 1.0 0.0
22.785714284785715 22.3125 1.0 0.0
22.785714284785715 22.375 1.0 0.06416393245121843
22.785714284785715 22.5 0.4492753623188406 0.5320434843238743
22.821428570571427 22.125 1.0 0.0016945641470684225
22.821428570571427 22.1875 1.0 0.0
22.821428570571427 22.25 0.7692307692307693 0.16959061510866502
22.821428570571427 22.3125 1.0 0.0016945641470684225
22.821428570571427 22.375 0.4444444444444444 0.08974019367490904
22.821428570571427 22.4375 1.0 0.03516795896237501
22.821428570571427 22.5625 0.36764705882352944 0.5288733953083647
22.857142856357143 22.125 1.0 0.0
22.857142856357143 22.1875 1.0 0.0
22.857142856357143 22.25 1.0 0.20066456848308728
22.857142856357143 22.3125 0.75 0.06416393245121843
22.857142856357143 22.375 1.0 0.20066456848308728
22.857142856357143 22.4375 1.0 0.24025519150689967
22.857142856357143 22.5625 0.4583333333333333 0.45323955764304025
22.89285714214286 22.0 0.0 0.0
22.89285714214286 22.0625 0.0 0.0
22.89285714214286 22.125 1.0 0.06416393245121843
22.89285714214286 22.1875 1.0 0.13331528153435912
22.89285714214286 22.3125 0.3333333333333333 0.0016945641470684225
22.89285714214286 22.375 1.0 0.0
22.89285714214286 22.4375 0.0 0.0
22.89285714214286 22.5 0.875 0.3027245598110496
22.89285714214286 22.625 0.4772727272727273 0.5848602750303309
22.92857142792857 22.125 0.5 0.06416393245121843
22.92857142792857 22.1875 1.0 0.0
22.92857142792857 22.25 1.0 0.08974019367490904
22.92857142792857 22.3125 1.0 0.0
22.92857142792857 22.375 0.875 0.06416393245121843
22.92857142792857 22.4375 1.0 0.06416393245121843
22.92857142792857 22.5 1.0 0.0
22.92857142792857 22.5625 0.96875 0.3651939281151996
22.964285713714286 22.0 1.0 0.0
22.964285713714286 22.1875 0.7333333333333333 0.20066456848308728
22.964285713714286 22.25 1.0 0.13331528153435912
22.964285713714286 22.3125 0.5 0.0
22.964285713714286 22.375 1.0 0.0
22.964285713714286 22.4375 0.6666666666666666 0.08974019367490904
22.964285713714286 22.5 1.0 0.18568295679436564
22.964285713714286 22.5625 1.0 0.15220956197905905
22.964285713714286 22.6875 0.6153846153846154 0.5921396351157934
22.9999999995 22.0 0.0 0.0
22.9999999995 22.25 1.0 0.03516795896237501
22.9999999995 22.3125 1.0 0.0
22.9999999995 22.375 0.5714285714285714 0.03516795896237501
22.9999999995 22.4375 0.9 0.1126189389552466
22.9999999995 22.5 1.0 0.3201056129406556
22.9999999995 22.5625 0.8529411764705882 0.37835839747637423
22.9999999995 22.625 0.6923076923076923 0.3201056129406556
22.9999999995 22.75 0.5735294117647058 0.5288733953083647
23.035714285285714 22.0625 1.0 0.1126189389552466
23.035714285285714 22.125 1.0 0.0
23.035714285285714 22.1875 0.0 0.06416393245121843
23.035714285285714 22.25 1.0 0.0
23.035714285285714 22.3125 1.0 0.06416393245121843
23.035714285285714 22.375 1.0 0.20066456848308728
23.035714285285714 22.4375 1.0 0.0016945641470684225
23.035714285285714 22.5 0.3333333333333333 0.08974019367490904
23.035714285285714 22.5625 0.6333333333333333 0.35117956631507785
23.035714285285714 22.625 0.8571428571428571 0.27372858632220626
23.035714285285714 22.6875 1.0 0.06416393245121843
23.035714285285714 22.75 0.6019417475728155 0.6190375513078327
23.07142857107143 22.125 0.9166666666666666 0.15220956197905905
23.07142857107143 22.1875 1.0 0.06416393245121843
23.07142857107143 22.25 1.0 0.0016945641470684225
23.07142857107143 22.3125 1.0 0.20066456848308728
23.07142857107143 22.375 0.42857142857142855 0.03516795896237501
23.07142857107143 22.4375 1.0 0.3718759088941903
23.07142857107143 22.5 0.5882352941176471 0.2278433996443836
23.07142857107143 22.5625 1.0 0.03516795896237501
23.07142857107143 22.625 1.0 0.4136489346192278
23.07142857107143 22.6875 0.8571428571428571 0.33619795462635627
23.07142857107143 22.8125 0.5396825396825397 0.662804211514028
23.107142856857145 22.0625 0.0 0.06416393245121843
23.107142856857145 22.125 1.0 0.06416393245121843
23.107142856857145 22.25 1.0 0.0016945641470684225
23.107142856857145 22.3125 1.0 0.15220956197905905
23.107142856857145 22.375 0.8 0.0
23.107142856857145 22.4375 1.0 0.2519957394316611
23.107142856857145 22.5 0.9615384615384616 0.3201056129406556
23.107142856857145 22.5625 0.5396825396825397 0.5122892136820375
23.107142856857145 22.625 0.8181818181818182 0.13331528153435912
23.107142856857145 22.6875 0.9555555555555556 0.43922519584291847
23.107142856857145 22.75 0.6363636363636364 0.13331528153435912
23.107142856857145 22.8125 0.3333333333333333 0.43922519584291847
23.142857142642857 22.0625 0.2 0.20066456848308728
23.142857142642857 22.125 0.5 0.0016945641470684225
23.142857142642857 22.1875 1.0 0.0
23.142857142642857 22.25 1.0 0.06416393245121843
23.142857142642857 22.3125 0.7857142857142857 0.18568295679436564
23.142857142642857 22.375 0.5833333333333334 0.15220956197905905
23.142857142642857 22.4375 0.0 0.2631339367872372
23.142857142642857 22.5 0.5 0.0016945641470684225
23.142857142642857 22.5625 0.7931034482758621 0.3438179379047247
23.142857142642857 22.625 1.0 0.24025519150689967
23.142857142642857 22.6875 0.5714285714285714 0.38465296113038444
23.142857142642857 22.75 1.0 0.4343452771983403
23.142857142642857 22.8125 1.0 0.0
23.142857142642857 22.875 0.5 0.6793883931403554
23.178571428428572 22.125 1.0 0.0016945641470684225
23.178571428428572 22.1875 1.0 0.0
23.178571428428572 22.25 1.0 0.24025519150689967
23.178571428428572 22.3125 1.0 0.24025519150689967
23.178571428428572 22.375 0.42857142857142855 0.03516795896237501
23.178571428428572 22.5 0.8571428571428571 0.33619795462635627
23.178571428428572 22.5625 0.15384615384615385 0.16959061510866502
23.178571428428572 22.625 0.6923076923076923 0.16959061510866502
23.178571428428572 22.6875 0.8771929824561403 0.4905563667914923
23.178571428428572 22.75 0.9649122807017544 0.4905563667914923
23.178571428428572 22.8125 0.9310344827586207 0.3438179379047247
23.214285714214284 22.1875 1.0 0.0
23.214285714214284 22.25 1.0 0.13331528153435912
23.214285714214284 22.375 1.0 0.3283008210347403
23.214285714214284 22.4375 0.47368421052631576 0.2519957394316611
23.214285714214284 22.5 0.45 0.2631339367872372
23.214285714214284 22.5625 1.0 0.16959061510866502
23.214285714214284 22.625 1.0 0.2934828569640431
23.214285714214284 22.6875 1.0 0.0016945641470684225
23.214285714214284 22.75 0.7777777777777778 0.3283008210347403
23.214285714214284 22.8125 0.9047619047619048 0.4242435841541969
23.214285714214284 22.875 0.5714285714285714 0.03516795896237501
23.214285714214284 22.9375 0.5529411764705883 0.7278433996443836
23.25 22.0625 1.0 0.08974019367490904
23.25 22.125 0.55 0.2631339367872372
23.25 22.1875 1.0 0.0
23.25 22.25 1.0 0.0
23.25 22.3125 1.0 0.08974019367490904
23.25 22.375 0.75 0.15220956197905905
23.25 22.4375 1.0 0.0
23.25 22.5 1.0 0.06416393245121843
23.25 22.625 1.0 0.2934828569640431
23.25 22.6875 1.0 0.2934828569640431
23.25 22.75 1.0 0.20066456848308728
23.25 22.8125 0.9393939393939394 0.3718759088941903
23.25 22.875 0.9166666666666666 0.3027245598110496
23.25 23.0 0.5616438356164384 0.5442803690154746
23.285714285785716 22.0 1.0 0.06416393245121843
23.285714285785716 22.1875 0.0 0.0
23.285714285785716 22.25 1.0 0.0
23.285714285785716 22.3125 0.75 0.06416393245121843
23.285714285785716 22.375 0.0 0.0
23.285714285785716 22.4375 0.5 0.0016945641470684225
23.285714285785716 22.5 1.0 0.1126189389552466
23.285714285785716 22.5625 1.0 0.15220956197905905
23.285714285785716 22.625 1.0 0.13331528153435912
23.285714285785716 22.6875 0.8604651162790697 0.42935316674503987
23.285714285785716 22.75 1.0 0.4242435841541969
23.285714285785716 22.8125 0.9016393442622951 0.5052838564606301
23.285714285785716 22.875 0.8269230769230769 0.4706206107726462
23.285714285785716 22.9375 0.625 0.214678930283209
23.285714285785716 23.0 0.5789473684210527 0.7035407329276329
23.321428571571428 22.0 0.2 0.0
23.321428571571428 22.0625 0.4 0.0
23.321428571571428 22.125 0.6666666666666666 0.08974019367490904
23.321428571571428 22.1875 0.0 0.0
23.321428571571428 22.25 1.0 0.0
23.321428571571428 22.375 1.0 0.0
23.321428571571428 22.4375 1.0 0.0016945641470684225
23.321428571571428 22.5 0.631578947368421 0.2519957394316611
23.321428571571428 22.5625 1.0 0.3027245598110496
23.321428571571428 22.625 1.0 0.3718759088941903
23.321428571571428 22.6875 0.9696969696969697 0.3718759088941903
23.321428571571428 22.75 0.55 0.4136489346192278
23.321428571571428 22.8125 0.7222222222222222 0.39077018933889024
23.321428571571428 22.875 0.8571428571428571 0.4242435841541969
23.321428571571428 22.9375 0.88 0.5501495706510966
23.321428571571428 23.0625 0.5319148936170213 0.7496978635870866
23.357142857357143 22.125 0.8095238095238095 0.27372858632220626
23.357142857357143 22.1875 1.0 0.06416393245121843
23.357142857357143 22.25 1.0 0.0
23.357142857357143 22.3125 0.7272727272727273 0.13331528153435912
23.357142857357143 22.375 1.0 0.0
23.357142857357143 22.4375 1.0 0.0
23.357142857357143 22.5 1.0 0.0
23.357142857357143 22.5625 1.0 0.06416393245121843
23.357142857357143 22.625 0.9090909090909091 0.4343452771983403
23.357142857357143 22.6875 0.975 0.4136489346192278
23.357142857357143 22.75 0.6923076923076923 0.3201056129406556
23.357142857357143 22.8125 0.6610169491525424 0.4980449447763187
23.357142857357143 22.875 0.8507462686567164 0.5256563403056599
23.357142857357143 22.9375 1.0 0.5442803690154746
23.357142857357143 23.0 1.0 0.06416393245121843
23.357142857357143 23.0625 0.5288461538461539 0.6211356086046368
23.392857143142855 22.0625 1.0 0.0
23.392857143142855 22.25 0.6666666666666666 0.0
23.392857143142855 22.3125 1.0 0.0
23.392857143142855 22.375 0.75 0.06416393245121843
23.392857143142855 22.4375 1.0 0.0
23.392857143142855 22.5625 0.5714285714285714 0.27372858632220626
23.392857143142855 22.625 0.9032258064516129 0.358299785872383
23.392857143142855 22.6875 0.8333333333333334 0.15220956197905905
23.392857143142855 22.75 0.9777777777777777 0.43922519584291847
23.392857143142855 22.8125 0.6470588235294118 0.37835839747637423
23.392857143142855 22.875 0.86 0.46210394112325603
23.392857143142855 22.9375 0.7261904761904762 0.5747585819861875
23.392857143142855 23.0 0.8035714285714286 0.48671295245834684
23.392857143142855 23.0625 1.0 0.0
23.392857143142855 23.125 0.6652360515021459 0.7962968994682561
23.42857142892857 22.0 1.0 0.0
23.42857142892857 22.0625 0.0 0.0
23.42857142892857 22.25 0.4 0.0
23.42857142892857 22.3125 1.0 0.13331528153435912
23.42857142892857 22.375 1.0 0.0016945641470684225
23.42857142892857 22.4375 0.2857142857142857 0.18568295679436564
23.42857142892857 22.5 1.0 0.06416393245121843
23.42857142892857 22.5625 0.6875 0.214678930283209
23.42857142892857 22.625 1.0 0.2278433996443836
23.42857142892857 22.6875 0.8636363636363636 0.28383027936634975
23.42857142892857 22.8125 0.8571428571428571 0.27372858632220626
23.42857142892857 22.875 0.7714285714285715 0.38465296113038444
23.42857142892857 22.9375 0.7037037037037037 0.5668614483945715
23.42857142892857 23.0 0.6854838709677419 0.6593297815363641
23.42857142892857 23.0625 0.8571428571428571 0.4577169789695034
23.464285714714286 22.125 0.0 0.0
23.464285714714286 22.1875 0.0 0.0
23.464285714714286 22.375 1.0 0.0
23.464285714714286 22.4375 1.0 0.15220956197905905
23.464285714714286 22.5 1.0 0.0
23.464285714714286 22.5625 1.0 0.1126189389552466
23.464285714714286 22.625 0.38461538461538464 0.3201056129406556
23.464285714714286 22.6875 0.71875 0.3651939281151996
23.464285714714286 22.75 0.9230769230769231 0.3201056129406556
23.464285714714286 22.8125 0.9019607843137255 0.4664040270042148
23.464285714714286 22.875 0.9772727272727273 0.4343452771983403
23.464285714714286 22.9375 0.8695652173913043 0.5320434843238743
23.464285714714286 23.0 0.9375 0.5641639324512184
23.464285714714286 23.0625 0.8151260504201681 0.650392419651512
23.464285714714286 23.125 1.0 0.0
23.464285714714286 23.1875 0.7 0.8283008210347402
23.5000000005 22.1875 1.0 0.0
23.5000000005 22.25 0.7 0.1126189389552466
23.5000000005 22.3125 0.0 0.0
23.5000000005 22.375 1.0 0.24025519150689967
23.5000000005 22.4375 1.0 0.0016945641470684225
23.5000000005 22.5 1.0 0.0
23.5000000005 22.5625 0.8421052631578947 0.2519957394316611
23.5000000005 22.625 0.7714285714285715 0.38465296113038444
23.5000000005 22.6875 0.9166666666666666 0.15220956197905905
23.5000000005 22.75 0.967741935483871 0.358299785872383
23.5000000005 22.8125 1.0 0.3283008210347403
23.5000000005 22.875 0.8863636363636364 0.4343452771983403
23.5000000005 22.9375 0.8461538461538461 0.5586662403004868
23.5000000005 23.0 0.96875 0.6037545554750308
23.5000000005 23.0625 0.8387096774193549 0.5968604132322142
23.5000000005 23.125 0.8928571428571429 0.48671295245834684
23.5000000005 23.25 0.7213114754098361 0.7438444838204613
23.535714286285714 22.0625 1.0 0.13331528153435912
23.535714286285714 22.125 0.6666666666666666 0.0016945641470684225
23.535714286285714 22.1875 0.375 0.06416393245121843
23.535714286285714 22.25 0.0 0.0
23.535714286285714 22.3125 0.0 0.15220956197905905
23.535714286285714 22.375 1.0 0.20066456848308728
23.535714286285714 22.4375 1.0 0.18568295679436564
23.535714286285714 22.5 1.0 0.0016945641470684225
23.535714286285714 22.5625 0.5 0.06416393245121843
23.535714286285714 22.625 1.0 0.1126189389552466
23.535714286285714 22.6875 1.0 0.0
23.535714286285714 22.75 1.0 0.39077018933889024
23.535714286285714 22.8125 0.9130434782608695 0.44399785479603365
23.535714286285714 22.875 0.8709677419354839 0.5088147837043736
