desi_data/desi_elg_ts_zenodo/sv1gfib-800coaddefftime1200-South-sv1-S-1.1z1.6-coii-zenodo.ecsv
# %ECSV 0.9
# ---
# datatype:
# - {name: GFIB, datatype: float64}
# - {name: COII, datatype: float64}
# - {name: EFFICIENCY_11Z16, datatype: float64}
# - {name: ALPHA, datatype: float64}
# schema: astropy-2.0
GFIB COII EFFICIENCY_11Z16 ALPHA
[from data line 324]
22.542857141942857 -1.0750000000000002 0.0 0.0
22.542857141942857 -0.9000000000000004 0.0 0.0
22.542857141942857 -0.7250000000000001 0.0 0.0689365965063306
22.542857141942857 -0.5500000000000003 0.0 0.0
22.542857141942857 -0.375 0.0 0.0
22.542857141942857 -0.20000000000000018 0.0 0.10521193008063645
22.542857141942857 -0.025000000000000355 0.0 0.0689365965063306
22.542857141942857 0.1499999999999999 0.0 0.0689365965063306
22.542857141942857 0.32499999999999973 0.05263157894736842 0.18761705440363258
22.542857141942857 0.5 0.05263157894736842 0.18761705440363258
22.542857141942857 0.6749999999999998 0.17142857142857143 0.3202742761023559
22.542857141942857 0.8499999999999996 0.45652173913043476 0.37961916976800514
22.542857141942857 1.0249999999999995 0.0 0.26392213600671177
22.542857141942857 1.1999999999999993 0.0 0.22910417193601457
22.542857141942857 1.375 0.23076923076923078 0.10521193008063645
22.542857141942857 1.5499999999999998 0.0 0.19875525175920872
22.5999999992 -1.6 0.0 0.0
22.5999999992 -1.25 0.0 0.0
22.5999999992 -0.7250000000000001 0.0 0.0
22.5999999992 -0.375 0.0 0.1362858834550587
22.5999999992 -0.20000000000000018 0.0 0.12130427176633712
22.5999999992 -0.025000000000000355 0.0 0.21945159433832118
22.5999999992 0.1499999999999999 0.0 0.2472102582632369
22.5999999992 0.32499999999999973 0.10344827586206896 0.27943925287669613
22.5999999992 0.5 0.0 0.1362858834550587
22.5999999992 0.6749999999999998 0.36363636363636365 0.21945159433832118
22.5999999992 0.8499999999999996 0.0 0.21945159433832118
22.5999999992 1.0249999999999995 0.0 0.08783087695103053
22.5999999992 1.1999999999999993 0.0 0.26392213600671177
22.5999999992 1.375 0.0 0.0
22.5999999992 1.5499999999999998 0.0 0.0
22.5999999992 1.8999999999999995 0.0 0.0
22.657142856457142 -2.125 0.0 0.0
22.657142856457142 -0.9000000000000004 0.0 0.0
22.657142856457142 -0.375 0.0 0.0
22.657142856457142 -0.20000000000000018 0.0 0.0
22.657142856457142 -0.025000000000000355 0.0 0.0
22.657142856457142 0.1499999999999999 0.4444444444444444 0.17587650647887115
22.657142856457142 0.32499999999999973 0.17647058823529413 0.1634647146163551
22.657142856457142 0.5 0.34285714285714286 0.3202742761023559
22.657142856457142 0.6749999999999998 0.4444444444444444 0.37484651081488995
22.657142856457142 0.8499999999999996 0.11627906976744186 0.36497448171701136
22.657142856457142 1.0249999999999995 0.45454545454545453 0.3699665921703118
22.657142856457142 1.1999999999999993 0.0 0.21945159433832118
22.657142856457142 1.375 0.0 0.0689365965063306
22.657142856457142 1.5499999999999998 0.0 0.0
22.657142856457142 1.7249999999999996 0.0 0.26392213600671177
22.657142856457142 1.8999999999999995 0.0 0.0689365965063306
22.714285713714286 -1.25 0.0 0.0
22.714285713714286 -1.0750000000000002 0.0 0.0
22.714285713714286 -0.9000000000000004 0.0 0.025361508646880526
22.714285713714286 -0.7250000000000001 0.0 0.0
22.714285713714286 -0.5500000000000003 0.0 0.025361508646880526
22.714285713714286 -0.375 0.0 0.04824025392721809
22.714285713714286 -0.20000000000000018 0.0 0.08783087695103053
22.714285713714286 -0.025000000000000355 0.2727272727272727 0.0689365965063306
22.714285713714286 0.1499999999999999 0.058823529411764705 0.1634647146163551
22.714285713714286 0.32499999999999973 0.0 0.26392213600671177
22.714285713714286 0.5 0.4864864864864865 0.3323411159607156
22.714285713714286 0.6749999999999998 0.13636363636363635 0.4580122216981525
22.714285713714286 0.8499999999999996 0.021739130434782608 0.37961916976800514
22.714285713714286 1.0249999999999995 0.0 0.025361508646880526
22.714285713714286 1.1999999999999993 0.05555555555555555 0.17587650647887115
22.714285713714286 1.375 0.0 0.20934990129417774
22.714285713714286 1.5499999999999998 0.0 0.12130427176633712
22.714285713714286 1.7249999999999996 0.0 0.025361508646880526
22.714285713714286 1.8999999999999995 0.0 0.1634647146163551
22.77142857097143 -2.65 0.0 0.0
22.77142857097143 -2.3 0.0 0.0
22.77142857097143 -2.125 0.0 0.0
22.77142857097143 -1.25 0.0 0.0
22.77142857097143 -1.0750000000000002 0.0 0.0
22.77142857097143 -0.9000000000000004 0.0 0.04824025392721809
22.77142857097143 -0.375 0.0 0.10521193008063645
22.77142857097143 -0.20000000000000018 0.0 0.12130427176633712
22.77142857097143 -0.025000000000000355 0.05555555555555555 0.17587650647887115
22.77142857097143 0.1499999999999999 0.0 0.41443713383870234
22.77142857097143 0.32499999999999973 0.23529411764705882 0.31397971244834566
22.77142857097143 0.5 0.275 0.3492702495911993
22.77142857097143 0.6749999999999998 0.03508771929824561 0.4261776817634638
22.77142857097143 0.8499999999999996 0.1388888888888889 0.47690650214285235
22.77142857097143 1.0249999999999995 0.025 0.3492702495911993
22.77142857097143 1.1999999999999993 0.15789473684210525 0.33813205223562315
22.77142857097143 1.375 0.0 0.3546321822870859
22.77142857097143 1.5499999999999998 0.0 0.33813205223562315
22.77142857097143 1.7249999999999996 0.0 0.2472102582632369
22.77142857097143 1.8999999999999995 0.0 0.04824025392721809
22.82857142822857 -1.6 0.0 0.04824025392721809
22.82857142822857 -1.25 0.0 0.0
22.82857142822857 -0.5500000000000003 0.0 0.0
22.82857142822857 -0.375 0.0 0.1634647146163551
22.82857142822857 -0.20000000000000018 0.0 0.0
22.82857142822857 -0.025000000000000355 0.0 0.12130427176633712
22.82857142822857 0.1499999999999999 0.07692307692307693 0.10521193008063645
22.82857142822857 0.32499999999999973 0.15384615384615385 0.2557269279126271
22.82857142822857 0.5 0.1 0.2868008812870493
22.82857142822857 0.6749999999999998 0.5757575757575758 0.30749722386616185
22.82857142822857 0.8499999999999996 0.0 0.37484651081488995
22.82857142822857 1.0249999999999995 0.21428571428571427 0.3598648991261683
22.82857142822857 1.1999999999999993 0.08695652173913043 0.22910417193601457
22.82857142822857 1.375 0.0 0.1503002452551805
22.82857142822857 1.5499999999999998 0.0 0.19875525175920872
22.82857142822857 1.7249999999999996 0.0 0.2868008812870493
22.82857142822857 1.8999999999999995 0.0 0.0
22.885714285485715 -1.6 0.0 0.0
22.885714285485715 -0.9000000000000004 0.0 0.04824025392721809
22.885714285485715 -0.5500000000000003 0.0 0.0
22.885714285485715 -0.20000000000000018 0.0 0.1503002452551805
22.885714285485715 -0.025000000000000355 0.0 0.1362858834550587
22.885714285485715 0.1499999999999999 0.0 0.27943925287669613
22.885714285485715 0.32499999999999973 0.2 0.2472102582632369
22.885714285485715 0.5 0.3333333333333333 0.2868008812870493
22.885714285485715 0.6749999999999998 0.21951219512195122 0.3546321822870859
22.885714285485715 0.8499999999999996 0.1875 0.3008152430871711
22.885714285485715 1.0249999999999995 0.0 0.38886087261501173
22.885714285485715 1.1999999999999993 0.20408163265306123 0.3933382939414749
22.885714285485715 1.375 0.02702702702702703 0.3323411159607156
22.885714285485715 1.5499999999999998 0.0 0.2383458747830211
22.885714285485715 1.7249999999999996 0.0 0.04824025392721809
22.885714285485715 1.8999999999999995 0.0 0.27943925287669613
22.942857142742856 -2.65 0.0 0.0
22.942857142742856 -2.3 0.0 0.0
22.942857142742856 -1.6 0.0 0.0
22.942857142742856 -1.425 0.0 0.0689365965063306
22.942857142742856 -1.25 0.0 0.0
22.942857142742856 -1.0750000000000002 0.0 0.0
22.942857142742856 -0.5500000000000003 0.0 0.10521193008063645
22.942857142742856 -0.20000000000000018 0.0 0.0
22.942857142742856 -0.025000000000000355 0.21052631578947367 0.18761705440363258
22.942857142742856 0.1499999999999999 0.043478260869565216 0.22910417193601457
22.942857142742856 0.32499999999999973 0.3225806451612903 0.2939211008443544
22.942857142742856 0.5 0.1935483870967742 0.2939211008443544
22.942857142742856 0.6749999999999998 0.27586206896551724 0.42995425070868676
22.942857142742856 0.8499999999999996 0.32926829268292684 0.5051471801190764
22.942857142742856 1.0249999999999995 0.14473684210526316 0.4886470500676138
22.942857142742856 1.1999999999999993 0.11290322580645161 0.44443609867634504
22.942857142742856 1.375 0.029411764705882353 0.31397971244834566
22.942857142742856 1.5499999999999998 0.0 0.3492702495911993
22.942857142742856 1.7249999999999996 0.0 0.3492702495911993
22.942857142742856 1.8999999999999995 0.0 0.08783087695103053
23.0 -2.65 0.0 0.0
23.0 -2.125 0.0 0.0
23.0 -1.0750000000000002 0.0 0.0
23.0 -0.9000000000000004 0.0 0.04824025392721809
23.0 -0.375 0.0 0.0
23.0 -0.20000000000000018 0.0 0.12130427176633712
23.0 -0.025000000000000355 0.35294117647058826 0.1634647146163551
23.0 0.1499999999999999 0.3191489361702128 0.38428918289507685
23.0 0.32499999999999973 0.2222222222222222 0.17587650647887115
23.0 0.5 0.5675675675675675 0.3323411159607156
23.0 0.6749999999999998 0.45348837209302323 0.5154894795490019
23.0 0.8499999999999996 0.38461538461538464 0.4062419257446177
23.0 1.0249999999999995 0.11594202898550725 0.46766479929584576
23.0 1.1999999999999993 0.03636363636363636 0.5689365965063307
23.0 1.375 0.21052631578947367 0.33813205223562315
23.0 1.5499999999999998 0.0 0.22910417193601457
23.0 1.7249999999999996 0.0 0.3437725574404677
23.0 1.8999999999999995 0.0 0.26392213600671177
23.057142857257144 -2.3 0.0 0.0
23.057142857257144 -2.125 0.0 0.0
23.057142857257144 -1.425 0.0 0.0
23.057142857257144 -1.25 0.0 0.0
23.057142857257144 -0.9000000000000004 0.0 0.04824025392721809
23.057142857257144 -0.7250000000000001 0.0 0.0
23.057142857257144 -0.5500000000000003 0.0 0.0
23.057142857257144 -0.375 0.0 0.0
23.057142857257144 -0.20000000000000018 0.0 0.31397971244834566
23.057142857257144 -0.025000000000000355 0.21052631578947367 0.18761705440363258
23.057142857257144 0.1499999999999999 0.15555555555555556 0.37484651081488995
23.057142857257144 0.32499999999999973 0.3125 0.3008152430871711
23.057142857257144 0.5 0.09090909090909091 0.41842159867434003
23.057142857257144 0.6749999999999998 0.1566265060240964 0.5077793001152551
23.057142857257144 0.8499999999999996 0.43617021276595747 0.5348041807270674
23.057142857257144 1.0249999999999995 0.10416666666666667 0.5393758704470023
23.057142857257144 1.1999999999999993 0.3829787234042553 0.38428918289507685
23.057142857257144 1.375 0.12903225806451613 0.5324817282041856
23.057142857257144 1.5499999999999998 0.04411764705882353 0.4644947102803363
23.057142857257144 1.7249999999999996 0.0 0.38886087261501173
23.057142857257144 1.8999999999999995 0.038461538461538464 0.2557269279126271
23.114285714514285 -3.0 0.0 0.0
23.114285714514285 -1.7750000000000001 0.0 0.0
23.114285714514285 -1.425 0.0 0.0
23.114285714514285 -0.9000000000000004 0.0 0.0
23.114285714514285 -0.7250000000000001 0.0 0.0
23.114285714514285 -0.375 0.0 0.1503002452551805
23.114285714514285 -0.20000000000000018 0.0 0.18761705440363258
23.114285714514285 -0.025000000000000355 0.0 0.3008152430871711
23.114285714514285 0.1499999999999999 0.0425531914893617 0.38428918289507685
23.114285714514285 0.32499999999999973 0.2 0.3977252560952275
23.114285714514285 0.5 0.19753086419753085 0.502482763366543
23.114285714514285 0.6749999999999998 0.5616438356164384 0.47990168398744604
23.114285714514285 0.8499999999999996 0.3333333333333333 0.4373158791190399
23.114285714514285 1.0249999999999995 0.2413793103448276 0.42995425070868676
23.114285714514285 1.1999999999999993 0.23711340206185566 0.5416261210603406
23.114285714514285 1.375 0.034482758620689655 0.5804692485406774
23.114285714514285 1.5499999999999998 0.0 0.47990168398744604
23.114285714514285 1.7249999999999996 0.0 0.4580122216981525
23.114285714514285 1.8999999999999995 0.0 0.3546321822870859
23.17142857177143 -2.3 0.0 0.12130427176633712
23.17142857177143 -2.125 0.0 0.0
23.17142857177143 -1.9500000000000002 0.0 0.0
23.17142857177143 -1.425 0.0 0.0
23.17142857177143 -1.25 0.0 0.0
23.17142857177143 -1.0750000000000002 0.0 0.1634647146163551
23.17142857177143 -0.9000000000000004 0.0 0.0
23.17142857177143 -0.7250000000000001 0.0 0.0
23.17142857177143 -0.5500000000000003 0.0 0.025361508646880526
23.17142857177143 -0.375 0.0 0.0
23.17142857177143 -0.20000000000000018 0.0 0.0689365965063306
23.17142857177143 -0.025000000000000355 0.0 0.2939211008443544
23.17142857177143 0.1499999999999999 0.08 0.2472102582632369
23.17142857177143 0.32499999999999973 0.16883116883116883 0.491485616513459
23.17142857177143 0.5 0.42857142857142855 0.4707892739343465
23.17142857177143 0.6749999999999998 0.27586206896551724 0.5179998802365273
23.17142857177143 0.8499999999999996 0.3103448275862069 0.6289242550447055
23.17142857177143 1.0249999999999995 0.22608695652173913 0.5785891741040239
23.17142857177143 1.1999999999999993 0.13740458015267176 0.6068759017551002
23.17142857177143 1.375 0.04666666666666667 0.6362858834550587
23.17142857177143 1.5499999999999998 0.0 0.4223342674303183
23.17142857177143 1.7249999999999996 0.0 0.3492702495911993
23.17142857177143 1.8999999999999995 0.0 0.4336662597482902
23.22857142902857 -1.7750000000000001 0.0 0.0
23.22857142902857 -1.6 0.0 0.0
23.22857142902857 -1.425 0.0 0.0
23.22857142902857 -1.25 0.0 0.0
23.22857142902857 -0.9000000000000004 0.0 0.0
23.22857142902857 -0.7250000000000001 0.0 0.08783087695103053
23.22857142902857 -0.5500000000000003 0.0 0.0
23.22857142902857 -0.375 0.0 0.08783087695103053
23.22857142902857 -0.20000000000000018 0.0 0.08783087695103053
23.22857142902857 -0.025000000000000355 0.17777777777777778 0.37484651081488995
23.22857142902857 0.1499999999999999 0.1827956989247312 0.5324817282041856
23.22857142902857 0.32499999999999973 0.32075471698113206 0.4103781887276126
23.22857142902857 0.5 0.17391304347826086 0.46766479929584576
23.22857142902857 0.6749999999999998 0.2 0.5588349034621871
23.22857142902857 0.8499999999999996 0.5285714285714286 0.4707892739343465
23.22857142902857 1.0249999999999995 0.23076923076923078 0.5277609500877649
23.22857142902857 1.1999999999999993 0.3 0.5253615086468806
23.22857142902857 1.375 0.10714285714285714 0.5103798969581589
23.22857142902857 1.5499999999999998 0.018018018018018018 0.5709017433205468
23.22857142902857 1.7249999999999996 0.061855670103092786 0.5416261210603406
23.22857142902857 1.8999999999999995 0.0 0.4546969322486459
23.285714286285714 -2.825 0.0 0.0
23.285714286285714 -2.3 0.0 0.0
23.285714286285714 -2.125 0.0 0.0
23.285714286285714 -1.0750000000000002 0.0 0.0
23.285714286285714 -0.9000000000000004 0.0 0.0
23.285714286285714 -0.7250000000000001 0.0 0.0
23.285714286285714 -0.5500000000000003 0.0 0.17587650647887115
23.285714286285714 -0.375 0.06666666666666667 0.1362858834550587
23.285714286285714 -0.20000000000000018 0.0 0.17587650647887115
23.285714286285714 -0.025000000000000355 0.0 0.2557269279126271
23.285714286285714 0.1499999999999999 0.08955223880597014 0.4612776552776313
23.285714286285714 0.32499999999999973 0.3723404255319149 0.5348041807270674
23.285714286285714 0.5 0.5 0.44443609867634504
23.285714286285714 0.6749999999999998 0.4788732394366197 0.6243844261187463
23.285714286285714 0.8499999999999996 0.2698412698412698 0.5984255264859996
23.285714286285714 1.0249999999999995 0.2716049382716049 0.6529977611985336
23.285714286285714 1.1999999999999993 0.15306122448979592 0.5438532917734655
23.285714286285714 1.375 0.06896551724137931 0.5804692485406774
23.285714286285714 1.5499999999999998 0.021739130434782608 0.6181797971278363
23.285714286285714 1.7249999999999996 0.0 0.5709017433205468
23.285714286285714 1.8999999999999995 0.0 0.47386942828675577
23.342857143542858 -2.475 0.0 0.0
23.342857143542858 -1.7750000000000001 0.0 0.1634647146163551
23.342857143542858 -1.425 0.0 0.0
23.342857143542858 -1.25 0.4 0.1362858834550587
23.342857143542858 -1.0750000000000002 0.0 0.0
23.342857143542858 -0.9000000000000004 0.0 0.0
23.342857143542858 -0.7250000000000001 0.0 0.025361508646880526
23.342857143542858 -0.5500000000000003 0.0 0.0
23.342857143542858 -0.375 0.0 0.10521193008063645
23.342857143542858 -0.20000000000000018 0.1 0.19875525175920872
23.342857143542858 -0.025000000000000355 0.15789473684210525 0.4261776817634638
23.342857143542858 0.1499999999999999 0.022727272727272728 0.5204815900023024
