desi_data/desi_elg_ts_zenodo/sv1gfib-800coaddefftime1200-South-sv1-S-0.6z1.6-grz-zenodo.ecsv
# %ECSV 0.9
# ---
# datatype:
# - {name: RZ, datatype: float64}
# - {name: GR, datatype: float64}
# - {name: EFFICIENCY_06Z16, datatype: float64}
# - {name: ALPHA, datatype: float64}
# schema: astropy-2.0
RZ GR EFFICIENCY_06Z16 ALPHA
[from data line 1199]
0.6935714290585715 -0.28125 0.0 0.0
0.6935714290585715 -0.21875 0.7 0.17257546818674113
0.6935714290585715 -0.15625 0.7837837837837838 0.30616133238824805
0.6935714290585715 -0.09375 0.45714285714285713 0.29409449252988834
0.6935714290585715 -0.03125 0.8125 0.5466694816898413
0.6935714290585715 0.03125 0.8128654970760234 0.6385585255508275
0.6935714290585715 0.09375 0.7971014492753623 0.6800456430832094
0.6935714290585715 0.15625 0.8888888888888888 0.7066683990598219
0.6935714290585715 0.21875 0.9404466501240695 0.8247129934253052
0.6935714290585715 0.28125 0.906392694063927 0.8427975256068003
0.6935714290585715 0.34375 0.9571428571428572 0.7940944925298883
0.6935714290585715 0.40625 0.9095890410958904 0.8032069025829879
0.6935714290585715 0.46875 0.8690176322418136 0.821455723736308
0.6935714290585715 0.53125 0.8402061855670103 0.8164763331518542
0.6935714290585715 0.59375 0.8910411622276029 0.830035496182951
0.6935714290585715 0.65625 0.776566757493188 0.8043935024807952
0.6935714290585715 0.71875 0.8746177370030581 0.7793343466848937
0.7378571434328571 -0.46875 0.75 0.0
0.7378571434328571 -0.40625 0.0 0.04275681293386302
0.7378571434328571 -0.34375 1.0 0.0
0.7378571434328571 -0.28125 0.8571428571428571 0.09512448819386954
0.7378571434328571 -0.21875 0.8333333333333334 0.0
0.7378571434328571 -0.15625 0.8269230769230769 0.3800621421721501
0.7378571434328571 -0.09375 0.7586206896551724 0.2532594693042286
0.7378571434328571 -0.03125 0.575 0.47360546385072233
0.7378571434328571 0.03125 0.8571428571428571 0.572245742913532
0.7378571434328571 0.09375 0.8617021276595744 0.6591393949865905
0.7378571434328571 0.15625 0.8622047244094488 0.7244773286647196
0.7378571434328571 0.21875 0.9618320610687023 0.7312111160146233
0.7378571434328571 0.28125 0.906158357771261 0.7884376598509995
0.7378571434328571 0.34375 0.9295454545454546 0.8437868085978443
0.7378571434328571 0.40625 0.9608355091383812 0.8136598573390619
0.7378571434328571 0.46875 0.8868501529051988 0.7793343466848937
0.7378571434328571 0.53125 0.9050279329608939 0.7990019836766877
0.7378571434328571 0.59375 0.9304635761589404 0.7620639418333259
0.7378571434328571 0.65625 0.8482758620689655 0.7532594693042286
0.7378571434328571 0.71875 0.8409090909090909 0.7328624337896661
0.7378571434328571 0.78125 0.7275747508305648 0.7613437181516722
0.7821428578071428 -0.46875 0.75 0.0
0.7821428578071428 -0.34375 0.0 0.0
0.7821428578071428 -0.28125 0.125 0.1241204616827129
0.7821428578071428 -0.21875 0.625 0.21216609121055352
0.7821428578071428 -0.15625 0.8979591836734694 0.3671585103690074
0.7821428578071428 -0.09375 0.7727272727272727 0.4318324381256849
0.7821428578071428 -0.03125 0.6491228070175439 0.39999789819099624
0.7821428578071428 0.03125 0.8505747126436781 0.4918200966640598
0.7821428578071428 0.09375 0.9242424242424242 0.5823474359576755
0.7821428578071428 0.15625 0.8774703557312253 0.7236207309426594
0.7821428578071428 0.21875 0.9219330855018587 0.7369366103559545
0.7821428578071428 0.28125 0.8622754491017964 0.7839337037605327
0.7821428578071428 0.34375 0.953551912568306 0.8038010130519558
0.7821428578071428 0.40625 0.9355742296918768 0.7983945784108472
0.7821428578071428 0.46875 0.9577464788732394 0.7971746468822976
0.7821428578071428 0.53125 0.8770764119601329 0.7613437181516722
0.7821428578071428 0.59375 0.9327485380116959 0.7890735233828181
0.7821428578071428 0.65625 0.8706896551724138 0.7048044628002004
0.7821428578071428 0.71875 0.9568345323741008 0.7440828683137887
0.7821428578071428 0.78125 0.8869565217391304 0.702924388363547
0.7821428578071428 0.84375 0.7210884353741497 0.6057191377288386
0.8264285721814286 -0.34375 0.8333333333333334 0.0
0.8264285721814286 -0.28125 0.6363636363636364 0.04275681293386302
0.8264285721814286 -0.21875 0.6857142857142857 0.29409449252988834
0.8264285721814286 -0.15625 0.9666666666666667 0.26062109771458175
0.8264285721814286 -0.09375 0.9230769230769231 0.3800621421721501
0.8264285721814286 -0.03125 0.7702702702702703 0.4566763302202386
0.8264285721814286 0.03125 0.8240740740740741 0.5387723480982254
0.8264285721814286 0.09375 0.8942307692307693 0.5305771400041407
0.8264285721814286 0.15625 0.9102564102564102 0.7066683990598219
0.8264285721814286 0.21875 0.895397489539749 0.7112594208288194
0.8264285721814286 0.28125 0.9468085106382979 0.7471850245144311
0.8264285721814286 0.34375 0.9594594594594594 0.806161332388248
0.8264285721814286 0.40625 0.9545454545454546 0.7813174402936942
0.8264285721814286 0.46875 0.9535452322738386 0.8279221243584214
0.8264285721814286 0.53125 0.8459016393442623 0.7642103900281434
0.8264285721814286 0.59375 0.8986013986013986 0.750243486919272
0.8264285721814286 0.65625 0.8821548821548821 0.7584386950133567
0.8264285721814286 0.71875 0.894927536231884 0.7425150113873593
0.8264285721814286 0.78125 0.8173913043478261 0.702924388363547
0.8264285721814286 0.84375 0.8340080971659919 0.7184089469845834
0.8264285721814286 0.90625 0.7721518987341772 0.47087401599997125
0.8707142865557143 -0.40625 1.0 0.0
0.8707142865557143 -0.34375 0.85 0.17257546818674113
0.8707142865557143 -0.28125 1.0 0.0
0.8707142865557143 -0.21875 0.8 0.4111360955465724
0.8707142865557143 -0.15625 0.8125 0.36268108904254415
0.8707142865557143 -0.09375 0.8431372549019608 0.3758455584037187
0.8707142865557143 -0.03125 0.881578947368421 0.46246726649514625
0.8707142865557143 0.03125 0.9540229885057471 0.4918200966640598
0.8707142865557143 0.09375 0.873015873015873 0.572245742913532
0.8707142865557143 0.15625 0.8506493506493507 0.6158208307729821
0.8707142865557143 0.21875 0.9265536723163842 0.6460471035356539
0.8707142865557143 0.28125 0.9448051948051948 0.7663358286049726
0.8707142865557143 0.34375 0.9628482972136223 0.7766617315203019
0.8707142865557143 0.40625 0.9587301587301588 0.7712157472495508
0.8707142865557143 0.46875 0.8317460317460318 0.7712157472495508
0.8707142865557143 0.53125 0.9517241379310345 0.7532594693042286
0.8707142865557143 0.59375 0.8981481481481481 0.689287345930216
0.8707142865557143 0.65625 0.9056603773584906 0.7336834073231544
0.8707142865557143 0.71875 0.9125475285171103 0.7320383445996295
0.8707142865557143 0.78125 0.8162162162162162 0.6556463345562574
0.8707142865557143 0.84375 0.7872340425531915 0.5966700266824405
0.8707142865557143 0.90625 0.7782608695652173 0.702924388363547
0.9150000009299999 -0.46875 0.4444444444444444 0.0
0.9150000009299999 -0.40625 0.0 0.0
0.9150000009299999 -0.34375 0.8333333333333334 0.21216609121055352
0.9150000009299999 -0.28125 1.0 0.0
0.9150000009299999 -0.21875 0.8709677419354839 0.2677413172718869
0.9150000009299999 -0.15625 0.7857142857142857 0.2456394860258601
0.9150000009299999 -0.09375 0.9772727272727273 0.3437868085978443
0.9150000009299999 -0.03125 0.9622641509433962 0.38419840515514503
0.9150000009299999 0.03125 1.0 0.44148501572337817
0.9150000009299999 0.09375 1.0 0.517673508200998
0.9150000009299999 0.15625 0.8928571428571429 0.5951244881938695
0.9150000009299999 0.21875 0.893048128342246 0.657981273623
0.9150000009299999 0.28125 0.9518072289156626 0.6321145143747781
0.9150000009299999 0.34375 0.958904109589041 0.7547518960789596
0.9150000009299999 0.40625 0.9924528301886792 0.7336834073231544
0.9150000009299999 0.46875 0.9747634069400631 0.7725901014636263
0.9150000009299999 0.53125 0.9487179487179487 0.7066683990598219
0.9150000009299999 0.59375 0.9695652173913043 0.702924388363547
0.9150000009299999 0.65625 0.9365853658536586 0.6779374008826277
0.9150000009299999 0.71875 0.8384615384615385 0.7295471443401595
0.9150000009299999 0.78125 0.9481132075471698 0.6852284008191263
0.9150000009299999 0.84375 0.7432432432432432 0.6071913280522292
0.9150000009299999 0.90625 0.8372093023255814 0.4893096959765344
0.9592857153042857 -0.46875 0.0 0.0
0.9592857153042857 -0.34375 0.25 0.0
0.9592857153042857 -0.28125 1.0 0.1372849310438875
0.9592857153042857 -0.21875 0.8260869565217391 0.20292438836354698
0.9592857153042857 -0.15625 0.25 0.1241204616827129
0.9592857153042857 -0.09375 0.9827586206896551 0.40377446713621923
0.9592857153042857 -0.03125 0.9512195121951219 0.3284523987146183
0.9592857153042857 0.03125 0.8271604938271605 0.47630297979407543
0.9592857153042857 0.09375 0.9777777777777777 0.5872273546022536
0.9592857153042857 0.15625 0.9379310344827586 0.602744471472238
0.9592857153042857 0.21875 0.9562841530054644 0.6532860152199653
0.9592857153042857 0.28125 0.9382716049382716 0.6268179776260661
0.9592857153042857 0.34375 0.9574468085106383 0.6591393949865905
0.9592857153042857 0.40625 0.9183673469387755 0.6681885060329886
0.9592857153042857 0.46875 0.9495798319327731 0.7103489488830066
0.9592857153042857 0.53125 0.9704142011834319 0.6360038226615873
0.9592857153042857 0.59375 0.9230769230769231 0.6360038226615873
0.9592857153042857 0.65625 0.8658008658008658 0.7038664603008227
0.9592857153042857 0.71875 0.8972972972972973 0.6556463345562574
0.9592857153042857 0.78125 0.9294871794871795 0.6186227695319814
0.9592857153042857 0.84375 0.6410256410256411 0.46810777169999074
1.0035714296785716 -0.46875 0.0 0.04275681293386302
1.0035714296785716 -0.34375 1.0 0.0
1.0035714296785716 -0.21875 0.2857142857142857 0.09512448819386954
1.0035714296785716 -0.15625 0.5882352941176471 0.1372849310438875
1.0035714296785716 -0.09375 1.0 0.04275681293386302
1.0035714296785716 -0.03125 1.0 0.2532594693042286
1.0035714296785716 0.03125 0.9736842105263158 0.3119522686631556
1.0035714296785716 0.09375 0.6911764705882353 0.4383149267078687
1.0035714296785716 0.15625 0.8846153846153846 0.46810777169999074
1.0035714296785716 0.21875 0.9915966386554622 0.559833951051016
1.0035714296785716 0.28125 0.9326923076923077 0.5305771400041407
1.0035714296785716 0.34375 0.9364406779661016 0.7085164718398038
1.0035714296785716 0.40625 0.9518072289156626 0.6321145143747781
1.0035714296785716 0.46875 0.919047619047619 0.6831701177217102
1.0035714296785716 0.53125 0.9078947368421053 0.7010278938549774
1.0035714296785716 0.59375 0.9414893617021277 0.6591393949865905
1.0035714296785716 0.65625 0.915929203539823 0.699114689928451
1.0035714296785716 0.71875 0.9502262443438914 0.6942566071973059
1.0035714296785716 0.78125 0.7441860465116279 0.4893096959765344
1.047857144052857 -0.46875 0.6363636363636364 0.04275681293386302
1.047857144052857 -0.34375 1.0 0.0
1.047857144052857 -0.28125 0.8461538461538461 0.07903214650816892
1.047857144052857 -0.21875 0.967741935483871 0.2677413172718869
1.047857144052857 -0.15625 0.5 0.3437868085978443
1.047857144052857 -0.09375 0.8571428571428571 0.2456394860258601
1.047857144052857 -0.03125 0.6923076923076923 0.22954714434015955
1.047857144052857 0.03125 0.7666666666666667 0.26062109771458175
1.047857144052857 0.09375 1.0 0.33879469814454377
1.047857144052857 0.15625 0.9295774647887324 0.4476896447142882
1.047857144052857 0.21875 0.9811320754716981 0.5347134029871357
1.047857144052857 0.28125 0.9428571428571428 0.5326551198897196
1.047857144052857 0.34375 0.96875 0.5756654551786847
1.047857144052857 0.40625 0.96 0.6101060998825911
1.047857144052857 0.46875 0.9098360655737705 0.5652403856921246
1.047857144052857 0.53125 0.8294117647058824 0.6372849310438875
1.047857144052857 0.59375 0.9191176470588235 0.5888299245398593
1.047857144052857 0.65625 0.9246575342465754 0.6042368982469691
1.047857144052857 0.71875 0.8263473053892215 0.6334187059285422
1.0921428584271429 -0.46875 0.0 0.0
1.0921428584271429 -0.40625 0.9166666666666666 0.06165109337856295
1.0921428584271429 -0.34375 1.0 0.0
1.0921428584271429 -0.28125 0.7777777777777778 0.0
1.0921428584271429 -0.21875 0.4166666666666667 0.06165109337856295
1.0921428584271429 -0.15625 0.9428571428571428 0.29409449252988834
1.0921428584271429 -0.09375 0.7619047619047619 0.18317011772171016
1.0921428584271429 -0.03125 0.8235294117647058 0.1372849310438875
1.0921428584271429 0.03125 0.9743589743589743 0.3175927738680001
1.0921428584271429 0.09375 0.967741935483871 0.2677413172718869
1.0921428584271429 0.15625 0.8421052631578947 0.3119522686631556
1.0921428584271429 0.21875 0.66 0.37154547252275993
1.0921428584271429 0.28125 1.0 0.4217307450815414
1.0921428584271429 0.34375 1.0 0.45072671857038477
1.0921428584271429 0.40625 0.8987341772151899 0.6213890138319619
1.0921428584271429 0.46875 0.9304347826086956 0.5524093905315564
1.0921428584271429 0.53125 0.9375 0.5466694816898413
1.0921428584271429 0.59375 0.9090909090909091 0.5823474359576755
1.0921428584271429 0.65625 0.9032258064516129 0.568771312935868
1.0921428584271429 0.71875 1.0 0.0
1.1364285728014287 -0.46875 0.5714285714285714 0.0
1.1364285728014287 -0.40625 0.0 0.0
1.1364285728014287 -0.34375 1.0 0.11010609988259118
1.1364285728014287 -0.28125 1.0 0.0
1.1364285728014287 -0.15625 0.9230769230769231 0.07903214650816892
1.1364285728014287 -0.09375 0.96 0.22103047469076936
1.1364285728014287 -0.03125 1.0 0.04275681293386302
1.1364285728014287 0.03125 0.926829268292683 0.3284523987146183
1.1364285728014287 0.09375 1.0 0.3336851155537008
1.1364285728014287 0.15625 1.0 0.17257546818674113
1.1364285728014287 0.21875 1.0 0.3581093993226093
1.1364285728014287 0.28125 0.7142857142857143 0.29409449252988834
1.1364285728014287 0.34375 0.96875 0.4251504573466941
1.1364285728014287 0.40625 0.9813084112149533 0.5367523591973554
1.1364285728014287 0.46875 0.7831325301204819 0.4815995165427875
1.1364285728014287 0.53125 0.922077922077922 0.4653058329409915
1.1364285728014287 0.59375 0.8571428571428571 0.5015811665152974
1.1364285728014287 0.65625 0.9166666666666666 0.06165109337856295
1.1807142871757141 -0.46875 0.0 0.0
1.1807142871757141 -0.40625 1.0 0.0
1.1807142871757141 -0.34375 1.0 0.0
1.1807142871757141 -0.28125 0.0 0.0
1.1807142871757141 -0.21875 0.6 0.0
1.1807142871757141 -0.15625 0.5555555555555556 0.0
1.1807142871757141 -0.09375 1.0 0.0
1.1807142871757141 -0.03125 0.9230769230769231 0.07903214650816892
1.1807142871757141 0.03125 1.0 0.21216609121055352
1.1807142871757141 0.09375 1.0 0.22103047469076936
1.1807142871757141 0.15625 1.0 0.3119522686631556
1.1807142871757141 0.21875 0.9047619047619048 0.3336851155537008
1.1807142871757141 0.28125 1.0 0.22954714434015955
1.1807142871757141 0.34375 0.8888888888888888 0.3002117207383942
1.1807142871757141 0.40625 0.8392857142857143 0.39615448385785074
1.1807142871757141 0.46875 0.9411764705882353 0.1372849310438875
1.1807142871757141 0.53125 0.8913043478260869 0.3534393861955376
1.1807142871757141 0.59375 0.7142857142857143 0.2456394860258601
1.22500000155 -0.46875 1.0 0.0
1.22500000155 -0.21875 0.7058823529411765 0.1372849310438875
1.22500000155 -0.09375 1.0 0.0
1.22500000155 -0.03125 0.65 0.17257546818674113
1.22500000155 0.03125 0.8148148148148148 0.2377423524342442
1.22500000155 0.09375 0.3333333333333333 0.0
1.22500000155 0.15625 0.8333333333333334 0.0
1.22500000155 0.21875 0.8823529411764706 0.1372849310438875
1.22500000155 0.28125 0.8571428571428571 0.29409449252988834
1.22500000155 0.34375 0.6666666666666666 0.11010609988259118
1.22500000155 0.40625 0.9444444444444444 0.3002117207383942
1.22500000155 0.46875 0.875 0.3230904660187317
1.22500000155 0.53125 1.0 0.04275681293386302
1.2692857159242859 -0.34375 0.7857142857142857 0.2456394860258601
1.2692857159242859 -0.15625 1.0 0.04275681293386302
1.2692857159242859 -0.09375 1.0 0.0
1.2692857159242859 -0.03125 1.0 0.0
1.2692857159242859 0.03125 1.0 0.022060470354750505
1.2692857159242859 0.09375 0.5555555555555556 0.2377423524342442
1.2692857159242859 0.15625 1.0 0.0
1.2692857159242859 0.21875 0.95 0.17257546818674113
1.2692857159242859 0.28125 1.0 0.0
1.2692857159242859 0.34375 0.2 0.0
1.2692857159242859 0.40625 0.9285714285714286 0.09512448819386954
1.2692857159242859 0.46875 0.4166666666666667 0.06165109337856295
1.3135714302985713 -0.40625 0.0 0.0
1.3135714302985713 -0.03125 1.0 0.11010609988259118
1.3135714302985713 0.09375 1.0 0.0
1.3135714302985713 0.15625 1.0 0.0
1.3135714302985713 0.21875 1.0 0.0
1.3135714302985713 0.28125 1.0 0.26062109771458175
1.3135714302985713 0.40625 1.0 0.0
1.3578571446728571 -0.34375 1.0 0.0
1.3578571446728571 -0.28125 1.0 0.0
