desi_data/desi_elg_ts_zenodo/sv1gfib-800coaddefftime1200-South-sv1-S-1.1z1.6-coii-zenodo.ecsv
# %ECSV 0.9
# ---
# datatype:
# - {name: GFIB, datatype: float64}
# - {name: COII, datatype: float64}
# - {name: EFFICIENCY_11Z16, datatype: float64}
# - {name: ALPHA, datatype: float64}
# schema: astropy-2.0
GFIB COII EFFICIENCY_11Z16 ALPHA
[from data line 1145]
21.485714282685713 0.0625 0.4444444444444444 0.025361508646880526
21.485714282685713 0.23749999999999982 0.0 0.04824025392721809
21.485714282685713 0.5874999999999999 0.26666666666666666 0.1362858834550587
21.485714282685713 0.7624999999999997 0.0 0.12130427176633712
21.485714282685713 0.9374999999999996 0.0 0.0
21.485714282685713 1.1124999999999998 0.0 0.0
21.485714282685713 1.4624999999999995 0.0 0.0689365965063306
21.485714282685713 1.6374999999999993 0.0 0.0
21.542857139942857 -0.8125 0.0 0.0
21.542857139942857 -0.46250000000000036 0.0 0.0
21.542857139942857 -0.2875000000000001 0.0 0.0
21.542857139942857 -0.11250000000000027 0.0 0.21945159433832118
21.542857139942857 0.0625 0.0 0.0
21.542857139942857 0.23749999999999982 0.0 0.19875525175920872
21.542857139942857 0.41249999999999964 0.14285714285714285 0.12130427176633712
21.542857139942857 0.5874999999999999 0.0 0.0
21.542857139942857 0.7624999999999997 0.0 0.0
21.542857139942857 0.9374999999999996 0.0 0.025361508646880526
21.542857139942857 1.1124999999999998 0.0 0.0
21.542857139942857 1.8125 0.0 0.0
21.5999999972 -0.8125 0.0 0.0
21.5999999972 -0.6375000000000002 0.0 0.0
21.5999999972 -0.46250000000000036 0.0 0.0
21.5999999972 -0.2875000000000001 0.0 0.0
21.5999999972 -0.11250000000000027 0.0 0.0
21.5999999972 0.0625 0.0 0.0
21.5999999972 0.23749999999999982 0.0 0.1503002452551805
21.5999999972 0.41249999999999964 0.8 0.0
21.5999999972 0.5874999999999999 0.0 0.1634647146163551
21.5999999972 0.7624999999999997 0.0 0.0
21.5999999972 0.9374999999999996 0.0 0.0
21.5999999972 1.1124999999999998 0.0 0.025361508646880526
21.5999999972 1.2874999999999996 0.0 0.0
21.657142854457142 -0.8125 0.0 0.0
21.657142854457142 -0.6375000000000002 0.0 0.0
21.657142854457142 -0.46250000000000036 0.0 0.0
21.657142854457142 -0.11250000000000027 0.0 0.1362858834550587
21.657142854457142 0.23749999999999982 0.14285714285714285 0.12130427176633712
21.657142854457142 0.41249999999999964 0.0 0.0
21.657142854457142 0.5874999999999999 0.0 0.12130427176633712
21.657142854457142 0.7624999999999997 0.0 0.21945159433832118
21.657142854457142 0.9374999999999996 0.0 0.0
21.657142854457142 1.1124999999999998 0.0 0.0
21.657142854457142 1.2874999999999996 0.0 0.04824025392721809
21.714285711714286 0.0625 0.0 0.0
21.714285711714286 0.23749999999999982 0.0 0.0
21.714285711714286 0.41249999999999964 0.0 0.19875525175920872
21.714285711714286 0.5874999999999999 0.0 0.0689365965063306
21.714285711714286 0.7624999999999997 0.0 0.0
21.714285711714286 0.9374999999999996 0.0 0.2557269279126271
21.714285711714286 1.1124999999999998 0.0 0.0
21.714285711714286 1.6374999999999993 0.0 0.0
21.714285711714286 1.9874999999999998 0.0 0.0
21.77142856897143 -0.46250000000000036 0.0 0.0
21.77142856897143 -0.2875000000000001 0.0 0.10521193008063645
21.77142856897143 -0.11250000000000027 0.0 0.0
21.77142856897143 0.0625 0.0 0.21945159433832118
21.77142856897143 0.23749999999999982 0.07142857142857142 0.12130427176633712
21.77142856897143 0.41249999999999964 0.0 0.0
21.77142856897143 0.7624999999999997 0.0 0.1362858834550587
21.77142856897143 1.1124999999999998 0.0 0.0
21.77142856897143 1.2874999999999996 0.0 0.0
21.77142856897143 1.4624999999999995 0.0 0.0
21.82857142622857 -1.1625 0.0 0.0
21.82857142622857 -0.8125 0.0 0.0
21.82857142622857 -0.6375000000000002 0.0 0.0
21.82857142622857 -0.2875000000000001 0.0 0.0
21.82857142622857 -0.11250000000000027 0.0 0.0
21.82857142622857 0.0625 0.0 0.0
21.82857142622857 0.23749999999999982 0.0 0.2557269279126271
21.82857142622857 0.41249999999999964 0.375 0.0
21.82857142622857 0.5874999999999999 0.0 0.0
21.82857142622857 0.7624999999999997 0.0 0.18761705440363258
21.82857142622857 1.1124999999999998 0.0 0.0
21.82857142622857 1.2874999999999996 0.0 0.0
21.82857142622857 1.4624999999999995 0.0 0.0
21.885714283485715 -1.8625 0.0 0.0
21.885714283485715 -1.1625 0.0 0.0689365965063306
21.885714283485715 -0.9875000000000003 0.0 0.0
21.885714283485715 -0.46250000000000036 0.0 0.0
21.885714283485715 0.0625 0.0 0.1362858834550587
21.885714283485715 0.23749999999999982 0.0 0.0
21.885714283485715 0.41249999999999964 0.07142857142857142 0.12130427176633712
21.885714283485715 0.5874999999999999 0.0 0.21945159433832118
21.885714283485715 0.7624999999999997 0.0 0.0
21.885714283485715 0.9374999999999996 0.0 0.0
21.885714283485715 1.2874999999999996 0.0 0.0
21.885714283485715 1.4624999999999995 0.0 0.0
21.942857140742856 -1.5125000000000002 0.0 0.0
21.942857140742856 -0.6375000000000002 0.14285714285714285 0.0
21.942857140742856 0.23749999999999982 0.36363636363636365 0.0689365965063306
21.942857140742856 0.41249999999999964 0.0 0.10521193008063645
21.942857140742856 0.5874999999999999 0.3 0.04824025392721809
21.942857140742856 0.7624999999999997 0.0 0.0
21.942857140742856 0.9374999999999996 0.0 0.0
21.942857140742856 1.2874999999999996 0.0 0.0
21.942857140742856 1.4624999999999995 0.375 0.0
21.942857140742856 1.6374999999999993 0.0 0.0
21.942857140742856 1.9874999999999998 0.0 0.0
21.999999998 -1.1625 0.0 0.0
21.999999998 -0.2875000000000001 0.0 0.0
21.999999998 -0.11250000000000027 0.0 0.0
21.999999998 0.0625 0.0 0.0
21.999999998 0.23749999999999982 0.0 0.2939211008443544
21.999999998 0.41249999999999964 0.2857142857142857 0.12130427176633712
21.999999998 0.5874999999999999 0.0 0.12130427176633712
21.999999998 0.7624999999999997 0.0 0.0
21.999999998 0.9374999999999996 0.25 0.0
21.999999998 1.1124999999999998 0.0 0.0
21.999999998 1.2874999999999996 0.0 0.19875525175920872
21.999999998 1.6374999999999993 0.0 0.0
22.057142855257144 -1.1625 0.0 0.0
22.057142855257144 -0.8125 0.3333333333333333 0.0
22.057142855257144 -0.46250000000000036 0.0 0.0
22.057142855257144 -0.11250000000000027 0.0 0.0
22.057142855257144 0.0625 0.0 0.0
22.057142855257144 0.23749999999999982 0.0 0.17587650647887115
22.057142855257144 0.41249999999999964 0.0 0.0
22.057142855257144 0.5874999999999999 0.0 0.0
22.057142855257144 0.7624999999999997 0.19047619047619047 0.20934990129417774
22.057142855257144 0.9374999999999996 0.0 0.0
22.057142855257144 1.1124999999999998 0.0 0.1503002452551805
22.057142855257144 1.2874999999999996 0.75 0.0
22.057142855257144 1.4624999999999995 0.0 0.0
22.114285712514285 -0.9875000000000003 0.0 0.0
22.114285712514285 -0.2875000000000001 0.0 0.0
22.114285712514285 -0.11250000000000027 0.0 0.0
22.114285712514285 0.0625 0.0 0.2472102582632369
22.114285712514285 0.23749999999999982 0.0 0.0
22.114285712514285 0.41249999999999964 0.11764705882352941 0.1634647146163551
22.114285712514285 0.5874999999999999 0.0 0.21945159433832118
22.114285712514285 0.7624999999999997 0.0 0.18761705440363258
22.114285712514285 0.9374999999999996 0.0 0.0
22.114285712514285 1.1124999999999998 0.0 0.0
22.114285712514285 1.2874999999999996 0.0 0.04824025392721809
22.114285712514285 1.4624999999999995 0.0 0.0
22.114285712514285 1.6374999999999993 0.0 0.0
22.17142856977143 -0.9875000000000003 0.0 0.0
22.17142856977143 -0.46250000000000036 0.0 0.0
22.17142856977143 -0.2875000000000001 0.0 0.0
22.17142856977143 -0.11250000000000027 0.0 0.0
22.17142856977143 0.0625 0.15 0.19875525175920872
22.17142856977143 0.23749999999999982 0.0 0.0
22.17142856977143 0.41249999999999964 0.0 0.0689365965063306
22.17142856977143 0.5874999999999999 0.0 0.1362858834550587
22.17142856977143 0.7624999999999997 0.2857142857142857 0.0
22.17142856977143 0.9374999999999996 0.0 0.0
22.17142856977143 1.1124999999999998 0.0 0.0
22.17142856977143 1.2874999999999996 0.0 0.0
22.17142856977143 1.4624999999999995 0.0 0.0
22.17142856977143 1.6374999999999993 0.0 0.0
22.22857142702857 -0.8125 0.0 0.0
22.22857142702857 -0.11250000000000027 0.0 0.0
22.22857142702857 0.0625 0.0 0.025361508646880526
22.22857142702857 0.23749999999999982 0.0 0.27943925287669613
22.22857142702857 0.41249999999999964 0.0 0.3008152430871711
22.22857142702857 0.5874999999999999 0.1875 0.1503002452551805
22.22857142702857 0.7624999999999997 0.0 0.12130427176633712
22.22857142702857 0.9374999999999996 0.0 0.08783087695103053
22.22857142702857 1.1124999999999998 0.0 0.0
22.22857142702857 1.2874999999999996 0.0 0.0689365965063306
22.22857142702857 1.4624999999999995 0.0 0.2557269279126271
22.22857142702857 1.6374999999999993 0.0 0.08783087695103053
22.22857142702857 1.8125 0.0 0.0
22.285714284285714 -1.6875 0.0 0.0
22.285714284285714 -1.3375000000000001 0.0 0.0
22.285714284285714 -0.9875000000000003 0.0 0.0
22.285714284285714 -0.8125 0.0 0.0
22.285714284285714 -0.11250000000000027 0.0 0.0
22.285714284285714 0.0625 0.0 0.0
22.285714284285714 0.23749999999999982 0.0 0.22910417193601457
22.285714284285714 0.41249999999999964 0.125 0.2383458747830211
22.285714284285714 0.5874999999999999 0.4117647058823529 0.31397971244834566
22.285714284285714 0.7624999999999997 0.0 0.2868008812870493
22.285714284285714 0.9374999999999996 0.0 0.12130427176633712
22.285714284285714 1.1124999999999998 0.0 0.025361508646880526
22.285714284285714 1.2874999999999996 0.0 0.0
22.285714284285714 1.4624999999999995 0.0 0.0
22.285714284285714 1.6374999999999993 0.0 0.04824025392721809
22.342857141542858 -0.6375000000000002 0.0 0.0
22.342857141542858 -0.46250000000000036 0.0 0.0689365965063306
22.342857141542858 -0.2875000000000001 0.0 0.0
22.342857141542858 -0.11250000000000027 0.0 0.0
22.342857141542858 0.0625 0.13513513513513514 0.3323411159607156
22.342857141542858 0.23749999999999982 0.09375 0.3008152430871711
22.342857141542858 0.41249999999999964 0.13636363636363635 0.21945159433832118
22.342857141542858 0.5874999999999999 0.08333333333333333 0.08783087695103053
22.342857141542858 0.7624999999999997 0.0 0.2472102582632369
22.342857141542858 0.9374999999999996 0.3 0.04824025392721809
22.342857141542858 1.1124999999999998 0.0 0.2557269279126271
22.342857141542858 1.2874999999999996 0.0 0.0
22.342857141542858 1.4624999999999995 0.0 0.08783087695103053
22.342857141542858 1.6374999999999993 0.0 0.0
22.342857141542858 1.8125 0.0 0.0
22.342857141542858 1.9874999999999998 0.0 0.0689365965063306
22.3999999988 -1.5125000000000002 0.0 0.0
22.3999999988 -1.1625 0.0 0.0
22.3999999988 -0.9875000000000003 0.0 0.0
22.3999999988 -0.6375000000000002 0.0 0.0
22.3999999988 -0.46250000000000036 0.0 0.0
22.3999999988 -0.2875000000000001 0.0 0.0
22.3999999988 -0.11250000000000027 0.0 0.0
22.3999999988 0.0625 0.0 0.10521193008063645
22.3999999988 0.23749999999999982 0.0 0.18761705440363258
22.3999999988 0.41249999999999964 0.2916666666666667 0.2383458747830211
22.3999999988 0.5874999999999999 0.3333333333333333 0.17587650647887115
22.3999999988 0.7624999999999997 0.2 0.1362858834550587
22.3999999988 0.9374999999999996 0.0 0.1362858834550587
22.3999999988 1.1124999999999998 0.0 0.22910417193601457
22.3999999988 1.2874999999999996 0.0 0.12130427176633712
22.3999999988 1.4624999999999995 0.08333333333333333 0.08783087695103053
22.3999999988 1.6374999999999993 0.0 0.0
22.3999999988 1.8125 0.0 0.0
22.3999999988 1.9874999999999998 0.0 0.0
22.457142856057143 -2.7375 0.0 0.0
22.457142856057143 -1.3375000000000001 0.0 0.025361508646880526
22.457142856057143 -1.1625 0.0 0.0
22.457142856057143 -0.8125 0.0 0.0
22.457142856057143 -0.6375000000000002 0.0 0.0
22.457142856057143 -0.2875000000000001 0.0 0.0689365965063306
22.457142856057143 -0.11250000000000027 0.0 0.0
22.457142856057143 0.0625 0.0 0.0
22.457142856057143 0.23749999999999982 0.045454545454545456 0.21945159433832118
22.457142856057143 0.41249999999999964 0.0 0.0
22.457142856057143 0.5874999999999999 0.16666666666666666 0.0
22.457142856057143 0.7624999999999997 0.0 0.10521193008063645
22.457142856057143 0.9374999999999996 0.0 0.08783087695103053
22.457142856057143 1.1124999999999998 0.0 0.0689365965063306
22.457142856057143 1.2874999999999996 0.0 0.17587650647887115
22.457142856057143 1.4624999999999995 0.0 0.0
22.457142856057143 1.6374999999999993 0.0 0.0
22.457142856057143 1.8125 0.0 0.1503002452551805
22.457142856057143 1.9874999999999998 0.0 0.0689365965063306
22.514285713314287 -1.3375000000000001 0.0 0.0
22.514285713314287 -0.9875000000000003 0.0 0.0
22.514285713314287 -0.8125 0.0 0.0
22.514285713314287 -0.6375000000000002 0.0 0.0
22.514285713314287 -0.46250000000000036 0.0 0.0
22.514285713314287 -0.2875000000000001 0.0 0.08783087695103053
22.514285713314287 -0.11250000000000027 0.0 0.10521193008063645
22.514285713314287 0.0625 0.0 0.0
22.514285713314287 0.23749999999999982 0.23076923076923078 0.10521193008063645
22.514285713314287 0.41249999999999964 0.07142857142857142 0.12130427176633712
22.514285713314287 0.5874999999999999 0.2413793103448276 0.27943925287669613
22.514285713314287 0.7624999999999997 0.14285714285714285 0.20934990129417774
22.514285713314287 0.9374999999999996 0.1111111111111111 0.26392213600671177
22.514285713314287 1.1124999999999998 0.13333333333333333 0.1362858834550587
22.514285713314287 1.2874999999999996 0.0 0.0
22.514285713314287 1.4624999999999995 0.0 0.19875525175920872
22.514285713314287 1.6374999999999993 0.0 0.0
22.514285713314287 1.8125 0.0 0.0
22.514285713314287 1.9874999999999998 0.0 0.0
22.571428570571427 -0.9875000000000003 0.0 0.0
22.571428570571427 -0.8125 0.0 0.0
22.571428570571427 -0.6375000000000002 0.0 0.0
22.571428570571427 -0.46250000000000036 0.0 0.08783087695103053
22.571428570571427 -0.11250000000000027 0.0 0.0
22.571428570571427 0.0625 0.0 0.2472102582632369
22.571428570571427 0.23749999999999982 0.09523809523809523 0.20934990129417774
22.571428570571427 0.41249999999999964 0.14285714285714285 0.3598648991261683
22.571428570571427 0.5874999999999999 0.08108108108108109 0.3323411159607156
22.571428570571427 0.7624999999999997 0.22727272727272727 0.21945159433832118
22.571428570571427 0.9374999999999996 0.0 0.2939211008443544
22.571428570571427 1.1124999999999998 0.09090909090909091 0.0689365965063306
22.571428570571427 1.2874999999999996 0.0 0.0
22.571428570571427 1.6374999999999993 0.0 0.20934990129417774
22.571428570571427 1.8125 0.0 0.0689365965063306
22.571428570571427 1.9874999999999998 0.0 0.0
22.62857142782857 -2.7375 0.0 0.0
22.62857142782857 -1.5125000000000002 0.0 0.0
22.62857142782857 -1.1625 0.0 0.0
22.62857142782857 -0.8125 0.0 0.0
22.62857142782857 -0.6375000000000002 0.0 0.0
22.62857142782857 -0.46250000000000036 0.0 0.0
22.62857142782857 -0.2875000000000001 0.0 0.12130427176633712
22.62857142782857 -0.11250000000000027 0.0 0.20934990129417774
22.62857142782857 0.0625 0.0 0.1503002452551805
22.62857142782857 0.23749999999999982 0.0 0.025361508646880526
22.62857142782857 0.41249999999999964 0.12121212121212122 0.30749722386616185
22.62857142782857 0.5874999999999999 0.16216216216216217 0.3323411159607156
22.62857142782857 0.7624999999999997 0.35135135135135137 0.3323411159607156
22.62857142782857 0.9374999999999996 0.1 0.2868008812870493
22.62857142782857 1.1124999999999998 0.0 0.27943925287669613
22.62857142782857 1.2874999999999996 0.0 0.18761705440363258
22.62857142782857 1.4624999999999995 0.0 0.0
22.62857142782857 1.6374999999999993 0.0 0.0
22.62857142782857 1.8125 0.0 0.0
22.62857142782857 1.9874999999999998 0.0 0.0
22.685714285085716 -1.1625 0.0 0.0
22.685714285085716 -0.9875000000000003 0.0 0.0
22.685714285085716 -0.6375000000000002 0.0 0.0
22.685714285085716 -0.46250000000000036 0.0 0.0
22.685714285085716 -0.11250000000000027 0.0 0.0
22.685714285085716 0.0625 0.0 0.19875525175920872
22.685714285085716 0.23749999999999982 0.3055555555555556 0.3263915043108617
22.685714285085716 0.41249999999999964 0.41025641025641024 0.3437725574404677
22.685714285085716 0.5874999999999999 0.0 0.0
22.685714285085716 0.7624999999999997 0.0 0.12130427176633712
22.685714285085716 0.9374999999999996 0.28205128205128205 0.3437725574404677
22.685714285085716 1.1124999999999998 0.06451612903225806 0.2939211008443544
22.685714285085716 1.2874999999999996 0.0 0.3437725574404677
22.685714285085716 1.4624999999999995 0.0 0.0
22.685714285085716 1.6374999999999993 0.0 0.0
22.685714285085716 1.8125 0.0 0.17587650647887115
22.685714285085716 1.9874999999999998 0.0 0.0
