desi_data/desi_elg_ts_zenodo/syst-ELG_LOP-nside256-FRACAREA_12290-zenodo.ecsv
# %ECSV 0.9
# ---
# datatype:
# - {name: STARDENS, datatype: float64}
# - {name: STARDENS_North_NORMDENS, datatype: float64}
# - {name: STARDENS_North_NORMDENS_ERR, datatype: float64}
# - {name: STARDENS_North_HIST, datatype: float64}
# - {name: STARDENS_South_DECaLS_NORMDENS, datatype: float64}
# - {name: STARDENS_South_DECaLS_NORMDENS_ERR, datatype: float64}
# - {name: STARDENS_South_DECaLS_HIST, datatype: float64}
# - {name: STARDENS_South_DES_NORMDENS, datatype: float64}
# - {name: STARDENS_South_DES_NORMDENS_ERR, datatype: float64}
# - {name: STARDENS_South_DES_HIST, datatype: float64}
# - {name: EBV, datatype: float64}
# - {name: EBV_North_NORMDENS, datatype: float64}
# - {name: EBV_North_NORMDENS_ERR, datatype: float64}
# - {name: EBV_North_HIST, datatype: float64}
# - {name: EBV_South_DECaLS_NORMDENS, datatype: float64}
# - {name: EBV_South_DECaLS_NORMDENS_ERR, datatype: float64}
# - {name: EBV_South_DECaLS_HIST, datatype: float64}
# - {name: EBV_South_DES_NORMDENS, datatype: float64}
# - {name: EBV_South_DES_NORMDENS_ERR, datatype: float64}
# - {name: EBV_South_DES_HIST, datatype: float64}
# - {name: SGRDIST, datatype: float64}
# - {name: SGRDIST_North_NORMDENS, datatype: float64}
# - {name: SGRDIST_North_NORMDENS_ERR, datatype: float64}
# - {name: SGRDIST_North_HIST, datatype: float64}
# - {name: SGRDIST_South_DECaLS_NORMDENS, datatype: float64}
# - {name: SGRDIST_South_DECaLS_NORMDENS_ERR, datatype: float64}
# - {name: SGRDIST_South_DECaLS_HIST, datatype: float64}
# - {name: SGRDIST_South_DES_NORMDENS, datatype: float64}
# - {name: SGRDIST_South_DES_NORMDENS_ERR, datatype: float64}
# - {name: SGRDIST_South_DES_HIST, datatype: float64}
# - {name: PSFSIZE_G, datatype: float64}
# - {name: PSFSIZE_G_North_NORMDENS, datatype: float64}
# - {name: PSFSIZE_G_North_NORMDENS_ERR, datatype: float64}
# - {name: PSFSIZE_G_North_HIST, datatype: float64}
# - {name: PSFSIZE_G_South_DECaLS_NORMDENS, datatype: float64}
# - {name: PSFSIZE_G_South_DECaLS_NORMDENS_ERR, datatype: float64}
# - {name: PSFSIZE_G_South_DECaLS_HIST, datatype: float64}
# - {name: PSFSIZE_G_South_DES_NORMDENS, datatype: float64}
# - {name: PSFSIZE_G_South_DES_NORMDENS_ERR, datatype: float64}
# - {name: PSFSIZE_G_South_DES_HIST, datatype: float64}
# - {name: PSFSIZE_R, datatype: float64}
# - {name: PSFSIZE_R_North_NORMDENS, datatype: float64}
# - {name: PSFSIZE_R_North_NORMDENS_ERR, datatype: float64}
# - {name: PSFSIZE_R_North_HIST, datatype: float64}
# - {name: PSFSIZE_R_South_DECaLS_NORMDENS, datatype: float64}
# - {name: PSFSIZE_R_South_DECaLS_NORMDENS_ERR, datatype: float64}
# - {name: PSFSIZE_R_South_DECaLS_HIST, datatype: float64}
# - {name: PSFSIZE_R_South_DES_NORMDENS, datatype: float64}
# - {name: PSFSIZE_R_South_DES_NORMDENS_ERR, datatype: float64}
# - {name: PSFSIZE_R_South_DES_HIST, datatype: float64}
# - {name: PSFSIZE_Z, datatype: float64}
# - {name: PSFSIZE_Z_North_NORMDENS, datatype: float64}
# - {name: PSFSIZE_Z_North_NORMDENS_ERR, datatype: float64}
# - {name: PSFSIZE_Z_North_HIST, datatype: float64}
# - {name: PSFSIZE_Z_South_DECaLS_NORMDENS, datatype: float64}
# - {name: PSFSIZE_Z_South_DECaLS_NORMDENS_ERR, datatype: float64}
# - {name: PSFSIZE_Z_South_DECaLS_HIST, datatype: float64}
# - {name: PSFSIZE_Z_South_DES_NORMDENS, datatype: float64}
[...]
[from data line 21]
3.203333333333333 -0.018853414089008036 0.003774439303459421 0.5924930294937739 -0.014743778942156616 0.0025475921074357213 0.6026116681966295 0.025139354530202995 0.006619491158333854 0.31484889470300165 0.14361666666666667 -0.132471004030011 0.011847860582266726 0.5535747984220156 -0.0687338712005332 0.008132891788784225 0.7160835028335305 nan nan 0.09352212506168213 64.5 -0.04636690220069323 0.00281671011731925 0.010717695490149781 nan nan 0.0 nan nan 0.0 2.0183333333333335 0.0013032273958863971 0.001996964657686929 1.4894204085818497 0.018779683262412084 0.009184136565517916 0.047452155644364204 nan nan 0.0009146397234129444 2.0183333333333335 -0.035267498262369745 0.003283307032141279 0.5703339045768594 -0.01105757102298821 0.019160987798134847 0.01591810072469413 nan nan 0.0004573198617064722 2.0183333333333335 nan nan 0.00036347092929218147 -0.022502659102591582 0.014751198392453807 0.019555887725969667 nan nan 0.0 25.03333333333333 nan nan 0.0 nan nan 0.0002496615698719523 0.019858445840434502 0.004418838505468811 0.4358814837856769 24.43333333333333 nan nan 0.0 -0.019087365302094095 0.014319384055685773 0.008680555555555587 -0.033903565319255535 0.0038577662563722796 0.6069993519118622 23.733333333333334 nan nan 0.0 nan nan 0.00016772332360538117 0.018587583211908232 0.01031149841934012 0.08907040062232627
3.25 -0.00782713892323772 0.0038602195028954473 0.5331554922883238 -0.02456582106569616 0.002606507540509571 0.5533591905591206 0.045077989923789086 0.007821831424690413 0.24944014545131935 0.15025000000000002 -0.13409554803898643 0.01403034147014636 0.443480090612597 -0.05495906918371901 0.010160671783337117 0.5507062504470361 nan nan 0.07403834900716533 67.5 -0.027230807536697044 0.003238040468012459 0.009735582269947678 nan nan 0.0 nan nan 0.0 2.075 0.019950238755246597 0.002247272039647518 1.2542776808529608 0.11126353349037266 0.01364306593319202 0.026491694255442698 nan nan 0.00228659930853237 2.075 -0.0420761854856172 0.003648868654319228 0.4087847794526979 -0.06683699821968903 0.01821163552097294 0.011744452363951201 nan nan 0.0 2.075 nan nan 0.0005452063939382744 nan nan 0.006873604101702236 nan nan 0.0 25.1 nan nan 0.0 nan nan 0.0 0.031313552920414045 0.008834016835444162 0.10965082821370287 24.5 nan nan 0.0 nan nan 0.005125661375661394 -0.006798830493214614 0.0024557304927881425 1.4745301360985146 23.8 nan nan 0.0 nan nan 0.0005031699708161167 nan nan 0.025670945157524976
3.296666666666667 -0.0036751127190655097 0.00404788885320006 0.48970012117504297 -0.04571211007816356 0.002581494767291025 0.5052766055020808 0.050394051921327065 0.012942749478135803 0.1341433671093762 0.15688333333333335 -0.12099955420279518 0.01397763831981725 0.42487253436311745 -0.07910698786684445 0.010245853198823433 0.45726810284866515 nan nan 0.05845132816355157 70.5 -0.0022673245756991145 0.004014629365982387 0.008332563383944672 nan nan 0.0 nan nan 0.0 2.131666666666667 0.026557229233530988 0.0025263878318165954 0.9967927313305103 0.0827440067596159 0.020926928065887983 0.015914424387884988 nan nan 0.0 2.131666666666667 -0.04250335413394235 0.004609633530147095 0.26579197275495847 nan nan 0.0043677715403124305 nan nan 0.0 2.131666666666667 nan nan 0.0009086773232304574 nan nan 0.0037756416896674253 nan nan 0.0 25.166666666666668 nan nan 0.0 nan nan 0.0 0.021634594305865118 0.012165053333182543 0.05793607590014488 24.566666666666666 nan nan 0.0 nan nan 0.003389550264550096 0.0023584319480878246 0.0017642789886211292 2.846791963706923 23.866666666666667 nan nan 0.0 nan nan 0.0 nan nan 0.005056398288603674
3.3433333333333337 -0.027670596144772963 0.004103906561987934 0.47095034176068773 -0.05356346164287584 0.002614203696532917 0.498257250019306 nan nan 0.032704374625839965 0.1635166666666667 -0.12345629325717966 0.016287228200733618 0.31477782655369513 -0.07160335623057168 0.01131983903793875 0.4142700172281741 nan nan 0.0350707968981308 73.5 0.0008156941477761581 0.0039829758106308 0.006789242609341368 nan nan 0.0 nan nan 0.0 2.1883333333333335 0.04133839866699418 0.002891414965497003 0.7638475991878666 nan nan 0.005628272039617862 nan nan 0.0 2.1883333333333335 -0.04583813674956316 0.005680938783085509 0.1890197533828897 nan nan 0.005629572207513799 nan nan 0.0 2.1883333333333335 nan nan 0.0005452063939382744 nan nan 0.0022266604836500203 nan nan 0.0 25.233333333333334 nan nan 0.0 nan nan 0.0 nan nan 0.009720818104051671 24.633333333333333 nan nan 0.0 nan nan 0.002314814814814823 0.0019384187950237664 0.0014438760823937316 3.8807517822423985 23.933333333333337 nan nan 0.0 nan nan 0.0 nan nan 0.0023337222870478498
3.3899999999999997 -0.034781396371463935 0.004508474064918763 0.3756573452077055 -0.04614108410883655 0.003152273134609416 0.3989333699379745 nan nan 0.003880180040353894 0.17015000000000002 -0.15833726718824048 0.021361647789168853 0.21243626718155872 -0.07827947052453854 0.012897527822032313 0.30842857570081755 nan nan 0.02338053126542063 76.5 0.0014952366228990766 0.004696768853273089 0.0054786176499775855 nan nan 0.0 nan nan 0.0 2.245 0.06255481268792251 0.0033709494977347044 0.5503145613904433 nan nan 0.0048519586548429845 nan nan 0.0 2.245 -0.0553153884527493 0.006085100439057079 0.1482686227209385 nan nan 0.0012618006672013688 nan nan 0.0 2.245 nan nan 0.00018173546464609147 nan nan 0.00038724530150435136 nan nan 0.0 25.300000000000004 nan nan 0.0 nan nan 0.0 nan nan 0.0003888327241620669 24.700000000000003 nan nan 0.0 nan nan 0.0009093915343915377 0.005348328375171851 0.0015521165030467972 3.4024627349319627 24.0 nan nan 0.0 nan nan 0.0 nan nan 0.0
3.4366666666666665 -0.03884310334723551 0.004666625413937174 0.3480841401865846 -0.020668387087614815 0.0037826357439724855 0.35611530149301546 nan nan 0.0011086228686725305 0.17678333333333335 -0.1927228743148235 0.020747524484373725 0.17211989530768626 -0.04822336630251278 0.013634475631684463 0.24558521979394854 nan nan 0.003896755210903438 79.5 -0.06133240731756456 0.004875842646061308 0.00422274464714075 nan nan 0.0 nan nan 0.0 2.3016666666666667 0.09092594146066046 0.004243087826575038 0.38293103090429853 nan nan 0.006598663770586459 nan nan 0.0 2.3016666666666667 -0.05448240673603588 0.007557715549839208 0.0904165711562042 nan nan 0.000291184769354162 nan nan 0.0 2.3016666666666667 nan nan 0.00018173546464609147 nan nan 0.00029043397612826355 nan nan 0.0 25.366666666666667 nan nan 0.0 nan nan 0.0 nan nan 0.0 24.766666666666666 nan nan 0.0 nan nan 0.0002480158730158739 0.008437312630893645 0.002381970090964932 1.4597537265068101 24.06666666666667 nan nan 0.0 nan nan 0.0 nan nan 0.0
3.4833333333333334 -0.03389216799052247 0.005504486173018677 0.2744085363701592 0.007007993282114544 0.005331449470487619 0.2371372260599022 nan nan 0.0 0.18341666666666667 nan nan 0.10854407812196386 -0.05823670442390755 0.014124180553454675 0.2364894709126902 nan nan 0.011690265632710266 82.5 -0.06431507704496847 0.005848590767899818 0.0028676337230988235 nan nan 0.0 nan nan 0.0 2.3583333333333334 0.11611326407125078 0.005052480201704134 0.27469944828141935 nan nan 0.005725311212714722 nan nan 0.0 2.3583333333333334 -0.0327397720463537 0.009481385344234353 0.06312786758793332 nan nan 0.0017471086161249723 nan nan 0.0 2.3583333333333334 nan nan 0.0 nan nan 0.00019362265075217568 nan nan 0.0 25.433333333333337 nan nan 0.0 nan nan 0.0 nan nan 0.0 24.833333333333336 nan nan 0.0 nan nan 0.0 0.01552442533023779 0.00479530316626029 0.36046662346079195 24.133333333333333 nan nan 0.0 nan nan 0.0 nan nan 0.0
3.5300000000000002 -0.03363763593104008 0.0065857606561724735 0.2044828884366058 0.028579305489544793 0.007600288192689372 0.1319638830762554 nan nan 0.0 0.19005000000000002 nan nan 0.05582266874843879 -0.0368822902791518 0.016808214603620465 0.21416354184051403 nan nan 0.01948377605451719 85.5 -0.04261207817457585 0.009295241456659246 0.0013414229349101895 nan nan 0.0 nan nan 0.0 2.415 0.1390749259075743 0.006777228068923408 0.1688485942103124 nan nan 0.0015526267695497552 nan nan 0.0 2.415 -0.07204614595720582 0.011245397665612967 0.04166075411422689 nan nan 0.0007764927182777654 nan nan 0.0 2.415 nan nan 0.0 nan nan 0.00029043397612826355 nan nan 0.0 25.5 nan nan 0.0 nan nan 0.0 nan nan 0.0 24.9 nan nan 0.0 nan nan 0.0 0.005747908716289274 0.008637205828908846 0.11432274789371395 24.200000000000003 nan nan 0.0 nan nan 0.0 nan nan 0.0
3.576666666666667 -0.004853797816237293 0.009247974989402902 0.12352795849460663 0.06767563047609859 0.011730708402060315 0.0623552745386922 nan nan 0.0 0.19668333333333335 nan nan 0.04806952031115562 -0.03870553988785885 0.018065879449516535 0.16951168369615977 nan nan 0.007793510421806876 88.5 nan nan 3.421997282934157e-06 nan nan 0.0 nan nan 0.0 2.4716666666666667 0.15859390005234197 0.008936961339422804 0.09413034427776634 nan nan 0.0007763133847748776 nan nan 0.0 2.4716666666666667 -0.07744902605836629 0.014923558794626162 0.023286360378257827 nan nan 0.00048530794892360336 nan nan 0.0 2.4716666666666667 nan nan 0.0 nan nan 9.681132537608784e-05 nan nan 0.0 25.56666666666667 nan nan 0.0 nan nan 0.0 nan nan 0.0 24.96666666666667 nan nan 0.0 nan nan 0.0 0.005309050770292645 0.01336226351727957 0.050162022034996936 24.266666666666666 nan nan 0.0 nan nan 0.0 nan nan 0.0
