desi_data/desi_elg_ts_zenodo/syst-ELG_VLO-nside256-FRACAREA_12290-zenodo.ecsv
# %ECSV 0.9
# ---
# datatype:
# - {name: STARDENS, datatype: float64}
# - {name: STARDENS_North_NORMDENS, datatype: float64}
# - {name: STARDENS_North_NORMDENS_ERR, datatype: float64}
# - {name: STARDENS_North_HIST, datatype: float64}
# - {name: STARDENS_South_DECaLS_NORMDENS, datatype: float64}
# - {name: STARDENS_South_DECaLS_NORMDENS_ERR, datatype: float64}
# - {name: STARDENS_South_DECaLS_HIST, datatype: float64}
# - {name: STARDENS_South_DES_NORMDENS, datatype: float64}
# - {name: STARDENS_South_DES_NORMDENS_ERR, datatype: float64}
# - {name: STARDENS_South_DES_HIST, datatype: float64}
# - {name: EBV, datatype: float64}
# - {name: EBV_North_NORMDENS, datatype: float64}
# - {name: EBV_North_NORMDENS_ERR, datatype: float64}
# - {name: EBV_North_HIST, datatype: float64}
# - {name: EBV_South_DECaLS_NORMDENS, datatype: float64}
# - {name: EBV_South_DECaLS_NORMDENS_ERR, datatype: float64}
# - {name: EBV_South_DECaLS_HIST, datatype: float64}
# - {name: EBV_South_DES_NORMDENS, datatype: float64}
# - {name: EBV_South_DES_NORMDENS_ERR, datatype: float64}
# - {name: EBV_South_DES_HIST, datatype: float64}
# - {name: SGRDIST, datatype: float64}
# - {name: SGRDIST_North_NORMDENS, datatype: float64}
# - {name: SGRDIST_North_NORMDENS_ERR, datatype: float64}
# - {name: SGRDIST_North_HIST, datatype: float64}
# - {name: SGRDIST_South_DECaLS_NORMDENS, datatype: float64}
# - {name: SGRDIST_South_DECaLS_NORMDENS_ERR, datatype: float64}
# - {name: SGRDIST_South_DECaLS_HIST, datatype: float64}
# - {name: SGRDIST_South_DES_NORMDENS, datatype: float64}
# - {name: SGRDIST_South_DES_NORMDENS_ERR, datatype: float64}
# - {name: SGRDIST_South_DES_HIST, datatype: float64}
# - {name: PSFSIZE_G, datatype: float64}
# - {name: PSFSIZE_G_North_NORMDENS, datatype: float64}
# - {name: PSFSIZE_G_North_NORMDENS_ERR, datatype: float64}
# - {name: PSFSIZE_G_North_HIST, datatype: float64}
# - {name: PSFSIZE_G_South_DECaLS_NORMDENS, datatype: float64}
# - {name: PSFSIZE_G_South_DECaLS_NORMDENS_ERR, datatype: float64}
# - {name: PSFSIZE_G_South_DECaLS_HIST, datatype: float64}
# - {name: PSFSIZE_G_South_DES_NORMDENS, datatype: float64}
# - {name: PSFSIZE_G_South_DES_NORMDENS_ERR, datatype: float64}
# - {name: PSFSIZE_G_South_DES_HIST, datatype: float64}
# - {name: PSFSIZE_R, datatype: float64}
# - {name: PSFSIZE_R_North_NORMDENS, datatype: float64}
# - {name: PSFSIZE_R_North_NORMDENS_ERR, datatype: float64}
# - {name: PSFSIZE_R_North_HIST, datatype: float64}
# - {name: PSFSIZE_R_South_DECaLS_NORMDENS, datatype: float64}
# - {name: PSFSIZE_R_South_DECaLS_NORMDENS_ERR, datatype: float64}
# - {name: PSFSIZE_R_South_DECaLS_HIST, datatype: float64}
# - {name: PSFSIZE_R_South_DES_NORMDENS, datatype: float64}
# - {name: PSFSIZE_R_South_DES_NORMDENS_ERR, datatype: float64}
# - {name: PSFSIZE_R_South_DES_HIST, datatype: float64}
# - {name: PSFSIZE_Z, datatype: float64}
# - {name: PSFSIZE_Z_North_NORMDENS, datatype: float64}
# - {name: PSFSIZE_Z_North_NORMDENS_ERR, datatype: float64}
# - {name: PSFSIZE_Z_North_HIST, datatype: float64}
# - {name: PSFSIZE_Z_South_DECaLS_NORMDENS, datatype: float64}
# - {name: PSFSIZE_Z_South_DECaLS_NORMDENS_ERR, datatype: float64}
# - {name: PSFSIZE_Z_South_DECaLS_HIST, datatype: float64}
# - {name: PSFSIZE_Z_South_DES_NORMDENS, datatype: float64}
[...]
2.2233333333333336 nan nan 0.0203212824201763 nan nan 0.01148834206812035 nan nan 0.022187954159686617 0.004316666666666667 -0.031156715229906817 0.006316583935569529 2.5138308572246033 nan nan 0.0008286452269261526 nan nan 0.10528587063616061 1.5 0.03676879852520132 0.013389510242484397 0.0014119356541168891 0.05534165821247694 0.0020255722034067283 0.02865821807983023 0.024664804764283677 0.0047777569735615345 0.023950547034632595 0.8283333333333334 nan nan 0.0 nan nan 0.0 nan nan 0.0 0.8283333333333334 nan nan 0.0 nan nan 0.0007768217116489598 nan nan 0.0 0.8283333333333334 nan nan 0.0 0.08612916878467103 0.022420232948891193 0.016083738791038974 nan nan 0.0 23.633333333333333 0.07604018032708071 0.01601283810453951 0.05994892662874248 0.1421670038449694 0.00969890008860881 0.07926463731432787 nan nan 0.002334024896265569 23.03333333333333 0.0774808453855701 0.014604322935720853 0.060730636270204835 0.19502915050602776 0.017059201973998517 0.03026944770663457 nan nan 0.0 22.333333333333336 nan nan 0.006043700604370082 0.12922234244001185 0.012638110244316702 0.04949526019965902 nan nan 0.004668897362073007
2.2700000000000005 0.065885525241694 0.020602801165993372 0.03931726381295017 0.0026749171827110674 0.015808555637192953 0.02063212453050205 0.06265539232220863 0.02583577139532789 0.05768868081518575 0.010950000000000001 0.02141886452903785 0.001773441697844486 33.13319126764411 0.015201991064470066 0.004530131363652354 2.2762884383661413 0.009751954907760041 0.005037756783185114 9.608310564722215 4.5 0.054445424849789426 0.005573121484510098 0.008032954304004825 0.048838209552388046 0.002167643789107313 0.02486163209516581 0.04297039914423939 0.00435598182497742 0.02876996956607954 0.885 nan nan 0.0 nan nan 0.0002912792921783744 nan nan 0.0 0.885 nan nan 0.0 nan nan 0.0034956977024203193 nan nan 0.0 0.885 nan nan 0.0107303487605841 0.05597877305717025 0.011747477558062045 0.0560024157904851 nan nan 0.0013718884807097243 23.700000000000003 0.04443118513002631 0.009872383742254853 0.13157621558775948 0.11261637647375522 0.00846819762909945 0.09941384133750783 nan nan 0.004279045643153542 23.1 0.030343527594691166 0.010216061090862073 0.12083839421968962 0.15207366254683063 0.012799509196156161 0.049043121557470766 nan nan 0.0 22.4 nan nan 0.0071284673795134305 0.12106452256328604 0.014044511685332054 0.03766673191465576 nan nan 0.005447046922418508
2.316666666666667 0.002338772692140223 0.015495094447026861 0.06295179880163311 0.01833918106467769 0.01296453213793381 0.03891968945526486 -0.006426021681168292 0.018653196672068727 0.09540820288665244 0.017583333333333333 0.02881730069036359 0.001775149521906153 33.89712257200143 0.019891556637159802 0.0022089922755000086 10.22382480981487 0.027744546229717004 0.0027541833265720093 32.248672228186976 7.5 0.03587905641026912 0.004803220699960866 0.010332490284374806 0.05069686798908668 0.0022328595616805773 0.02427922197287789 0.02843238454837793 0.004059921721684396 0.03358939209752649 0.9416666666666667 nan nan 0.0 nan nan 0.0038837238957116584 nan nan 0.0 0.9416666666666667 nan nan 0.0 nan nan 0.004466724841981518 nan nan 0.006404967815036733 0.9416666666666667 0.05533723616576436 0.008802319074604782 0.16732069253792153 0.03258995597552061 0.006686751023477742 0.14417230916304816 nan nan 0.010975107845677795 23.766666666666666 0.019181143801579648 0.0067727764144637475 0.27498650500353045 0.13204378981966158 0.008861772834494998 0.0923366415773 nan nan 0.009336099585062275 23.166666666666664 0.026411982747258866 0.00634408296578818 0.28901554081410297 0.15859939469063866 0.011100423598697678 0.06004267495906202 nan nan 0.0 22.46666666666667 nan nan 0.01146753448008682 0.08830849111374595 0.01225244855964144 0.046475210424764574 nan nan 0.007781495603455012
2.3633333333333333 0.008619127054204645 0.012356727638438161 0.10469878116482238 0.039667335724618336 0.009651956760955281 0.07057124413273998 0.012278597488408982 0.014027171705136017 0.18693351379536152 0.02421666666666667 0.02141886452903785 0.002556900281807976 16.646559987835065 0.04813665605167161 0.0016355959052583656 19.176507841525023 0.01317114973112532 0.0028796014819094315 29.951880457642577 10.5 0.017097635622311924 0.00455450750054892 0.011761561079925154 0.037675592067206276 0.002205585415295607 0.024388423870806877 0.029070046410924588 0.004083496403190314 0.03446016432592746 0.9983333333333333 nan nan 0.0 nan nan 0.0034953515061404926 nan nan 0.0013724575224396812 0.9983333333333333 nan nan 0.0 0.07237124775566839 0.012702378645108646 0.03854977744057963 nan nan 0.00594747011396268 0.9983333333333333 0.030133995059208996 0.004544981598889095 0.6172678592105497 0.014357007714885128 0.0043037558650585415 0.3391149745098579 -0.05345897533899385 0.008461277153312659 0.3713244821120987 23.833333333333336 0.030133995059208996 0.004345082786075364 0.641219947680939 0.12161578974866372 0.010358515828096063 0.06511023779391217 nan nan 0.010892116182572652 23.233333333333334 0.027722597062510457 0.004315460718373694 0.6211654053380694 0.1130348897546819 0.012542312468909932 0.04697553633160776 nan nan 0.002722958429501319 22.53333333333333 0.10784817399156577 0.024710227272903586 0.02401983573531699 0.04701731308753321 0.009573833699230124 0.0738234389418643 nan nan 0.011283168625009766
2.41 0.02146199946446914 0.006221240335366019 0.38544171546964834 0.03371500496207713 0.005505033061861913 0.241958551312249 0.022039731662253814 0.007494502571871248 0.670630914476528 0.030850000000000002 0.007398730367143447 0.00312735292079341 10.98849967670075 0.05291575935130122 0.0016489180111033768 19.696897044034646 0.016480824144860406 0.003124271039239282 25.873027839663912 13.5 0.002001082843184565 0.004378983298780422 0.012892480414533341 0.03371500496207713 0.002132981484193002 0.026006431991788016 -5.55558928825306e-05 0.00412203101498516 0.029295881506004883 1.0550000000000002 nan nan 0.0 nan nan 0.006893609914888166 nan nan 0.0027449150448793512 1.0550000000000002 nan nan 0.0 0.0798847845933186 0.005311159525894216 0.22440437195259239 0.07377205784190854 0.02028917040740777 0.05444222642781201 1.0550000000000002 0.024017866078755556 0.003108517003068645 1.308375067519351 0.016853682887134624 0.002894058672296387 0.7162108261648171 -0.012092755445512249 0.0034332067495386966 2.465740895995601 23.9 0.020986991752587336 0.0026792093112370514 1.575177511107426 0.05290663595090683 0.01147782191645967 0.04695930193832029 nan nan 0.014004149377593412 23.299999999999997 0.015832574125384635 0.002863175328452201 1.3477529664580072 0.15365929598457262 0.011634146765776917 0.0503663761020231 nan nan 0.004278934674930645 22.6 0.038701207122080694 0.018589371310383587 0.042925770959243915 0.03356034412406461 0.006602185524341053 0.13581834959872535 nan nan 0.008948719943973265
2.456666666666667 0.04098562888885615 0.006939995791956864 0.29708831364279764 0.04120411436874094 0.006210056813866641 0.19717746284263893 -0.008255216521510678 0.008460350907747665 0.5191981273366718 0.03748333333333334 0.004841463552456515 0.00332344552900782 9.802232366682475 0.04166664517460772 0.0017401345924602399 17.52418925903428 0.012278597488408982 0.0038575241172435623 16.89643249875867 16.5 -0.032376941573972084 0.004135946101263635 0.013917161872254094 0.023943602321595314 0.0020922586435522094 0.026710784233429978 -0.020514766473776702 0.0045334061965321285 0.026743915371285207 1.1116666666666668 nan nan 0.0005499410646492387 0.04524012618765805 0.01155368950957845 0.0476727108198606 nan nan 0.005947315930571952 1.1116666666666668 nan nan 0.0007284196571328678 0.060875972841789805 0.0031914833148769654 0.653986778494468 -0.023013480364150407 0.006001883647830573 0.8111434240042947 1.1116666666666668 0.020986991752587336 0.002504293824014909 2.0120313277685065 0.023299782025938187 0.0022330370019766703 1.1884526506679762 0.010818014446582591 0.0024164889465558307 4.945657972958555 23.96666666666667 0.01497867928295471 0.0017382992523297073 3.5805858904621646 0.044568270709988145 0.008736649843998304 0.0839272630387001 nan nan 0.011670124481327843 23.366666666666667 0.009462350476451942 0.0019729834613467327 2.804821078202383 0.08679320185700323 0.010803067543964972 0.06120052268554532 nan nan 0.004278934674930645 22.666666666666664 -0.01710958294973497 0.0070341900953480516 0.21493878816054623 0.029558400664370876 0.004433417722792463 0.2957970973966063 nan nan 0.010115944284491515
2.5033333333333334 0.031109445191841778 0.0043527853433376045 0.8035741896152323 0.0412216959792191 0.0035767401464513898 0.5678523365099488 0.022913235850678726 0.004737087728306696 1.5109996782746584 0.04411666666666667 0.013639518853632349 0.0035777607514010648 8.437403877800175 0.026160222595550398 0.0018665799401553764 15.021680673717285 0.0065143454297484915 0.004893268548073628 10.867841535665905 19.5 -0.0022173136301919527 0.00407337681148597 0.014643691869032686 0.0013865262874052098 0.002054895513355625 0.02616841480704935 -0.03722480901745201 0.004621167142411631 0.024209192250989317 1.1683333333333334 nan nan 0.003482960076111845 0.058970063704318454 0.005443641075645027 0.22030423798424384 nan nan 0.03339646637936557 1.1683333333333334 nan nan 0.008558930971311196 0.040777126742728376 0.00237586721796258 1.0961925378506383 0.00037975341240903404 0.0030543444116125245 3.1727465569485527 1.1683333333333334 0.012768973908170889 0.0022905839059822464 2.498534428354311 0.01817044454524841 0.001925844087053936 1.6299803474798111 0.01295677571139997 0.0024441911739497228 5.048092312851549 24.03333333333333 0.00038112283272839775 0.0015526484003328086 4.4380891084997875 0.011217763277371784 0.0064066708215679 0.14670618797042614 nan nan 0.015171161825726195 23.43333333333333 0.006115810328377935 0.0016304736781026276 4.108505403469446 0.08324574156932751 0.008287772481067402 0.09221430107349057 nan nan 0.007390887165789295 22.733333333333334 -0.011206355244743227 0.004300737214063832 0.6121183945451749 0.03439719511216255 0.0027153978523256988 0.7184362853387795 nan nan 0.014006692086219021
2.55 0.03632362235947517 0.0038333509008980403 1.0302006653011213 0.04900536372317954 0.003033184621987025 0.7959779861483461 0.014244526413058178 0.0040772886130410685 2.1516768546356304 0.05075 -5.293783005355657e-05 0.003921087726575743 7.137789036850838 0.010991304629978993 0.0020429774441950337 12.363386785738202 -0.0008461075618950153 0.005863422286758314 7.276423503965769 22.5 0.0016853498612212636 0.003918785632715488 0.015219432621196854 0.005901243293998215 0.002149371150732013 0.024617747856457747 -0.025086005433795022 0.0049456657993465014 0.02169171214511721 1.225 nan nan 0.0040329011407610835 0.049902792573912835 0.0034686559992986635 0.5406143662830628 0.008263250088702545 0.009707380156089577 0.32069757441007213 1.225 0.0008171494634308107 0.013705690956339483 0.07284196571328677 0.0390025654245183 0.001987995085055865 1.5858815243313513 0.01467438437448898 0.0022612859615075073 5.624934234705473 1.225 -0.000486549321347729 0.0022151063663579723 2.6307541495228643 0.019021653037782027 0.0017917054690283329 1.9077639565997435 0.0181438530832867 0.0029721206941210367 3.3167690501958766 24.1 -0.009506661995917098 0.002008907929245453 2.6058319146284465 0.02481412174578823 0.004741557196346598 0.26218943582227433 nan nan 0.01361514522821509 23.5 -0.00264905046238495 0.0018161720679377121 3.231804167055805 0.07515458648481355 0.005480549830837895 0.1965032998660107 nan nan 0.004667928736287727 22.8 -0.017685554455548702 0.003032152497184856 1.201146753447949 0.027661949388390616 0.001743601045531036 1.7397164508821594 nan nan 0.01984281378880922
2.5966666666666667 0.027846167028501956 0.0035613609662470368 1.1885741380757464 0.03935690425922078 0.0027139996363987197 0.9971412003207316 0.017261783119499885 0.0037336174970385846 2.4562065254773082 0.05738333333333334 -0.027477638377605862 0.004501552023753361 5.686009017391291 0.0028883194311619675 0.0022893891910120406 10.060581700110424 0.015535411006463384 0.007235494447622848 5.026425453704115 25.5 0.004423562589693342 0.0038964950964954824 0.015685508468186896 0.004464246357296142 0.0023053270830114304 0.022399129296867177 -0.005895574466004083 0.005225340757219526 0.02134685185664158 1.2816666666666667 nan nan 0.009348998099037057 0.04255776014510859 0.0024213709590425975 1.0702572125607404 0.012314314646356794 0.004539696766408876 1.432845653427027 1.2816666666666667 0.02881730069036359 0.007221290430466174 0.24165322125382885 0.02302482955456231 0.0018162879525978983 1.8621387455365126 0.015535411006463384 0.0025113805549864554 4.779935980821698 1.2816666666666667 -0.0034526843063675816 0.0022771888719608805 2.4685258258882707 0.023299782025938187 0.0016650375558411598 2.2430033314009172 0.03378811914003932 0.004999269622304427 1.1542155084371146 24.16666666666667 -0.024596743778388497 0.0032191363996432946 1.0507411867292318 0.011981801958030669 0.0031706027491738213 0.5295410644108458 nan nan 0.026452282157676442 23.56666666666667 -0.012477319684757071 0.002767600901058684 1.4228098041047732 0.06255449180978934 0.004259022498035932 0.3409034520402943 nan nan 0.012058815902077271 22.866666666666667 -0.009080843114553594 0.0022355367933002807 2.2084301875096934 0.02287031016464658 0.0014415638050685967 2.5708173708788995 nan nan 0.02139911290950128
2.6433333333333335 0.017157165513602912 0.0028642460509811503 1.8295780683295686 0.04255776014510859 0.00209524571519004 1.7156314914994013 0.010173343604233387 0.0031990260804232 3.465758439743049 0.06401666666666667 -0.03553518209501183 0.005175626963057834 4.252861468769725 -0.006885567887213839 0.002539785835729671 8.295567366757709 0.0016880315588194694 0.008657283501798238 3.61871436853174 28.5 -0.01080123876458472 0.003933334291132403 0.016220124880910767 -0.004424769636740877 0.0023874461456468814 0.020018527922015285 0.014889567782372382 0.005272887630497813 0.019777737544077453 1.3383333333333334 nan nan 0.016131604563044334 0.03867461781513182 0.0020265700673714744 1.5262063979172888 0.012840707625123127 0.00308285147416384 3.129203151162473 1.3383333333333334 0.02750389466632508 0.005028994487672062 0.5235516285642486 0.01902169588731617 0.0016839260092773372 2.1750036899031313 0.015966508683748826 0.003617720029082841 2.2453987168714487 1.3383333333333334 -0.004479814680876881 0.002511672995808095 2.013486290312315 0.023299782025938187 0.0017237284199703728 2.1086169115022964 0.0181272084231503 0.011340092368743303 0.23276374556041654 24.233333333333334 -0.029524974247606917 0.004900769717538373 0.4548332848897578 0.014357007714885128 0.0021397059347582135 1.1522513821354867 nan nan 0.029564315352697202 23.633333333333333 -0.020867511090879143 0.004033782782361158 0.6588495437416324 0.024590183707198232 0.0031506116760519104 0.5472484575814235 nan nan 0.004667928736287976 22.933333333333337 0.006936664684777272 0.0018264956644121156 3.255230125523024 0.01351350045186761 0.0013726034142611183 2.742624646961784 nan nan 0.03812932845692956
