desi_data/desi_elg_ts_zenodo/syst-ELG_VLO-nside256-FRACAREA_12290-zenodo.ecsv
# %ECSV 0.9
# ---
# datatype:
# - {name: STARDENS, datatype: float64}
# - {name: STARDENS_North_NORMDENS, datatype: float64}
# - {name: STARDENS_North_NORMDENS_ERR, datatype: float64}
# - {name: STARDENS_North_HIST, datatype: float64}
# - {name: STARDENS_South_DECaLS_NORMDENS, datatype: float64}
# - {name: STARDENS_South_DECaLS_NORMDENS_ERR, datatype: float64}
# - {name: STARDENS_South_DECaLS_HIST, datatype: float64}
# - {name: STARDENS_South_DES_NORMDENS, datatype: float64}
# - {name: STARDENS_South_DES_NORMDENS_ERR, datatype: float64}
# - {name: STARDENS_South_DES_HIST, datatype: float64}
# - {name: EBV, datatype: float64}
# - {name: EBV_North_NORMDENS, datatype: float64}
# - {name: EBV_North_NORMDENS_ERR, datatype: float64}
# - {name: EBV_North_HIST, datatype: float64}
# - {name: EBV_South_DECaLS_NORMDENS, datatype: float64}
# - {name: EBV_South_DECaLS_NORMDENS_ERR, datatype: float64}
# - {name: EBV_South_DECaLS_HIST, datatype: float64}
# - {name: EBV_South_DES_NORMDENS, datatype: float64}
# - {name: EBV_South_DES_NORMDENS_ERR, datatype: float64}
# - {name: EBV_South_DES_HIST, datatype: float64}
# - {name: SGRDIST, datatype: float64}
# - {name: SGRDIST_North_NORMDENS, datatype: float64}
# - {name: SGRDIST_North_NORMDENS_ERR, datatype: float64}
# - {name: SGRDIST_North_HIST, datatype: float64}
# - {name: SGRDIST_South_DECaLS_NORMDENS, datatype: float64}
# - {name: SGRDIST_South_DECaLS_NORMDENS_ERR, datatype: float64}
# - {name: SGRDIST_South_DECaLS_HIST, datatype: float64}
# - {name: SGRDIST_South_DES_NORMDENS, datatype: float64}
# - {name: SGRDIST_South_DES_NORMDENS_ERR, datatype: float64}
# - {name: SGRDIST_South_DES_HIST, datatype: float64}
# - {name: PSFSIZE_G, datatype: float64}
# - {name: PSFSIZE_G_North_NORMDENS, datatype: float64}
# - {name: PSFSIZE_G_North_NORMDENS_ERR, datatype: float64}
# - {name: PSFSIZE_G_North_HIST, datatype: float64}
# - {name: PSFSIZE_G_South_DECaLS_NORMDENS, datatype: float64}
# - {name: PSFSIZE_G_South_DECaLS_NORMDENS_ERR, datatype: float64}
# - {name: PSFSIZE_G_South_DECaLS_HIST, datatype: float64}
# - {name: PSFSIZE_G_South_DES_NORMDENS, datatype: float64}
# - {name: PSFSIZE_G_South_DES_NORMDENS_ERR, datatype: float64}
# - {name: PSFSIZE_G_South_DES_HIST, datatype: float64}
# - {name: PSFSIZE_R, datatype: float64}
# - {name: PSFSIZE_R_North_NORMDENS, datatype: float64}
# - {name: PSFSIZE_R_North_NORMDENS_ERR, datatype: float64}
# - {name: PSFSIZE_R_North_HIST, datatype: float64}
# - {name: PSFSIZE_R_South_DECaLS_NORMDENS, datatype: float64}
# - {name: PSFSIZE_R_South_DECaLS_NORMDENS_ERR, datatype: float64}
# - {name: PSFSIZE_R_South_DECaLS_HIST, datatype: float64}
# - {name: PSFSIZE_R_South_DES_NORMDENS, datatype: float64}
# - {name: PSFSIZE_R_South_DES_NORMDENS_ERR, datatype: float64}
# - {name: PSFSIZE_R_South_DES_HIST, datatype: float64}
# - {name: PSFSIZE_Z, datatype: float64}
# - {name: PSFSIZE_Z_North_NORMDENS, datatype: float64}
# - {name: PSFSIZE_Z_North_NORMDENS_ERR, datatype: float64}
# - {name: PSFSIZE_Z_North_HIST, datatype: float64}
# - {name: PSFSIZE_Z_South_DECaLS_NORMDENS, datatype: float64}
# - {name: PSFSIZE_Z_South_DECaLS_NORMDENS_ERR, datatype: float64}
# - {name: PSFSIZE_Z_South_DECaLS_HIST, datatype: float64}
# - {name: PSFSIZE_Z_South_DES_NORMDENS, datatype: float64}
[...]
[from data line 21]
3.203333333333333 -0.010983555183285532 0.005147322147328604 0.5924095592490582 0.003747290928299396 0.0035418687020275096 0.6017312228128808 0.022695139881639403 0.010843090832050747 0.3161783467755373 0.14361666666666667 -0.1011767998147029 0.014403329869743034 0.5434470661078498 -0.03433480643776188 0.009085856686544278 0.7151208308372677 nan nan 0.09358744056547585 64.5 0.00803766543341855 0.004659191888553951 0.010706036367624178 nan nan 0.0 nan nan 0.0 2.0183333333333335 0.0002626192831096663 0.002952823078998409 1.489423716758349 0.05268841669382662 0.012800992164730057 0.04699305913811088 nan nan 0.0009149716816264504 2.0183333333333335 -0.023522312095311082 0.0047128357398204005 0.57017048662075 0.12757728632964427 0.022238375467468336 0.015827742374847492 nan nan 0.0004574977010740505 2.0183333333333335 nan nan 0.0003637406359520019 0.1658031539930258 0.02022411122663498 0.019474888536137477 nan nan 0.0 25.03333333333333 nan nan 0.0 nan nan 0.0002497835209485122 0.030177366501067948 0.007668163549511546 0.43568464730290607 24.43333333333333 nan nan 0.0 0.026315850646875916 0.024976130905964674 0.008683857948624673 -0.003092290602606629 0.006384430687568331 0.6072197297787942 23.733333333333334 nan nan 0.0 nan nan 0.0001677805430496916 0.025982441484770247 0.01665917826455643 0.08909812465955988
3.25 0.014470965574219452 0.0055534350168876066 0.5325501295113594 -0.0077082444548163265 0.003673953310380784 0.552964383013507 0.024007236379262498 0.012195394083646078 0.2501691831504666 0.15025000000000002 -0.08820819282596093 0.017854438901827606 0.4347576528862816 -0.03887228063456705 0.010942951348153932 0.5477344949981877 nan nan 0.07409005711433536 67.5 0.019908843045251423 0.0049102730752761175 0.009753322503923948 nan nan 0.0 nan nan 0.0 2.075 0.008258126262198573 0.003207762638697843 1.255148823217779 0.13757851151844636 0.016062294825892148 0.026409322490839278 nan nan 0.002287429204066135 2.075 -0.018783305062153977 0.005413762355062127 0.408825532565822 0.10058692402895009 0.027039449723092 0.011555222960778277 nan nan 0.0 2.075 nan nan 0.000545610953928005 nan nan 0.0067822994901971575 nan nan 0.0 25.1 nan nan 0.0 nan nan 0.0 0.04095775320225825 0.014974860046740507 0.10969917012448173 24.5 nan nan 0.0 nan nan 0.005127611360140283 0.008263250088702545 0.004099594823823763 1.4742874925442857 23.8 nan nan 0.0 nan nan 0.000503341629149048 nan nan 0.02567893549140017
3.296666666666667 -0.005660701258907719 0.005743950624599477 0.489036079111634 -0.02343747532995566 0.0038204307982760755 0.5053698230170085 0.028591027134520886 0.017568000266910383 0.13368242381211187 0.15688333333333335 -0.0443526745857068 0.01805035411386005 0.420783299757794 -0.04189688565766575 0.01138755340740879 0.4590694557170892 nan nan 0.058492150353422645 70.5 0.01690220773850304 0.005621920586401118 0.008307116566940144 nan nan 0.0 nan nan 0.0 2.131666666666667 0.0034296916850078407 0.003622046186059077 0.9963098954562041 0.10486681591892744 0.022242209354868616 0.01582617487502501 nan nan 0.0 2.131666666666667 -0.02660487397676642 0.006916417440618636 0.26550896502493027 nan nan 0.003981211272200919 nan nan 0.0 2.131666666666667 nan nan 0.0009093515898800084 nan nan 0.0036818197232498856 nan nan 0.0 25.166666666666668 nan nan 0.0 nan nan 0.0 -0.00930109462719747 0.020814722721096173 0.05757261410788095 24.566666666666666 nan nan 0.0 nan nan 0.003390839770415168 0.010497904490580634 0.0029962811956474374 2.8470475350741564 23.866666666666667 nan nan 0.0 nan nan 0.0 nan nan 0.005057972142245758
3.3433333333333337 -0.0026294637641879337 0.006054144459233784 0.46981921421429784 -0.034517101745408285 0.0037260921129753325 0.49868782814065754 nan nan 0.0321725335315459 0.1635166666666667 -0.06070947643520441 0.02176185053235992 0.3089884747298917 -0.029753494406282832 0.012288449425423552 0.4126653230092229 nan nan 0.035095290212053445 73.5 0.031454137855586595 0.006052021952729849 0.006775234922789052 nan nan 0.0 nan nan 0.0 2.1883333333333335 0.023759442254041252 0.004130456932886402 0.7625849429802776 nan nan 0.005534306551389113 nan nan 0.0 2.1883333333333335 -0.02438982013703167 0.008119632098338114 0.1890249010259792 nan nan 0.005631957409454959 nan nan 0.0 2.1883333333333335 nan nan 0.000545610953928005 nan nan 0.0021315798397762496 nan nan 0.0 25.233333333333334 nan nan 0.0 nan nan 0.0 nan nan 0.009725103734439867 24.633333333333333 nan nan 0.0 nan nan 0.0023156954529665796 0.00783880587254604 0.002507384665560625 3.8809937501620944 23.933333333333337 nan nan 0.0 nan nan 0.0 nan nan 0.0023344486810365035
3.3899999999999997 -0.0219061489101271 0.006559345124196955 0.3746184237458623 -0.018752740659313982 0.0044049415306737045 0.39834067701503395 nan nan 0.0038828919779451947 0.17015000000000002 -0.06485842113861462 0.02714262725862759 0.20650988512098375 -0.029335662234334703 0.014082484174750116 0.3082560244165292 nan nan 0.02339686014136906 76.5 0.02141886452903785 0.006909422074878751 0.005469537145559599 nan nan 0.0 nan nan 0.0 2.245 0.025757845523840972 0.004928331803121633 0.5503076920256714 nan nan 0.004563375577461198 nan nan 0.0 2.245 -0.02542150787253028 0.00969315367623255 0.1473228756551225 nan nan 0.0012623352814295596 nan nan 0.0 2.245 nan nan 0.0001818703179760017 nan nan 0.00038755997086840904 nan nan 0.0 25.300000000000004 nan nan 0.0 nan nan 0.0 nan nan 0.00038900414937759474 24.700000000000003 nan nan 0.0 nan nan 0.0009097374993797278 0.017694275518682634 0.0026773466023965087 3.4005860843857905 24.0 nan nan 0.0 nan nan 0.0 nan nan 0.0
3.4366666666666665 -0.003942094293791554 0.0069328967933672695 0.34656621866583276 -0.009683105034690498 0.004767487903946023 0.35320790460455737 nan nan 0.001109397707984331 0.17678333333333335 -0.000486549321347729 0.03214311793773845 0.16613953163868617 -0.008373790451546292 0.01635666061069823 0.24610763239706768 nan nan 0.0038994766902281765 79.5 0.011365113994183829 0.007926013487369732 0.004201536679483753 nan nan 0.0 nan nan 0.0 2.3016666666666667 0.037712753564104085 0.005831157628348359 0.3827589809958701 nan nan 0.006505237525317028 nan nan 0.0 2.3016666666666667 -0.020451336644930374 0.01244487608591181 0.08995982765590917 nan nan 0.00029130814186835994 nan nan 0.0 2.3016666666666667 nan nan 0.0001818703179760017 nan nan 0.00029066997815130677 nan nan 0.0 25.366666666666667 nan nan 0.0 nan nan 0.0 nan nan 0.0 24.766666666666666 nan nan 0.0 nan nan 0.0002481102271035621 0.00914001397128883 0.004136034137518619 1.4587277300899923 24.06666666666667 nan nan 0.0 nan nan 0.0 nan nan 0.0
3.4833333333333334 0.012000928022520396 0.008184499541783647 0.27367466215867864 0.02714139738621002 0.006298362073600471 0.23386982067245 nan nan 0.0 0.18341666666666667 nan nan 0.10868941322156994 -0.041982112409924555 0.016696314635818624 0.2336779539931744 nan nan 0.011698430070684482 82.5 -0.03255979556248423 0.009558365378261324 0.0028547145628140015 nan nan 0.0 nan nan 0.0 2.3583333333333334 0.047563588939943946 0.007054227256721058 0.27405396388353725 nan nan 0.005728492746174697 nan nan 0.0 2.3583333333333334 -0.0086546579516662 0.015060716764258525 0.06319040525627627 nan nan 0.0016507461372540395 nan nan 0.0 2.3583333333333334 nan nan 0.0 nan nan 0.00019377998543420452 nan nan 0.0 25.433333333333337 nan nan 0.0 nan nan 0.0 nan nan 0.0 24.833333333333336 nan nan 0.0 nan nan 0.0 0.023350548101024993 0.008544373177794173 0.3605974948782461 24.133333333333333 nan nan 0.0 nan nan 0.0 nan nan 0.0
3.5300000000000002 0.03899920195808804 0.010038837025763763 0.2025501736880616 0.04011095718751445 0.008620678525129185 0.12965414619735827 nan nan 0.0 0.19005000000000002 nan nan 0.05123929480445462 -0.012724912861678761 0.01847184937888523 0.21130453286616924 nan nan 0.01949738345114088 85.5 0.020760846059568072 0.015319893389791327 0.0013125518338028364 nan nan 0.0 nan nan 0.0 2.415 0.06559317988435842 0.008941010848679369 0.16864859315909986 nan nan 0.0015534895582846634 nan nan 0.0 2.415 -0.04202913723570556 0.017014466963130907 0.041702025370856675 nan nan 0.0007768217116489598 nan nan 0.0 2.415 nan nan 0.0 nan nan 0.00029066997815130677 nan nan 0.0 25.5 nan nan 0.0 nan nan 0.0 nan nan 0.0 24.9 nan nan 0.0 nan nan 0.0 0.03173629306210779 0.014825649406349535 0.11436425403905541 24.200000000000003 nan nan 0.0 nan nan 0.0 nan nan 0.0
3.576666666666667 0.08206815098517295 0.012815131024772858 0.1197188594753876 0.04665063009537018 0.013366522517194888 0.05966904196605423 nan nan 0.0 0.19668333333333335 nan nan 0.04347576528862816 -0.05849174556205017 0.018759571661507036 0.16738633583908308 nan nan 0.007798953380456353 88.5 nan nan 0.0 nan nan 0.0 nan nan 0.0 2.4716666666666667 0.09732372585359783 0.012170559159845403 0.09458986311966905 nan nan 0.0006796516817495403 nan nan 0.0 2.4716666666666667 -0.022207877366406448 0.023335891363063944 0.02330942902825177 nan nan 0.0004855135697805999 nan nan 0.0 2.4716666666666667 nan nan 0.0 nan nan 9.688999271710226e-05 nan nan 0.0 25.56666666666667 nan nan 0.0 nan nan 0.0 nan nan 0.0 24.96666666666667 nan nan 0.0 nan nan 0.0 0.001094499286129702 0.0223493806426106 0.05018023391509574 24.266666666666666 nan nan 0.0 nan nan 0.0 nan nan 0.0
