desi_data/desi_elg_ts_zenodo/syst-ELG_LOP-nside256-FRACAREA_12290-zenodo.ecsv
# %ECSV 0.9
# ---
# datatype:
# - {name: STARDENS, datatype: float64}
# - {name: STARDENS_North_NORMDENS, datatype: float64}
# - {name: STARDENS_North_NORMDENS_ERR, datatype: float64}
# - {name: STARDENS_North_HIST, datatype: float64}
# - {name: STARDENS_South_DECaLS_NORMDENS, datatype: float64}
# - {name: STARDENS_South_DECaLS_NORMDENS_ERR, datatype: float64}
# - {name: STARDENS_South_DECaLS_HIST, datatype: float64}
# - {name: STARDENS_South_DES_NORMDENS, datatype: float64}
# - {name: STARDENS_South_DES_NORMDENS_ERR, datatype: float64}
# - {name: STARDENS_South_DES_HIST, datatype: float64}
# - {name: EBV, datatype: float64}
# - {name: EBV_North_NORMDENS, datatype: float64}
# - {name: EBV_North_NORMDENS_ERR, datatype: float64}
# - {name: EBV_North_HIST, datatype: float64}
# - {name: EBV_South_DECaLS_NORMDENS, datatype: float64}
# - {name: EBV_South_DECaLS_NORMDENS_ERR, datatype: float64}
# - {name: EBV_South_DECaLS_HIST, datatype: float64}
# - {name: EBV_South_DES_NORMDENS, datatype: float64}
# - {name: EBV_South_DES_NORMDENS_ERR, datatype: float64}
# - {name: EBV_South_DES_HIST, datatype: float64}
# - {name: SGRDIST, datatype: float64}
# - {name: SGRDIST_North_NORMDENS, datatype: float64}
# - {name: SGRDIST_North_NORMDENS_ERR, datatype: float64}
# - {name: SGRDIST_North_HIST, datatype: float64}
# - {name: SGRDIST_South_DECaLS_NORMDENS, datatype: float64}
# - {name: SGRDIST_South_DECaLS_NORMDENS_ERR, datatype: float64}
# - {name: SGRDIST_South_DECaLS_HIST, datatype: float64}
# - {name: SGRDIST_South_DES_NORMDENS, datatype: float64}
# - {name: SGRDIST_South_DES_NORMDENS_ERR, datatype: float64}
# - {name: SGRDIST_South_DES_HIST, datatype: float64}
# - {name: PSFSIZE_G, datatype: float64}
# - {name: PSFSIZE_G_North_NORMDENS, datatype: float64}
# - {name: PSFSIZE_G_North_NORMDENS_ERR, datatype: float64}
# - {name: PSFSIZE_G_North_HIST, datatype: float64}
# - {name: PSFSIZE_G_South_DECaLS_NORMDENS, datatype: float64}
# - {name: PSFSIZE_G_South_DECaLS_NORMDENS_ERR, datatype: float64}
# - {name: PSFSIZE_G_South_DECaLS_HIST, datatype: float64}
# - {name: PSFSIZE_G_South_DES_NORMDENS, datatype: float64}
# - {name: PSFSIZE_G_South_DES_NORMDENS_ERR, datatype: float64}
# - {name: PSFSIZE_G_South_DES_HIST, datatype: float64}
# - {name: PSFSIZE_R, datatype: float64}
# - {name: PSFSIZE_R_North_NORMDENS, datatype: float64}
# - {name: PSFSIZE_R_North_NORMDENS_ERR, datatype: float64}
# - {name: PSFSIZE_R_North_HIST, datatype: float64}
# - {name: PSFSIZE_R_South_DECaLS_NORMDENS, datatype: float64}
# - {name: PSFSIZE_R_South_DECaLS_NORMDENS_ERR, datatype: float64}
# - {name: PSFSIZE_R_South_DECaLS_HIST, datatype: float64}
# - {name: PSFSIZE_R_South_DES_NORMDENS, datatype: float64}
# - {name: PSFSIZE_R_South_DES_NORMDENS_ERR, datatype: float64}
# - {name: PSFSIZE_R_South_DES_HIST, datatype: float64}
# - {name: PSFSIZE_Z, datatype: float64}
# - {name: PSFSIZE_Z_North_NORMDENS, datatype: float64}
# - {name: PSFSIZE_Z_North_NORMDENS_ERR, datatype: float64}
# - {name: PSFSIZE_Z_North_HIST, datatype: float64}
# - {name: PSFSIZE_Z_South_DECaLS_NORMDENS, datatype: float64}
# - {name: PSFSIZE_Z_South_DECaLS_NORMDENS_ERR, datatype: float64}
# - {name: PSFSIZE_Z_South_DECaLS_HIST, datatype: float64}
# - {name: PSFSIZE_Z_South_DES_NORMDENS, datatype: float64}
[...]
2.2233333333333336 nan nan 0.02051446453571126 nan nan 0.011464947288539919 nan nan 0.02217245737345061 0.004316666666666667 0.0035747633352760655 0.004032487076267084 2.507368204617372 nan nan 0.0008268862619324856 nan nan 0.10521239069439269 1.5 0.05222204195184976 0.008786416322140458 0.001413284877851807 0.06922994115023684 0.0014417242334836807 0.028598982227113733 0.02617716630701694 0.002910921241919982 0.023942448522443354 0.8283333333333334 nan nan 0.0 nan nan 0.0 nan nan 0.0 0.8283333333333334 nan nan 0.0 nan nan 0.0007764927182777654 nan nan 0.0 0.8283333333333334 nan nan 0.0 0.19808001718178847 0.014401907452967929 0.01655473663931102 nan nan 0.0 23.633333333333333 0.13457619536730858 0.014731332557371146 0.06022596408229347 0.24703259261577537 0.008192295679885773 0.08055746654534993 nan nan 0.0023329963449724013 23.03333333333333 0.02321351657108961 0.011810716188395578 0.06132168463430093 0.2541057037446197 0.013869507192150066 0.030671296296296408 nan nan 0.0 22.333333333333336 nan nan 0.0066596456449015224 0.2153875741051161 0.010604907775326527 0.0508201670524305 nan nan 0.0046674445740956996
2.2700000000000005 0.06073067893883155 0.011851786803029682 0.03948482959024033 0.014594110129645732 0.011674887313070068 0.02059010941615352 0.02830422714765357 0.0124729827366579 0.057648389170972134 0.010950000000000001 0.02966900228589764 0.0011103120152757126 33.09974130844924 -0.03566697439477573 0.0026204848563548717 2.271456561528538 0.0018495905970179471 0.002738866585439206 9.605501594876962 4.5 0.08587092908210292 0.004053265954470944 0.008038271617612336 0.06291918055631396 0.0014999189285221626 0.024844991227974587 0.033057086010526926 0.0026790765724680338 0.028775738778323425 0.885 nan nan 0.0 nan nan 0.0002911175192905791 nan nan 0.0 0.885 nan nan 0.0 nan nan 0.0034942172322499445 nan nan 0.0 0.885 nan nan 0.010904127878765487 0.214675065808698 0.00799686374264078 0.05682824799576356 nan nan 0.0013714264816358382 23.700000000000003 0.08814882381417966 0.009188205645189752 0.13212362663014768 0.21381596644662204 0.006423368022800444 0.10069683318168741 nan nan 0.004277159965782736 23.1 0.011130230249215778 0.007381111409775001 0.12093134254023306 0.24002905074137826 0.011112811641826158 0.04985119047619066 nan nan 0.0 22.4 nan nan 0.007588898525585456 0.17050792045556062 0.012904229127539354 0.03824091778202691 nan nan 0.005834305717619624
2.316666666666667 0.053047571549769135 0.01008943020409788 0.06286690744814741 0.016110369098406574 0.008187534371943713 0.03884043367138014 0.029896807012715798 0.011780634659449339 0.09534156670583763 0.017583333333333333 0.037599687171059104 0.0011175160461874838 33.86420174436535 0.00030193613106055395 0.0013219617842606158 10.2070840172946 0.01261010447798494 0.001629377346183886 32.27682341191313 7.5 0.05014045683931878 0.0032149109499003993 0.010327587799895286 0.05278977068350543 0.0014532998480315373 0.02429832877478597 0.01902174685866198 0.0024512606751307783 0.03364349099681227 0.9416666666666667 nan nan 0.0 nan nan 0.0037845277507775276 nan nan 0.0 0.9416666666666667 nan nan 0.0 nan nan 0.0045618947198818715 nan nan 0.00685979792559711 0.9416666666666667 0.041360467019173175 0.005774070019043526 0.16737836293905023 0.11645977142977781 0.005677365254653025 0.14541061071488395 nan nan 0.010971411853086706 23.766666666666666 0.08838293905732375 0.005601563131082291 0.2757633290796487 0.17472782098669726 0.007188325194676944 0.09254122189920362 nan nan 0.009331985379889605 23.166666666666664 0.017143647377453552 0.004626463204175161 0.2899550722682808 0.20653319201265008 0.010273587764741481 0.060681216931217155 nan nan 0.0 22.46666666666667 nan nan 0.012235162929005125 0.11089018810651419 0.011071028803193158 0.04671094562409865 nan nan 0.007779074290159499
2.3633333333333333 0.0571306584226694 0.007462740014383362 0.10455759344007776 0.027799118389522648 0.006351626567337699 0.07042753334388875 0.011545128343931399 0.008066193645208206 0.18680295337132316 0.02421666666666667 0.0258079206919406 0.0017041148923798845 16.64135780578456 0.04269020837303539 0.0010199185236933206 19.148205167570563 0.01367954413579131 0.0017013228960287298 29.946563795792876 10.5 0.02377886401838114 0.003055378258755198 0.01175456066687883 0.03216320703591147 0.0015137549307695382 0.024396401108580604 0.024699963432914362 0.0022675398343602704 0.03448780908072715 0.9983333333333333 nan nan 0.0 nan nan 0.003493410231486949 nan nan 0.0013719595851194222 0.9983333333333333 nan nan 0.0 0.1178313021116113 0.010263584606848454 0.0385334511445341 nan nan 0.0059451582021841625 0.9983333333333333 0.024117007452077344 0.0029690607970470732 0.6173553734027727 0.03874512524112117 0.0031790782618047087 0.33942050676856395 -0.03457794642621187 0.005469919713937077 0.37119943436276687 23.833333333333336 0.07674523920713616 0.003377997216865224 0.6413209250210113 0.17115167696496547 0.008804090688682301 0.06516166973657954 nan nan 0.010887316276537872 23.233333333333334 0.02298968707234117 0.003166362028893421 0.6213100636043891 0.193752184260356 0.01180372220941004 0.04794973544973562 nan nan 0.002333117303953346 22.53333333333333 -0.06532403168160211 0.016401055510006694 0.02416057489778227 0.06672272083768616 0.009070066427779046 0.07497232565160537 nan nan 0.010501750291715323
2.41 0.05054784809206336 0.004005497722289058 0.3842601851742905 0.027794587880151878 0.003474624160035482 0.24146582860761626 0.012825541298587484 0.004412424418382677 0.6718254584155535 0.030850000000000002 -0.004050265987619539 0.002050527633576696 10.962951890318378 0.04396124533739321 0.0010764657711267937 19.67906614773122 0.007118269760718388 0.0018223782348521804 25.87835135560969 13.5 0.007515553868455482 0.0031163811209524227 0.012880397772964168 0.025114211125524033 0.001490746514834854 0.025987352301249152 -0.006364755993329307 0.0024479887145938246 0.029284052726802793 1.0550000000000002 nan nan 0.0 nan nan 0.0069868204629738705 nan nan 0.002743919170238833 1.0550000000000002 nan nan 0.0 0.09055207270937748 0.0038337068680142938 0.2244063955822733 0.01814510451938256 0.01533585297392406 0.0544210635430702 1.0550000000000002 0.019363076996478323 0.0021148179539424512 1.3084953454518535 0.03471832959791743 0.0020126334457563353 0.7162101851322951 -0.02302625755730081 0.0021135275838212826 2.4653676718206823 23.9 0.05707529157895852 0.001935656688784151 1.5753680475582865 0.12958109544994456 0.011174190637286285 0.04751891879896158 nan nan 0.013997978069834407 23.299999999999997 0.015865271794216707 0.002054278259119831 1.3475206740197399 0.13155480994505364 0.010157972732721073 0.05026455026455044 nan nan 0.004277381723914468 22.6 -0.08702166215128915 0.012412103192894323 0.0432102589518029 -0.014766435725160787 0.005834882687068479 0.1361913387675695 nan nan 0.008945935433683425
2.456666666666667 0.05592941276011154 0.004611536507800794 0.29668768602722484 0.03192624495622298 0.0038487796181120013 0.19689292129196806 0.0076310871106970435 0.004827743663117852 0.5193898139730855 0.03748333333333334 -0.017097795115204484 0.0021844404816580617 9.789125216913712 0.03259918079958357 0.0011874358574484795 17.515931686515845 0.0033176213316943315 0.002288151010016645 16.88464032884458 16.5 -0.025376055724531388 0.0028822717882127633 0.013906996957844416 0.0006162494887429482 0.0014016885916184653 0.02670291710708409 -0.026140095656425943 0.002556909875925204 0.026725252003101576 1.1116666666666668 nan nan 0.0005493988965628387 0.07379927499451933 0.007672206705496295 0.04784031233675183 nan nan 0.0059451582021841625 1.1116666666666668 nan nan 0.0007276987618205571 0.07249744791861912 0.0021042935307506922 0.6541951151490173 -0.030930299555978258 0.003745471259940043 0.8117427545289914 1.1116666666666668 0.01952299513494915 0.0016613558322392424 2.012902006420109 0.03112365089522262 0.001578960868378991 1.1877781510392216 -0.004735628769762745 0.0014541088014723444 4.945821034939377 23.96666666666667 0.03048878940165911 0.0011524310595553214 3.5805658439416232 0.07463938378190793 0.007618887834559817 0.0838030669536853 nan nan 0.01127614900069994 23.366666666666667 0.007898757753796226 0.001335425055229718 2.805233613829036 0.08826485701415732 0.009353038868145933 0.0611772486772489 nan nan 0.004277381723914468 22.666666666666664 -0.07117440500506567 0.004956199414871962 0.21558666831867254 -0.029376339578580324 0.0034520782373436646 0.2956123578544843 nan nan 0.010112796577207348
2.5033333333333334 0.057049028121655576 0.0028123942935074837 0.8024905589345974 0.02391621424244539 0.002298174410838066 0.5672809122666334 0.015165021856275995 0.0028907871122195302 1.5116072814349952 0.04411666666666667 -0.020544367917891437 0.0023926671098404946 8.438526759138979 0.012824725680372184 0.0013087114120748288 15.017908289217791 -0.009683157134435516 0.0027723831106356983 10.871947038420569 19.5 0.014624112112144205 0.0028262333563161906 0.014646148370958194 -0.01984049496641771 0.001361039482384289 0.026138093110600166 -0.061713475626618886 0.0026911079892872514 0.02419229775135694 1.1683333333333334 nan nan 0.003479526344897978 0.07210326453508475 0.0037791010283277507 0.2202789229298715 nan nan 0.03384166976627908 1.1683333333333334 nan nan 0.008550460451391545 0.04275240587025986 0.0016047291361933592 1.0964077182082046 -0.013907301592231469 0.0018605971514789438 3.174714479966343 1.1683333333333334 0.011155721624158454 0.0015402395493053736 2.498317432489819 0.02095341725583655 0.001324370130827579 1.6288505494526777 0.007002921026091791 0.0013868826074309327 5.048678021062066 24.03333333333333 -0.009317573443921368 0.0009653843986396671 4.436957266021367 0.049255950341596466 0.005059533693724698 0.14596879785180142 nan nan 0.014775643518158542 23.43333333333333 0.0017852893109306933 0.0010707513928307185 4.106840843769794 0.07725282909686115 0.006981891713852904 0.0925925925925929 nan nan 0.007777057679844487 22.733333333333334 -0.05908581185403605 0.002717468923325047 0.6123776483707122 -0.01101802139522462 0.002022389156683171 0.7183589950018475 nan nan 0.014002333722287099
2.55 0.05212363940684117 0.0024385668808590793 1.0296937683086138 0.029389292629796948 0.0019237003441907915 0.7951759869408834 0.003334276123884816 0.00239749913383592 2.151836988093402 0.05075 -0.022507852617975277 0.0026378075633515475 7.13444719198796 -0.00856596480198546 0.0014534358653069321 12.371872251033853 -0.017264388797134433 0.0035161705423504648 7.279138733967615 22.5 0.00952143476203271 0.0026596591797013796 0.01520393392807646 -0.013915757243783466 0.0014838165956476573 0.02460889116513565 -0.03790209573577641 0.0030240690824779827 0.02168518997156888 1.225 nan nan 0.004028925241460817 0.059312977024227775 0.00235810873789061 0.5404111549764116 0.036620653997447405 0.005750877889214575 0.32058122305623826 1.225 0.031952852604509974 0.009561607855359405 0.07313372556296598 0.02966821291541244 0.001360796830516065 1.5855981307231968 0.0031615104733568877 0.0013301521636302233 5.624576979127924 1.225 0.005597644726641482 0.001488223966861312 2.6317112635400504 0.016966825793864437 0.0012302813587896863 1.9072799212343063 0.01858542220591175 0.00172752507164134 3.3179378012376373 24.1 -0.038617203692702384 0.0012286037783161086 2.605589965451643 0.03920588750193732 0.00380986229729673 0.26264397150527974 nan nan 0.013609145345671614 23.5 -0.006955788891691073 0.00121168879417446 3.232306463160137 0.0759371659051602 0.004565121619296091 0.19543650793649822 nan nan 0.004666234607906443 22.8 -0.03975036127394749 0.0019969128905189706 1.2007495973236921 -0.0029790216269255376 0.0012248482121066753 1.7390392808023019 nan nan 0.01944768572539771
2.5966666666666667 0.04429405393109098 0.0023635666192318686 1.186971329749057 0.02609677479211614 0.0017891846467197566 0.9955785859742318 0.00795925431605582 0.0022026206586876454 2.4555996541096548 0.05738333333333334 -0.050745567384365975 0.0030280562317780103 5.686159063903467 -0.02881622049822463 0.001633548290614092 10.060725148932555 -0.002129778251261538 0.004377852422510531 5.0346077324872365 25.5 0.010681018415420573 0.0026359021799682927 0.01567959155040431 -0.023044075076412263 0.0016019256084606863 0.02237320518548384 -0.026888319120257576 0.003211123331729737 0.021340570345481175 1.2816666666666667 nan nan 0.009522914207089204 0.05099834792945934 0.0016357066420706863 1.0707302359507498 0.004536046720841291 0.002717378545166758 1.4332404465880895 1.2816666666666667 0.009353322012389143 0.004592142156712498 0.2414140642339698 0.015670986314082036 0.001280535056171555 1.8619324768402967 0.004821895861860548 0.001431801624099876 4.779907194556066 1.2816666666666667 -0.005381114331535708 0.0015621461214583039 2.4668771971060455 0.016096903288633557 0.0011577498721529393 2.2425375410116986 0.015049768924719986 0.003000008889215675 1.1524553867346492 24.16666666666667 -0.052113120408487146 0.001920879597195272 1.0504528619004676 0.019587283659091126 0.0023825693991830856 0.5287832049887948 nan nan 0.026051792518858478 23.56666666666667 -0.012674383249831334 0.001856931244991195 1.4222272948940151 0.07453068107620797 0.003307302932504569 0.3407738095238107 nan nan 0.012054439403758953 22.866666666666667 -0.01980779511297004 0.0014942422423948787 2.20805971998514 -0.002116580376595678 0.0010031277186678044 2.5690181476636234 nan nan 0.021392454297938623
2.6433333333333335 0.034978693899646696 0.0018633698914735691 1.8264491005988093 0.0248059931293676 0.0013856718516897907 1.712254780766023 -0.0007651296235858807 0.00191908478181968 3.4661093989046665 0.06401666666666667 -0.08228307271385793 0.0034612989803145507 4.253377232693535 -0.0377826561900626 0.0018578588619793115 8.301111183540216 -0.010093158173421157 0.005483822649510149 3.6122920805074794 28.5 0.008100275277938884 0.002906087641211611 0.01621684512382497 -0.04043179191955859 0.0017603871069233764 0.019981329933492428 0.0015143502494914252 0.003023200507563332 0.019772551046782116 1.3383333333333334 nan nan 0.016115700965843267 0.029958262762303622 0.0013933264853202394 1.5251646835633437 0.004464256608093908 0.0017974486075884478 3.129897133519108 1.3383333333333334 0.022373082339630646 0.003204075069357552 0.5241250332012563 0.007188288297238055 0.0011717506997590687 2.1735972416390346 0.018122714536518925 0.0021499887713215906 2.2436112415319616 1.3383333333333334 -0.00976226486038878 0.0017312142451762643 2.0125385354908167 0.01082393376715407 0.0011776443515719335 2.108550666691193 0.007729402834965704 0.007138255242569934 0.2326853597175472 24.233333333333334 -0.0669540157007455 0.0028199461284440165 0.4547293722182468 0.006757330206632606 0.001526931551238339 1.1517720423426063 nan nan 0.029551287036317084 23.633333333333333 -0.017748867534005397 0.0027206809277422676 0.6588190128350149 -0.002415962190591592 0.002333067884625425 0.5475363756613776 nan nan 0.005055087491898916 22.933333333333337 0.0006893197536146367 0.0012227879393857785 3.2543984636352485 -0.0029790216269255376 0.0009491715412723306 2.7421924792861794 nan nan 0.038117464021781546
