desi_data/desi_elg_ts_zenodo/syst-ELG_LOP-nside256-FRACAREA_12290-zenodo.ecsv
# %ECSV 0.9
# ---
# datatype:
# - {name: STARDENS, datatype: float64}
# - {name: STARDENS_North_NORMDENS, datatype: float64}
# - {name: STARDENS_North_NORMDENS_ERR, datatype: float64}
# - {name: STARDENS_North_HIST, datatype: float64}
# - {name: STARDENS_South_DECaLS_NORMDENS, datatype: float64}
# - {name: STARDENS_South_DECaLS_NORMDENS_ERR, datatype: float64}
# - {name: STARDENS_South_DECaLS_HIST, datatype: float64}
# - {name: STARDENS_South_DES_NORMDENS, datatype: float64}
# - {name: STARDENS_South_DES_NORMDENS_ERR, datatype: float64}
# - {name: STARDENS_South_DES_HIST, datatype: float64}
# - {name: EBV, datatype: float64}
# - {name: EBV_North_NORMDENS, datatype: float64}
# - {name: EBV_North_NORMDENS_ERR, datatype: float64}
# - {name: EBV_North_HIST, datatype: float64}
# - {name: EBV_South_DECaLS_NORMDENS, datatype: float64}
# - {name: EBV_South_DECaLS_NORMDENS_ERR, datatype: float64}
# - {name: EBV_South_DECaLS_HIST, datatype: float64}
# - {name: EBV_South_DES_NORMDENS, datatype: float64}
# - {name: EBV_South_DES_NORMDENS_ERR, datatype: float64}
# - {name: EBV_South_DES_HIST, datatype: float64}
# - {name: SGRDIST, datatype: float64}
# - {name: SGRDIST_North_NORMDENS, datatype: float64}
# - {name: SGRDIST_North_NORMDENS_ERR, datatype: float64}
# - {name: SGRDIST_North_HIST, datatype: float64}
# - {name: SGRDIST_South_DECaLS_NORMDENS, datatype: float64}
# - {name: SGRDIST_South_DECaLS_NORMDENS_ERR, datatype: float64}
# - {name: SGRDIST_South_DECaLS_HIST, datatype: float64}
# - {name: SGRDIST_South_DES_NORMDENS, datatype: float64}
# - {name: SGRDIST_South_DES_NORMDENS_ERR, datatype: float64}
# - {name: SGRDIST_South_DES_HIST, datatype: float64}
# - {name: PSFSIZE_G, datatype: float64}
# - {name: PSFSIZE_G_North_NORMDENS, datatype: float64}
# - {name: PSFSIZE_G_North_NORMDENS_ERR, datatype: float64}
# - {name: PSFSIZE_G_North_HIST, datatype: float64}
# - {name: PSFSIZE_G_South_DECaLS_NORMDENS, datatype: float64}
# - {name: PSFSIZE_G_South_DECaLS_NORMDENS_ERR, datatype: float64}
# - {name: PSFSIZE_G_South_DECaLS_HIST, datatype: float64}
# - {name: PSFSIZE_G_South_DES_NORMDENS, datatype: float64}
# - {name: PSFSIZE_G_South_DES_NORMDENS_ERR, datatype: float64}
# - {name: PSFSIZE_G_South_DES_HIST, datatype: float64}
# - {name: PSFSIZE_R, datatype: float64}
# - {name: PSFSIZE_R_North_NORMDENS, datatype: float64}
# - {name: PSFSIZE_R_North_NORMDENS_ERR, datatype: float64}
# - {name: PSFSIZE_R_North_HIST, datatype: float64}
# - {name: PSFSIZE_R_South_DECaLS_NORMDENS, datatype: float64}
# - {name: PSFSIZE_R_South_DECaLS_NORMDENS_ERR, datatype: float64}
# - {name: PSFSIZE_R_South_DECaLS_HIST, datatype: float64}
# - {name: PSFSIZE_R_South_DES_NORMDENS, datatype: float64}
# - {name: PSFSIZE_R_South_DES_NORMDENS_ERR, datatype: float64}
# - {name: PSFSIZE_R_South_DES_HIST, datatype: float64}
# - {name: PSFSIZE_Z, datatype: float64}
# - {name: PSFSIZE_Z_North_NORMDENS, datatype: float64}
# - {name: PSFSIZE_Z_North_NORMDENS_ERR, datatype: float64}
# - {name: PSFSIZE_Z_North_HIST, datatype: float64}
# - {name: PSFSIZE_Z_South_DECaLS_NORMDENS, datatype: float64}
# - {name: PSFSIZE_Z_South_DECaLS_NORMDENS_ERR, datatype: float64}
# - {name: PSFSIZE_Z_South_DECaLS_HIST, datatype: float64}
# - {name: PSFSIZE_Z_South_DES_NORMDENS, datatype: float64}
[...]
[from data line 11]
2.736666666666667 0.010085255101019985 0.002165489567692407 1.4620416230397228 0.0202913469219117 0.0015408480959779166 1.6426461722284593 -0.0022350076276863584 0.002531203848485347 1.8685838451475503 0.07728333333333334 -0.10167554340897367 0.00490288018710072 2.535279538991595 -0.042878067092310346 0.0023396659271846176 5.373106930037298 -0.04238217286855139 0.007807514824719504 1.7223658032193196 34.5 -0.008042545273942214 0.0027225671762671393 0.01619289114284443 -0.06764735571978109 0.0018506056052049128 0.015657066474880767 0.018587583211908232 0.0037491596391474188 0.011398294132850866 1.4516666666666667 -0.033375631527616856 0.0071384581230958324 0.10475205627798123 0.0029212901152961823 0.0012075385819900846 2.132338789630395 -0.000574917212944559 0.001609000158234441 3.991945072835812 1.4516666666666667 0.018809001647740686 0.0022692539967774992 1.1646818682938016 -0.020760730573344932 0.0011960022749974417 2.0854653181145086 0.022833473263960347 0.00833202964632191 0.1705803084165148 1.4516666666666667 -0.022926393562263225 0.0024038975022441567 1.03316611651303 -0.013182536238882825 0.001444837526897681 1.4641744849879523 nan nan 0.026971387472171485 24.366666666666667 -0.05908599168617373 0.009828525954063565 0.03517071804288972 0.001783160343639567 0.0008377239089455661 3.3502918266350177 -0.060537436533552424 0.014885529964555333 0.06765689400419964 23.766666666666666 -0.046186961861144515 0.007607848795009479 0.07128256741753763 0.0014193616443473056 0.0008560274163805969 3.3261408730158846 nan nan 0.010110174983797833 23.06666666666667 0.022315842860935464 0.001493240667652932 2.167946970635617 -0.005224333173646123 0.0011848905103976517 1.7615980678273182 -0.015062188784706998 0.01646107602230674 0.05873201089070422
2.783333333333333 -0.007609497902412832 0.002390583336339985 1.2107945788873138 0.01392847517020157 0.0016313486662311685 1.457920133773325 -0.008411901821689993 0.003537601930465783 1.0598434624509494 0.08391666666666667 -0.09747675791803051 0.005470994038837275 2.059236224942404 -0.05011226034111327 0.0027175734289902097 4.5296829428661525 -0.09932748647263889 0.008941576465757443 1.359967568605297 37.5 -0.0042092267925848414 0.0027527835711327617 0.01624764309937138 -0.04458594733342708 0.0021554928990180117 0.012803888023188659 0.004042365325775732 0.004070476040892689 0.011760144740242957 1.5083333333333333 -0.03135119292498989 0.004311455030597481 0.2441162430394213 -0.010336592565449276 0.0011601850749050468 2.2121049899160132 -0.0003702519331239551 0.0020274758981632638 2.5390398721943437 1.5083333333333333 0.018954366983516824 0.001958572035611201 1.5172519183958615 -0.020478157349729575 0.0012947587478978624 1.7591442532582773 nan nan 0.0333843499045726 1.5083333333333333 -0.023259098276975365 0.003075319585708416 0.6329846233623365 -0.03566697439477573 0.0016460516142960478 1.1900048115228716 nan nan 0.003657137284362235 24.433333333333337 nan nan 0.005758037909676636 -0.009885608573795834 0.000891661986500777 2.8940769179556702 -0.027571985063415627 0.011175688126685717 0.10926199548954078 23.833333333333336 -0.07613985938315537 0.014654040804129749 0.02210070867530643 -0.0013616510582684649 0.0008585495406276543 3.2541335978836092 nan nan 0.010110174983797833 23.133333333333333 0.02973089769714088 0.002139366032966412 1.1061206789741087 0.00047986445740844097 0.0015046897294208903 1.1021938210727622 0.0018495905970179471 0.008838774738580066 0.1178529754959164
2.83 -0.025567463898505394 0.0022838792273450256 1.3658662839260658 0.007051449913198393 0.0016034204449892166 1.6050926203955886 -0.012212657551409545 0.0038127681304231924 0.9029733265337762 0.09055000000000002 -0.10205100160462854 0.006341068844033728 1.5831929108932188 -0.0518150157027345 0.003016902567074879 3.7929272834843086 -0.08882290056137387 0.010439796857503928 0.9624985370931471 40.5 -0.006168680968949958 0.002662828626590295 0.016052589254244132 -0.043559882484858314 0.002559214831990498 0.010012458818700578 0.0048865617332662925 0.004081678817207804 0.011725682777634187 1.565 -0.03557822551504636 0.003194763299659569 0.45600108414715607 -0.01606871852651426 0.0011694115187306509 2.1547548386157698 -0.00559259011921992 0.002863768105733985 1.23476362660748 1.565 0.018336455789131456 0.0018674972117271656 1.6877153533523268 -0.027144851192106745 0.001501048330367498 1.3691507855032699 nan nan 0.01006103695754243 1.565 -0.024784619817021458 0.004043395527559618 0.3667421676558126 -0.04822335548089096 0.0017685482672164892 0.9433295544645999 nan nan 0.0027428529632716765 24.5 nan nan 0.0035793208627719637 -0.02032628389877944 0.0010535597638082555 2.0083608885732747 -0.034564033194293575 0.008014893276517925 0.1644762423205543 23.9 nan nan 0.0035796922502256893 -0.007273402361371306 0.0009886241552365539 2.4377480158730247 nan nan 0.019442644199611215 23.200000000000003 0.026305279741582366 0.003313545821264292 0.48646388303803917 0.01846165225125529 0.001959349424638975 0.6519405588541165 -0.017589802940186194 0.005338470396981378 0.30921820303384007
2.876666666666667 -0.02807541201920888 0.002519168284398946 1.112192797731787 -0.01398679804895342 0.0017894975926812558 1.2839571070584246 -0.01326494903130937 0.004876535948646338 0.6003192833861752 0.09718333333333334 -0.1080179723714832 0.006396915861510475 1.4048704968357095 -0.05740449472123582 0.0033866743565969613 3.1818583359162087 -0.10006268468929613 0.013850584175802287 0.5806165264246124 43.5 -0.016431316272081387 0.0025786428562743504 0.015337391822110894 -0.030176492779370512 0.0028264377768766158 0.009285997086888455 0.016854549412621544 0.004557307128043862 0.009657965021107953 1.6216666666666666 -0.03263156817466578 0.0024576135278211036 0.792965740705697 -0.025009322048328175 0.0012666511918556617 1.892360914561861 -0.0017156520703616174 0.0043925007435900755 0.5382654772285199 1.6216666666666666 0.012861076309248709 0.0017860988507445914 1.8670930981410945 -0.026009555427445652 0.0017865133314724057 0.9860486906229772 nan nan 0.00045731986170647406 1.6216666666666666 -0.04265173148962542 0.005390735026832388 0.20481586865614507 -0.05865492226903379 0.002060766417484946 0.7169846757353066 nan nan 0.0004571421605452794 24.56666666666667 nan nan 0.0009337358772448601 -0.027550538207455233 0.0013353621175587662 1.1879729699740393 -0.05035896792117378 0.005915519588742802 0.33828447002099815 23.96666666666667 nan nan 0.001400749141392661 -0.014743778942156616 0.001205022162707814 1.547784391534397 nan nan 0.03188593648736239 23.266666666666666 0.038883028771484085 0.004784423373940337 0.24640688886135634 0.021128261790236413 0.0026168081401851157 0.3433296434202152 -0.010804012585945155 0.003146131597975077 0.9140412290937411
2.923333333333334 -0.03242291443175238 0.0023233324869840425 1.1854272302678857 -0.017785521827538064 0.0017885643097171416 1.2726091490279432 -0.022606380499693657 0.00505960001242499 0.5360191570031736 0.10381666666666667 -0.10829490690863908 0.007015604016604219 1.3754085327740306 -0.06480485992390661 0.0038832278282031948 2.5120804637508893 -0.0775762361178064 0.01525381928651919 0.5182684430501562 46.5 -0.022009734938822134 0.0024975909528634193 0.015296327854715684 -0.010771699211943042 0.0032379945334587634 0.008110945235682348 0.025200266613967237 0.005480697461263716 0.007228396657189627 1.6783333333333332 -0.025626819057360084 0.002031992345129951 1.1638099958856132 -0.02797281624873782 0.0014514595212219868 1.456655027356961 0.0169775227590363 0.009113949676273813 0.1564033927036141 1.6783333333333332 0.006521221880697703 0.001797788314544774 1.8003267367440583 -0.035229837114598705 0.0022072389948204364 0.6446830793501147 nan nan 0.0013719595851194222 1.6783333333333332 -0.05138079862527556 0.007223520078636802 0.1066787177472557 -0.06252100585687898 0.002670287052368953 0.44794600251515837 nan nan 0.0 24.633333333333333 nan nan 0.00046686793862243004 -0.029658203408098216 0.0020798639170017917 0.46811544350991047 -0.023852547281579928 0.0034676880456715412 0.7722217901858648 24.03333333333333 nan nan 0.0 -0.014652277332883101 0.0017385976423673882 0.733630952380955 nan nan 0.02994167206740127 23.333333333333336 0.06510254602511045 0.005615269335258121 0.15224259695205108 0.030092713788359204 0.0036189016112174693 0.17124551340109417 -0.007989562434568942 0.002017106886065748 2.0742901594710306
2.9699999999999998 -0.0353363823907627 0.0026546429075391407 0.9569005070528634 -0.02543376814349496 0.0019497768141011102 1.0520843976106171 -0.03465827971975716 0.005730688927193052 0.39023524977273444 0.11045000000000002 -0.12127108721486612 0.007913220301267577 1.100947078094207 -0.07629764768426978 0.004227812200195615 2.0688694273550774 -0.08401566438182789 0.014873855945399847 0.4208495627775704 49.5 0.013741790727278325 0.0025555835870998884 0.015224465911774065 -0.007256781348102259 0.0037102545231270114 0.006038713145688267 0.024644555945422475 0.007208449193511181 0.004195743947617817 1.7349999999999999 -0.020835060149309692 0.0018090020541491117 1.484842084443832 -0.025879042087406712 0.0017331847177361023 1.0468585993689223 nan nan 0.02743919170238844 1.7349999999999999 0.0024102006489836736 0.0019038438663052787 1.6969935125655389 -0.03950598751384682 0.0027864635240577125 0.41726777448451413 nan nan 0.00045731986170647406 1.7349999999999999 -0.0529100422447768 0.011092785657266145 0.04906857545444469 -0.05844747818756252 0.003199361838245417 0.3216072228993638 nan nan 0.0 24.700000000000003 nan nan 0.0 -0.029849310113225225 0.003708854071731923 0.14854863407381158 -0.011610560247926116 0.002282003365220986 1.710863986313094 24.1 nan nan 0.0 -0.013917877471365081 0.0026430416603816205 0.31125992063492175 0.03296575527742396 0.01978818870207321 0.043551523007129125 23.4 0.05045855795110099 0.007518831253025797 0.07619873621608254 0.03129214417148751 0.004803430540193044 0.08629364999496861 0.0038963028958634016 0.0015527158746340413 3.5352003111629844
3.0166666666666666 -0.039868663138201255 0.0026574648799150146 0.9767532146680588 -0.028181663292585868 0.0020216767088624033 1.0010770811024092 -0.020888780673041674 0.0053817155838191515 0.41684219862087146 0.11708333333333334 -0.1261945327837185 0.008780750088849045 0.8435425499764083 -0.07641627476133656 0.004906015546675951 1.6620413864842982 nan nan 0.3195339272940819 52.5 0.01816866100383807 0.002507993371317863 0.014512690476923763 -0.02071842840030963 0.004777970278629616 0.0036359409677196733 0.07050143649387619 0.018422537484082194 0.001033858878263117 1.7916666666666665 -0.016912229678738733 0.0016556752566332668 1.8040428433468343 -0.016345650120621502 0.0022489594757127093 0.645601618613405 nan nan 0.0018292794468258889 1.7916666666666665 -0.007609497902412832 0.0020466877570723876 1.413009070765061 -0.021590937733129922 0.0038642249804026643 0.22498876512098165 nan nan 0.002286599308532361 1.7916666666666665 -0.024610114141757566 0.015544370848774301 0.025079494121160523 -0.08262738538242209 0.004328508346787829 0.18955657508637921 nan nan 0.0 24.766666666666666 nan nan 0.0 -0.012620797963028285 0.007934584086477027 0.03753245600408348 0.0026190426257494126 0.001692413731418482 2.8804728205925914 24.166666666666664 nan nan 0.0 -0.014021913686083687 0.00412097206451573 0.1329365079365084 0.01946945205113204 0.013315567723286823 0.0719377835385615 23.46666666666667 0.05753197033291313 0.014952632958380294 0.019359435014248614 0.03650695771458223 0.008237048325196093 0.03530575961893274 0.008801715227647167 0.0014723024663990457 3.9175418125243233
3.0633333333333335 -0.035746410158291886 0.0028134384359027676 0.933077257914609 -0.023273997726966977 0.0021037559041430813 0.9405936346924587 0.013294455023592722 0.005852340652863478 0.35808518658122734 0.12371666666666668 -0.1316363965427656 0.009946855601135942 0.7427516202917241 -0.06325183463949619 0.005749909870864397 1.2767123884237541 nan nan 0.17145722927975054 55.5 0.016291087397085846 0.0026569974057333344 0.013533999254004591 0.016113913225888066 0.007890589581630001 0.0014547396179537752 nan nan 0.0 1.8483333333333334 -0.012543630612497969 0.001645801879103403 1.9183178138319115 -0.012439187731435264 0.0028558001582464354 0.3930086510422817 nan nan 0.0018292794468258962 1.8483333333333334 -0.014119956150351332 0.0022242236843786683 1.2361782716426715 -0.04741332515706187 0.004766310649537077 0.13035371508087987 nan nan 0.0018292794468258962 1.8483333333333334 nan nan 0.01217627613128813 -0.087472012573031 0.006616818772665847 0.10378174080316617 nan nan 0.0 24.833333333333336 nan nan 0.0 0.012257354677125187 0.012475091907937278 0.01106832959765655 0.007002921026091791 0.0015361941655083536 3.461388910490719 24.233333333333334 nan nan 0.0 -0.024717835490893347 0.005346891730743354 0.06820436507936532 -0.012158510526237565 0.011140388162352145 0.09488010369410274 23.53333333333333 nan nan 0.006504770164787534 0.04872169195901521 0.014343382142899107 0.01140518600516592 0.0036209400639009015 0.0018438599246968798 2.5534811357448555
3.1100000000000003 -0.03750040830910584 0.003205590891990922 0.7233003141139556 -0.016345650120621502 0.0023942429953235475 0.7453385630131482 0.023192356253219915 0.006262181081482044 0.3464446464601691 0.13035000000000002 -0.1330819667694526 0.011961141023747277 0.6435113202945026 -0.0589545829361009 0.006458630228445391 1.0112818983434313 nan nan 0.15976696364704096 58.5 -0.010021217170164465 0.0027323666811620287 0.012945415721339917 nan nan 4.7220012567787955e-05 nan nan 0.0 1.905 -0.011438937514760883 0.0017227863273265767 1.8981731876246075 -0.020889852796259878 0.0038704947244210383 0.22192858887251812 nan nan 0.0027439191702388443 1.905 -0.018584152541258003 0.0024926011592307836 0.9822114037672969 -0.023904795695927072 0.006934722108343852 0.06551657310468646 nan nan 0.0 1.905 nan nan 0.0038164447575679207 -0.08451392387178036 0.008697845409424122 0.048212040037291744 nan nan 0.0 24.9 nan nan 0.0 nan nan 0.0030791593617540774 0.006579007365205225 0.0016372279836546154 3.0919978225367557 24.299999999999997 nan nan 0.0 -0.05085159841507614 0.0071088019300743575 0.03935185185185199 -0.03690964769334104 0.008454571226843732 0.15787427090084308 23.6 nan nan 0.0020133812414818556 nan nan 0.00293515816309417 -0.013472611669076984 0.0029750245179401306 0.9622714896927299
