desi_data/desi_elg_ts_zenodo/syst-ELG_VLO-nside256-FRACAREA_12290-zenodo.ecsv
# %ECSV 0.9
# ---
# datatype:
# - {name: STARDENS, datatype: float64}
# - {name: STARDENS_North_NORMDENS, datatype: float64}
# - {name: STARDENS_North_NORMDENS_ERR, datatype: float64}
# - {name: STARDENS_North_HIST, datatype: float64}
# - {name: STARDENS_South_DECaLS_NORMDENS, datatype: float64}
# - {name: STARDENS_South_DECaLS_NORMDENS_ERR, datatype: float64}
# - {name: STARDENS_South_DECaLS_HIST, datatype: float64}
# - {name: STARDENS_South_DES_NORMDENS, datatype: float64}
# - {name: STARDENS_South_DES_NORMDENS_ERR, datatype: float64}
# - {name: STARDENS_South_DES_HIST, datatype: float64}
# - {name: EBV, datatype: float64}
# - {name: EBV_North_NORMDENS, datatype: float64}
# - {name: EBV_North_NORMDENS_ERR, datatype: float64}
# - {name: EBV_North_HIST, datatype: float64}
# - {name: EBV_South_DECaLS_NORMDENS, datatype: float64}
# - {name: EBV_South_DECaLS_NORMDENS_ERR, datatype: float64}
# - {name: EBV_South_DECaLS_HIST, datatype: float64}
# - {name: EBV_South_DES_NORMDENS, datatype: float64}
# - {name: EBV_South_DES_NORMDENS_ERR, datatype: float64}
# - {name: EBV_South_DES_HIST, datatype: float64}
# - {name: SGRDIST, datatype: float64}
# - {name: SGRDIST_North_NORMDENS, datatype: float64}
# - {name: SGRDIST_North_NORMDENS_ERR, datatype: float64}
# - {name: SGRDIST_North_HIST, datatype: float64}
# - {name: SGRDIST_South_DECaLS_NORMDENS, datatype: float64}
# - {name: SGRDIST_South_DECaLS_NORMDENS_ERR, datatype: float64}
# - {name: SGRDIST_South_DECaLS_HIST, datatype: float64}
# - {name: SGRDIST_South_DES_NORMDENS, datatype: float64}
# - {name: SGRDIST_South_DES_NORMDENS_ERR, datatype: float64}
# - {name: SGRDIST_South_DES_HIST, datatype: float64}
# - {name: PSFSIZE_G, datatype: float64}
# - {name: PSFSIZE_G_North_NORMDENS, datatype: float64}
# - {name: PSFSIZE_G_North_NORMDENS_ERR, datatype: float64}
# - {name: PSFSIZE_G_North_HIST, datatype: float64}
# - {name: PSFSIZE_G_South_DECaLS_NORMDENS, datatype: float64}
# - {name: PSFSIZE_G_South_DECaLS_NORMDENS_ERR, datatype: float64}
# - {name: PSFSIZE_G_South_DECaLS_HIST, datatype: float64}
# - {name: PSFSIZE_G_South_DES_NORMDENS, datatype: float64}
# - {name: PSFSIZE_G_South_DES_NORMDENS_ERR, datatype: float64}
# - {name: PSFSIZE_G_South_DES_HIST, datatype: float64}
# - {name: PSFSIZE_R, datatype: float64}
# - {name: PSFSIZE_R_North_NORMDENS, datatype: float64}
# - {name: PSFSIZE_R_North_NORMDENS_ERR, datatype: float64}
# - {name: PSFSIZE_R_North_HIST, datatype: float64}
# - {name: PSFSIZE_R_South_DECaLS_NORMDENS, datatype: float64}
# - {name: PSFSIZE_R_South_DECaLS_NORMDENS_ERR, datatype: float64}
# - {name: PSFSIZE_R_South_DECaLS_HIST, datatype: float64}
# - {name: PSFSIZE_R_South_DES_NORMDENS, datatype: float64}
# - {name: PSFSIZE_R_South_DES_NORMDENS_ERR, datatype: float64}
# - {name: PSFSIZE_R_South_DES_HIST, datatype: float64}
# - {name: PSFSIZE_Z, datatype: float64}
# - {name: PSFSIZE_Z_North_NORMDENS, datatype: float64}
# - {name: PSFSIZE_Z_North_NORMDENS_ERR, datatype: float64}
# - {name: PSFSIZE_Z_North_HIST, datatype: float64}
# - {name: PSFSIZE_Z_South_DECaLS_NORMDENS, datatype: float64}
# - {name: PSFSIZE_Z_South_DECaLS_NORMDENS_ERR, datatype: float64}
# - {name: PSFSIZE_Z_South_DECaLS_HIST, datatype: float64}
# - {name: PSFSIZE_Z_South_DES_NORMDENS, datatype: float64}
[...]
[from data line 11]
2.736666666666667 0.006936664684777272 0.003219415844661557 1.4637949847663951 0.03248902087576444 0.0021444973259892204 1.644943019386375 0.012100402878890248 0.0043818799329971275 1.868225740245613 0.07728333333333334 -0.07104451788417943 0.00642770286017492 2.5278052103530944 -0.01098896661482296 0.003174339592672686 5.3803934584315165 -0.02797276334954235 0.012771713422074584 1.7352671271515387 34.5 -0.009932115067751046 0.003823502244762351 0.01620298973947731 -0.03245325236382929 0.0026541488240425155 0.01567411241607379 0.03844553062228484 0.007212976243526095 0.011389011026907724 1.4516666666666667 -0.006282482223847752 0.011398145652251617 0.10467211597157176 0.018099509343887377 0.001699463593117845 2.1325527911352715 0.010053821329542467 0.0027066926598426654 3.991106475254593 1.4516666666666667 0.02445230729822745 0.003293772266982191 1.1632861924411897 0.0026737522880277975 0.0016931297141842875 2.0856691930635005 0.020333369453531147 0.013229974200198516 0.17110414020169556 1.4516666666666667 -0.009506661995917098 0.003491883617107608 1.0333871467396416 0.015764317332626954 0.002053510815460181 1.464976689882586 nan nan 0.02698047345395791 24.366666666666667 0.0037177804002770376 0.01852338721458609 0.03519079848856052 0.019021653037782027 0.0012391405653785082 3.3509291946979403 -0.04256983992233759 0.020756549870264564 0.06768672199170148 23.766666666666666 -0.05042560676650293 0.011886904016192974 0.07131956772244567 0.0199086126960617 0.0012438065927933355 3.3273235522768365 nan nan 0.011280827779362608 23.06666666666667 0.014024594500669618 0.0022373716892018863 2.1684487835115527 0.004177328693575344 0.0017132600992525047 1.7616957020217616 0.014409835464178844 0.020308900110476757 0.05875029180608534
2.783333333333333 -0.006420750053185653 0.0036152863296187 1.2113251390461728 0.021584270143945705 0.0022597938178734113 1.45972281053302 0.00699070452467998 0.005756096836288003 1.0600295099790382 0.08391666666666667 -0.06986355626509788 0.00744084873146609 2.054229909887676 -0.013988268486250788 0.0034643508000548723 4.519431067655233 -0.05979037600843118 0.012892134168917307 1.3609173648896309 37.5 0.004741958484303588 0.0037877953921246488 0.016257822192064373 -0.012291534204639132 0.0029814271122511797 0.012802102500541458 -0.008255216521510678 0.006843714224504992 0.011759735837019027 1.5083333333333333 0.00518011932460527 0.007385671960768174 0.2432572642631799 0.006765458388447554 0.001647749266967581 2.213334248166074 0.01039127402713036 0.003435736195163606 2.539503902354223 1.5083333333333333 0.022118789749555612 0.0029208823658959686 1.518390775293463 0.0033176213316943315 0.001860412359986415 1.759695382312806 nan nan 0.03339733217840581 1.5083333333333333 -0.013744950256964539 0.004517997195270613 0.6329087065564859 0.005469728049740441 0.0023107463378739005 1.1905842305077525 nan nan 0.003658369281892598 24.433333333333337 nan nan 0.005761325416268758 0.017178944145533004 0.001335924834151519 2.8944914407513593 -0.03288200636498628 0.016262796365421748 0.10931016597510411 23.833333333333336 -0.023353928413604064 0.024115547926567227 0.02211218038556176 0.01423406439703978 0.001250910176888643 3.253965628463217 nan nan 0.010113845595290613 23.133333333333333 0.009582986726790477 0.00313479863666901 1.1066170773283783 0.0028883194311619675 0.0021953012638059747 1.1023181678364737 -0.00568051231508282 0.01565319745476695 0.11866780795268893
2.83 -0.008814485637388236 0.0033934706888315656 1.3672688932705577 0.01774526649388175 0.0021880244063406983 1.606726697812832 0.0016880315588194694 0.0064794611802034725 0.9024950354452531 0.09055000000000002 -0.0880258242137133 0.0085139819273254 1.5791019035190983 -0.01564473987669035 0.0038504226091198267 3.793537848867924 -0.04957802409216994 0.015148710842415319 0.9631707424863575 40.5 -0.015850521804249396 0.0038913086159571837 0.016069335636296343 0.005735248333741838 0.0035664441478615912 0.009977413407445021 -0.0041723113385300215 0.007016856909262147 0.011759735837019027 1.565 -0.000486549321347729 0.005314827536249912 0.4559011425942188 0.007198086760104028 0.0016881900966259928 2.154204551853864 0.00395502390549185 0.0048767339683718994 1.2361267418773394 1.565 0.022716750421943432 0.002794239519262914 1.688294660319704 0.005469728049740441 0.0021193001599613096 1.3694395749231598 nan nan 0.010064949423629151 1.565 -0.004372340125598839 0.005986904806048187 0.3661049500856914 0.005469728049740441 0.002578790320915596 0.9426427391446878 nan nan 0.002286480801182874 24.5 nan nan 0.0035813644479508497 0.009366963657505556 0.0016023532651152708 2.0086758142942855 -0.051216050064809115 0.012897343175519571 0.16454875518672257 23.9 nan nan 0.003581550344140285 0.01351350045186761 0.001465440790803141 2.438427311973808 nan nan 0.019838697129223898 23.200000000000003 0.012849889016104177 0.0046846888506813875 0.4864404153107099 0.01057217031990687 0.0028453560162270504 0.6521629708341512 -0.0035245841258421118 0.009160559091265797 0.3093144502373367
2.876666666666667 -0.013111496800939537 0.0037255831009573867 1.1132528630183538 0.0046078072871709175 0.0023966576772974377 1.2845842079843144 0.00025784612532664397 0.008013314150530172 0.6007388588735152 0.09718333333333334 -0.07926801402990918 0.009038377684194248 1.3943299010424317 -0.018752740659313982 0.004220317447266725 3.170396638219464 -0.03935110941119069 0.020306676719327853 0.5810220268439984 43.5 -0.019159091533163308 0.003870381009259015 0.01534965969609113 0.01728653662966917 0.003756921077920971 0.009234840501527916 0.0194641944026257 0.007794565656440575 0.009664709584529568 1.6216666666666666 -0.0013526451082426227 0.003996034132103127 0.7924650741595529 0.009394111383004722 0.0018012136652663128 1.8929270267698624 -0.0035245841258421118 0.0072065953945504805 0.5384608346371682 1.6216666666666666 0.007366748033613257 0.002636638442929812 1.8676680008886726 0.0024593847549119197 0.0025033742636116963 0.9855925466546177 nan nan 0.00045749770107405234 1.6216666666666666 -0.023015249486882938 0.007902279669251428 0.20405849676907387 0.00453602682223353 0.0029894040069358262 0.7176641760555764 nan nan 0.00045729616023657476 24.56666666666667 nan nan 0.0009342689864219607 0.008498278415757898 0.0020787267580806346 1.188136947978423 -0.01526752058774189 0.008820023517785226 0.3384336099585074 23.96666666666667 nan nan 0.0014014762216201116 0.005469728049740441 0.00180916051968254 1.5479597068991238 nan nan 0.0322865070926585 23.266666666666666 0.013660427295161814 0.0066275529002884455 0.24670695800403 0.013732640603396407 0.003920183488094296 0.3434467716227187 -0.006110636616925347 0.00516444397273125 0.9131585090654456
2.923333333333334 -0.011206355244743227 0.003582151805086666 1.1850400020026834 0.0031036135361429684 0.0024080438123106887 1.2728614099556321 0.0029996626781749747 0.008315617772655156 0.5352843941024447 0.10381666666666667 -0.08335562759422621 0.009361301155447659 1.3710393124949494 -0.0270859450668145 0.004644550183240269 2.5049945209977573 -0.0708322320061624 0.021558741788683812 0.5186303998003464 46.5 -0.02216556337519915 0.003971200556735545 0.015318816441510908 0.012575227294216118 0.003971546044373652 0.008102780826330761 0.030399044407319442 0.008820930028576004 0.0072334445507763676 1.6783333333333332 -0.0020110469439283962 0.003318921768728144 1.1629420380449234 0.0024593847549119197 0.0020487201036463822 1.4559109954049079 0.023897772107033144 0.013443331043124169 0.15737512923975008 1.6783333333333332 0.0035091072904677167 0.002678773048200632 1.8010176022610154 -0.0030837750856652635 0.003097605943917672 0.6446649179546805 nan nan 0.001372493103222157 1.6783333333333332 -0.033624091797464895 0.010630059164955349 0.10693974696988899 0.005901243293998215 0.0038273206917935586 0.4474379863675782 nan nan 0.0 24.633333333333333 nan nan 0.0004671344932109804 0.006261146506365778 0.0033077899400226866 0.46834410177846036 -0.013365970664158289 0.005579830519983586 0.7725622406639031 24.03333333333333 nan nan 0.0 -0.0009590717071941146 0.002641663283856735 0.7338273483633021 nan nan 0.029952542724514513 23.333333333333336 0.014288378636831411 0.008648312637828021 0.15248721524872208 0.01451890530175326 0.005522069801593736 0.17113615391068543 0.00395502390549185 0.0034691024106091707 2.0745467278811063
2.9699999999999998 -0.012900225116365016 0.0040389519723890354 0.9568673417848322 0.001254914423297615 0.0026849282538700236 1.0527072629767524 -0.029614706131280588 0.009878016205863418 0.38995329435649595 0.11045000000000002 -0.10113473573998683 0.009831686396368522 1.099315779441024 -0.036815083521573255 0.00531109460502028 2.0633266150461185 -0.059776430754408805 0.025030317140086435 0.4211434825446422 49.5 0.017759415499896902 0.003939221978435159 0.015236567762630313 0.012250866657955273 0.004457491679653504 0.006022484670783578 0.0020773248537486744 0.011077191786751409 0.0041728094905551395 1.7349999999999999 -0.0026294637641879337 0.0029176029535942284 1.48557412930581 0.0013063195364336755 0.0024370835387292726 1.0470519622838632 nan nan 0.02744915044879362 1.7349999999999999 -0.0013526451082426227 0.0027740482372729525 1.6970356962052986 -0.0035813449618165016 0.003924029198976442 0.41705615644153526 nan nan 0.00045749770107405234 1.7349999999999999 -0.050963242124244856 0.015088075230653773 0.04892311553554445 0.02369365963258574 0.004521243136063593 0.3208996558790427 nan nan 0.0 24.700000000000003 nan nan 0.0 0.00279010904661392 0.005911806285841357 0.14837141144341623 0.0051935118966599525 0.003817564584692028 1.7112292531120392 24.1 nan nan 0.0 -0.0022350076276863584 0.004037301456940041 0.3113783350149704 0.004314806839819774 0.02755872087680361 0.04395632893337844 23.4 0.049494721771047634 0.011720044046985676 0.07624360762436104 0.016896117039948644 0.0076203845340469 0.08632308939906633 0.013385686429788324 0.002651197619066292 3.534744377869439
3.0166666666666666 -0.005660922288830639 0.003995407294844942 0.976525973691298 0.012418999376251127 0.002756962938262185 1.0000718998279052 -0.007827203527105087 0.009316279027187326 0.41657883934811624 0.11708333333333334 -0.09232160139761042 0.012110689245495895 0.8384611877092573 -0.03789307984908469 0.005873312487490563 1.6506612920368982 nan nan 0.3197570885987105 52.5 0.02228370709112304 0.004096105670150816 0.014513464794138412 0.03363767454307087 0.005791039744690688 0.0035927424418636398 0.08941873283481305 0.024460675891699316 0.001034580865426894 1.7916666666666665 1.3111867885884365e-06 0.002657129678244859 1.805273201555227 0.008932397648833579 0.0030760635830450705 0.6455720045646679 nan nan 0.0018299433632529007 1.7916666666666665 -0.003942094293791554 0.0029969848120088532 1.413498344666324 0.006399722993428059 0.005217481162138571 0.2249869882363291 nan nan 0.0022874885053702524 1.7916666666666665 0.037214166058632814 0.024326208385038864 0.025098103880688134 0.021584270143945705 0.006052268031932394 0.18941993576193414 nan nan 0.0 24.766666666666666 nan nan 0.0 0.03109139165525976 0.011737797981877308 0.03755078931592633 0.008263250088702545 0.0029366700103995182 2.880575726141089 24.166666666666664 nan nan 0.0 -0.025712552219010476 0.006186374255535399 0.13298708172750928 0.003876066919777932 0.019226958351941544 0.0719639013511063 23.46666666666667 0.03410452606856995 0.021795057539010457 0.019370835270416928 0.039170955600536184 0.012757813857837209 0.03523391404043524 0.015535411006463384 0.0025167563161904855 3.916426737218907
3.0633333333333335 -0.012397944938444594 0.004112335738156835 0.9325701562824384 0.007198086760104028 0.002883805822500012 0.9399339459407038 0.013842932507185268 0.009967670798191301 0.3583354596789389 0.12371666666666668 -0.10422429458510818 0.012945444031058087 0.7406407158098409 -0.03167498205818248 0.0069878007530160095 1.2678271971970099 nan nan 0.17157697437003905 55.5 0.01977552137521399 0.004203659240905093 0.013516199562711191 0.04583814115847673 0.010383520291785003 0.0014269047996054171 nan nan 0.0 1.8483333333333334 -0.001785202852568002 0.0025407561956774967 1.9191110019376265 0.011108685172568133 0.004037912483068847 0.39283867205123424 nan nan 0.0018299433632529081 1.8483333333333334 -0.006089684830676845 0.0031858300860689516 1.236674472897326 0.00848171125584185 0.006913257355962879 0.130311842129113 nan nan 0.0018299908042962094 1.8483333333333334 nan nan 0.012185311304392113 0.03240156813427264 0.00840673758961225 0.10338162222914811 nan nan 0.0 24.833333333333336 nan nan 0.0 0.010991304629978993 0.02213519213821282 0.01107373609538404 0.01094245287604756 0.002667092503210462 3.45941390041495 24.233333333333334 nan nan 0.0 -0.015317291532348287 0.008512500612453905 0.06814760904444506 0.004376551639563964 0.01749846697831519 0.09491455097118885 23.53333333333333 nan nan 0.006508600650860089 0.027832764345822936 0.022450910397848516 0.011409076927379028 0.015104751190255783 0.0031218350818355677 2.552330557933244
3.1100000000000003 -0.009080843114553594 0.004645905097434102 0.723835244466504 0.014070789228265324 0.003224688120945346 0.7441632188615173 0.013814960524653808 0.010855215079597594 0.347796181453091 0.13035000000000002 -0.08975741994755038 0.01370644372323188 0.6350567143946042 -0.029126169512080247 0.0075708080918866815 1.0092898863960553 nan nan 0.15987854429935525 58.5 0.023150088108392364 0.004331608039212276 0.012940458810547024 nan nan 4.0040695907294866e-05 nan nan 0.0 1.905 -0.004802286464687833 0.0026093357500998316 1.8991298099220375 0.022441270540877856 0.005324747436096364 0.2215664482503501 nan nan 0.0027449150448793625 1.905 -0.012477319684757071 0.0035792112777711577 0.9828202223865218 0.01299369176122911 0.010546717225747645 0.06525302377851262 nan nan 0.0 1.905 nan nan 0.0038192766774960353 0.031964424014334414 0.01268555924460306 0.04796054639496562 nan nan 0.0 24.9 nan nan 0.0 nan nan 0.00308066342503165 0.019428001676356166 0.002825376730536187 3.0914159751037453 24.299999999999997 nan nan 0.0 -0.031424898257119804 0.011438063431307901 0.039366822700431854 -0.021553874499999015 0.01319808735640326 0.15793158891107653 23.6 nan nan 0.0020145668681233607 nan nan 0.0029361595033696028 -0.008854225955865935 0.00512709794253544 0.9625710061473849
