desi_data/desi_elg_ts_zenodo/zphot-sv-grz-south-zenodo.ecsv
# %ECSV 0.9
# ---
# datatype:
# - {name: X, datatype: float64}
# - {name: Y, datatype: float64}
# - {name: Z, datatype: float64}
# - {name: ALPHA, datatype: float64}
# schema: astropy-2.0
X Y Z ALPHA
[from data line 2167]
1.3800000018599998 -0.4375 1.159999966621399 0.2163791545460555
1.3800000018599998 -0.375 1.1200000047683716 0.2304095484803314
1.3800000018599998 -0.3125 1.090000033378601 0.2550486168769902
1.3800000018599998 -0.25 1.0800000429153442 0.27385342954367375
1.3800000018599998 -0.1875 1.0399999618530273 0.2810180989918148
1.3800000018599998 -0.125 1.0099999904632568 0.2945855636575553
1.3800000018599998 -0.0625 1.0099999904632568 0.3079446777635223
1.3800000018599998 0.0 0.9900000095367432 0.3172494711850713
1.3800000018599998 0.0625 0.9800000190734863 0.3225052165241967
1.3800000018599998 0.125 0.9800000190734863 0.3275599015693165
1.3800000018599998 0.1875 0.9800000190734863 0.33407177821099326
1.3800000018599998 0.25 0.9800000190734863 0.33776987918623746
1.3800000018599998 0.3125 0.9800000190734863 0.34476941602973854
1.3800000018599998 0.375 0.9800000190734863 0.34702991520400517
1.3800000018599998 0.4375 0.9800000190734863 0.3626851132907805
1.3800000018599998 0.5 0.9800000190734863 0.3909114377460983
1.3800000018599998 0.5625 0.9800000190734863 0.405402546158425
1.3800000018599998 0.625 0.9700000286102295 0.42544851988082255
1.3800000018599998 0.6875 0.949999988079071 0.4399856531510662
1.3800000018599998 0.75 0.9300000071525574 0.4579542900121834
1.3800000018599998 0.8125 0.9100000262260437 0.45719399934303334
1.3800000018599998 0.875 0.8899999856948853 0.4467938996737118
1.3800000018599998 0.9375 0.8600000143051147 0.4271072577133736
1.3800000018599998 1.0 0.8399999737739563 0.4006788169541588
1.3800000018599998 1.0625 0.8100000023841858 0.36502634611559415
1.3800000018599998 1.125 0.7799999713897705 0.3498922093000455
1.3800000018599998 1.1875 0.75 0.31877557237238596
1.3800000018599998 1.25 0.7400000095367432 0.321953781188253
1.3800000018599998 1.3125 0.6899999976158142 0.345831955619777
1.3800000018599998 1.375 0.6100000143051147 0.4357304485831314
1.3800000018599998 1.4375 0.5799999833106995 0.4589219146961292
1.3800000018599998 1.5 0.6499999761581421 0.3799605170221835
1.3800000018599998 1.5625 0.6499999761581421 0.36340317185896287
1.3800000018599998 1.625 0.6399999856948853 0.3890663093554473
1.3800000018599998 1.6875 0.6299999952316284 0.4201943015408444
1.3800000018599998 1.75 0.6299999952316284 0.4545974807655245
1.3800000018599998 1.8125 0.6200000047683716 0.46046953714135014
1.3800000018599998 1.875 0.6200000047683716 0.41331310669337196
1.3800000018599998 1.9375 0.6299999952316284 0.3121110995344394
1.3800000018599998 2.0 0.6299999952316284 0.15768193232112054
1.4242857162342857 -0.5 1.149999976158142 0.1494608656689878
1.4242857162342857 -0.4375 1.1399999856948853 0.1771217564158672
1.4242857162342857 -0.375 1.1100000143051147 0.19763640335586713
1.4242857162342857 -0.3125 1.0800000429153442 0.21943582307204612
1.4242857162342857 -0.25 1.0499999523162842 0.24051124152447484
1.4242857162342857 -0.1875 1.0199999809265137 0.25483383224923983
1.4242857162342857 -0.125 1.0099999904632568 0.2493939876313095
1.4242857162342857 -0.0625 0.9900000095367432 0.26603648730309315
1.4242857162342857 0.0 0.9800000190734863 0.25611936481060715
1.4242857162342857 0.0625 0.9800000190734863 0.26816888323730953
1.4242857162342857 0.125 0.9800000190734863 0.27375497239351654
1.4242857162342857 0.1875 0.9900000095367432 0.2762031070156682
1.4242857162342857 0.25 0.9700000286102295 0.27532495476582486
1.4242857162342857 0.3125 0.9900000095367432 0.28591494853507615
1.4242857162342857 0.375 0.9900000095367432 0.29795913729821233
1.4242857162342857 0.4375 0.9900000095367432 0.29839915212142076
1.4242857162342857 0.5 0.9800000190734863 0.31805401912638703
1.4242857162342857 0.5625 0.9900000095367432 0.34097291366096705
1.4242857162342857 0.625 0.9700000286102295 0.3698875772044629
1.4242857162342857 0.6875 0.9599999785423279 0.3810447496040444
1.4242857162342857 0.75 0.9399999976158142 0.40700788053458675
1.4242857162342857 0.8125 0.9200000166893005 0.4191381113728879
1.4242857162342857 0.875 0.8999999761581421 0.4067945204182305
1.4242857162342857 0.9375 0.8700000047683716 0.4012270304262298
1.4242857162342857 1.0 0.8500000238418579 0.3782630983436306
1.4242857162342857 1.0625 0.8299999833106995 0.3492671248547872
1.4242857162342857 1.125 0.800000011920929 0.32809730000045356
1.4242857162342857 1.1875 0.7699999809265137 0.3071861576176801
1.4242857162342857 1.25 0.7400000095367432 0.29848704819262756
1.4242857162342857 1.3125 0.7099999785423279 0.32648109829530825
1.4242857162342857 1.375 0.6000000238418579 0.4226885541075443
1.4242857162342857 1.4375 0.550000011920929 0.45655838397764653
1.4242857162342857 1.5 0.6499999761581421 0.3627504895492757
1.4242857162342857 1.5625 0.6700000166893005 0.33710885206708985
1.4242857162342857 1.625 0.6600000262260437 0.3654786690545252
1.4242857162342857 1.6875 0.6499999761581421 0.3917137773692154
1.4242857162342857 1.75 0.6499999761581421 0.429427642118053
1.4242857162342857 1.8125 0.6399999856948853 0.44460791001485755
1.4242857162342857 1.875 0.6399999856948853 0.4122228253688345
1.4242857162342857 1.9375 0.6399999856948853 0.3093702488600924
1.4242857162342857 2.0 0.6499999761581421 0.17557951100576785
1.4685714306085715 -0.5 1.1399999856948853 0.13945889581417525
1.4685714306085715 -0.4375 1.1050000190734863 0.16134835810346887
1.4685714306085715 -0.375 1.100000023841858 0.1702523995585829
1.4685714306085715 -0.3125 1.0499999523162842 0.1945382708407184
1.4685714306085715 -0.25 1.0399999618530273 0.20055303950311076
1.4685714306085715 -0.1875 1.0449999570846558 0.21930931724793123
1.4685714306085715 -0.125 1.0 0.21981489894536232
1.4685714306085715 -0.0625 0.9800000190734863 0.2190560842851776
1.4685714306085715 0.0 1.0 0.21791286715584618
1.4685714306085715 0.0625 0.9800000190734863 0.20827765601172576
1.4685714306085715 0.125 0.9900000095367432 0.21457602356061228
1.4685714306085715 0.1875 0.9800000190734863 0.21275779441275722
1.4685714306085715 0.25 0.9800000190734863 0.21701951844555478
1.4685714306085715 0.3125 0.9900000095367432 0.22664985418714434
1.4685714306085715 0.375 0.9900000095367432 0.24142747596800235
1.4685714306085715 0.4375 0.9900000095367432 0.24313506464390866
1.4685714306085715 0.5 0.9900000095367432 0.26326370169456415
1.4685714306085715 0.5625 0.9800000190734863 0.2897910328008741
1.4685714306085715 0.625 0.9800000190734863 0.3055760828937131
1.4685714306085715 0.6875 0.9599999785423279 0.33526203670848387
1.4685714306085715 0.75 0.949999988079071 0.36340317185896287
1.4685714306085715 0.8125 0.9300000071525574 0.3720902198936742
1.4685714306085715 0.875 0.9100000262260437 0.367917830129863
1.4685714306085715 0.9375 0.8799999952316284 0.3645730790100105
1.4685714306085715 1.0 0.8600000143051147 0.34219790549309115
1.4685714306085715 1.0625 0.8399999737739563 0.32832720710605057
1.4685714306085715 1.125 0.8100000023841858 0.3048945688279766
1.4685714306085715 1.1875 0.7799999713897705 0.29215629634739093
1.4685714306085715 1.25 0.7599999904632568 0.28423235279945325
1.4685714306085715 1.3125 0.7200000286102295 0.3048945688279766
1.4685714306085715 1.375 0.5600000023841858 0.4142432962017204
1.4685714306085715 1.4375 0.25 0.4417646237976473
1.4685714306085715 1.5 0.6700000166893005 0.3510680373351014
1.4685714306085715 1.5625 0.6800000071525574 0.30667900151104277
1.4685714306085715 1.625 0.6800000071525574 0.3267127220409513
1.4685714306085715 1.6875 0.6700000166893005 0.3586594755255574
1.4685714306085715 1.75 0.6700000166893005 0.39159933876790975
1.4685714306085715 1.8125 0.6600000262260437 0.41175388093497656
1.4685714306085715 1.875 0.6600000262260437 0.401937645064782
1.4685714306085715 1.9375 0.6600000262260437 0.31408293820033184
1.4685714306085715 2.0 0.6600000262260437 0.1983344021598607
1.5128571449828574 -0.5 1.1399999856948853 0.1144986555453304
1.5128571449828574 -0.4375 1.0800000429153442 0.13890985066464923
1.5128571449828574 -0.375 1.100000023841858 0.1491114734118686
1.5128571449828574 -0.3125 1.0299999713897705 0.15497601268415961
1.5128571449828574 -0.25 1.0199999809265137 0.1757342293884811
1.5128571449828574 -0.1875 0.9800000190734863 0.16641181766080126
1.5128571449828574 -0.125 1.0099999904632568 0.16689562159123839
1.5128571449828574 -0.0625 0.9800000190734863 0.16929860340892466
1.5128571449828574 0.0 0.9900000095367432 0.15717713416828938
1.5128571449828574 0.0625 0.9800000190734863 0.15868802172376312
1.5128571449828574 0.125 0.9700000286102295 0.16511637912258004
1.5128571449828574 0.1875 0.9800000190734863 0.16052049876696578
1.5128571449828574 0.25 0.9900000095367432 0.16945786065181795
1.5128571449828574 0.3125 1.0 0.15599468808298717
1.5128571449828574 0.375 1.0 0.18183427210839803
1.5128571449828574 0.4375 1.0 0.18674092314756263
1.5128571449828574 0.5 1.0099999904632568 0.21144967454745667
1.5128571449828574 0.5625 0.9900000095367432 0.23739009356394108
1.5128571449828574 0.625 0.9800000190734863 0.26419190314043417
1.5128571449828574 0.6875 0.9700000286102295 0.2792009566642677
1.5128571449828574 0.75 0.9599999785423279 0.3048945688279766
1.5128571449828574 0.8125 0.9399999976158142 0.313345595417329
1.5128571449828574 0.875 0.9200000166893005 0.32321215336437514
1.5128571449828574 0.9375 0.8899999856948853 0.33152060643675085
1.5128571449828574 1.0 0.8700000047683716 0.31805401912638703
1.5128571449828574 1.0625 0.8500000238418579 0.30667900151104277
1.5128571449828574 1.125 0.8199999928474426 0.28656578639616437
1.5128571449828574 1.1875 0.7900000214576721 0.26347031183474845
1.5128571449828574 1.25 0.7699999809265137 0.25792760601946507
1.5128571449828574 1.3125 0.7300000190734863 0.28563541975892826
1.5128571449828574 1.375 0.49000000953674316 0.4023737933227851
1.5128571449828574 1.4375 0.2199999988079071 0.4302914333868372
1.5128571449828574 1.5 0.6600000262260437 0.3376231580719044
1.5128571449828574 1.5625 0.699999988079071 0.2733606967682619
1.5128571449828574 1.625 0.699999988079071 0.2832919128671751
1.5128571449828574 1.6875 0.6899999976158142 0.3127703706016127
1.5128571449828574 1.75 0.6800000071525574 0.3437729995408555
1.5128571449828574 1.8125 0.6800000071525574 0.3738363874727706
1.5128571449828574 1.875 0.6700000166893005 0.3714003652627913
1.5128571449828574 1.9375 0.6700000166893005 0.31530630617387545
1.5128571449828574 2.0 0.6800000071525574 0.20082878206835614
1.5571428593571428 -0.5 1.1200000047683716 0.09114093396029488
1.5571428593571428 -0.4375 1.065000057220459 0.10248453625720133
1.5571428593571428 -0.375 1.0499999523162842 0.1031337063698417
1.5571428593571428 -0.3125 1.0299999713897705 0.11408816914530101
1.5571428593571428 -0.25 1.0099999904632568 0.12056461536947533
1.5571428593571428 -0.1875 1.0299999713897705 0.12096305078575881
1.5571428593571428 -0.125 0.9900000095367432 0.12096305078575881
1.5571428593571428 -0.0625 0.9800000190734863 0.10549752946553809
1.5571428593571428 0.0 0.9900000095367432 0.1122313168154418
1.5571428593571428 0.0625 0.9900000095367432 0.11572547937896616
1.5571428593571428 0.125 1.0 0.11202401633100906
1.5571428593571428 0.1875 0.9900000095367432 0.10052529973927848
1.5571428593571428 0.25 1.0 0.11077604024685594
1.5571428593571428 0.3125 0.9900000095367432 0.10205067549158792
1.5571428593571428 0.375 1.0099999904632568 0.1136769053084436
1.5571428593571428 0.4375 1.0099999904632568 0.14629591058278602
1.5571428593571428 0.5 1.0099999904632568 0.13780757803913246
1.5571428593571428 0.5625 0.9900000095367432 0.18732820475219214
1.5571428593571428 0.625 0.9900000095367432 0.1998621472850562
1.5571428593571428 0.6875 0.9700000286102295 0.23244400981907604
1.5571428593571428 0.75 0.9599999785423279 0.2610823429729686
1.5571428593571428 0.8125 0.949999988079071 0.27028054241585264
1.5571428593571428 0.875 0.9300000071525574 0.28887441159619676
1.5571428593571428 0.9375 0.8999999761581421 0.28479466793703767
1.5571428593571428 1.0 0.8799999952316284 0.2785276313466317
1.5571428593571428 1.0625 0.8600000143051147 0.2701804514986845
1.5571428593571428 1.125 0.8299999833106995 0.25877336070479495
1.5571428593571428 1.1875 0.8100000023841858 0.2395911247200172
1.5571428593571428 1.25 0.7799999713897705 0.24188414751581566
1.5571428593571428 1.3125 0.75 0.2685726904033315
1.5571428593571428 1.375 0.23999999463558197 0.38929780963425165
1.5571428593571428 1.4375 0.07000000029802322 0.435683735182725
1.5571428593571428 1.5 0.6700000166893005 0.32601710828767794
1.5571428593571428 1.5625 0.7099999785423279 0.24051124152447484
1.5571428593571428 1.625 0.7099999785423279 0.2378553261810039
1.5571428593571428 1.6875 0.7099999785423279 0.2595107034877978
1.5571428593571428 1.75 0.699999988079071 0.28675138233990005
1.5571428593571428 1.8125 0.6899999976158142 0.3005859504712922
1.5571428593571428 1.875 0.6899999976158142 0.31700752437346513
1.5571428593571428 1.9375 0.6899999976158142 0.2764950370273068
1.5571428593571428 2.0 0.6899999976158142 0.18835214109651782
1.6014285737314287 -0.5 1.1299999952316284 0.04837619243023805
1.6014285737314287 -0.4375 1.0299999713897705 0.05602493629772404
1.6014285737314287 -0.375 1.0499999523162842 0.08085431902163553
1.6014285737314287 -0.3125 1.0099999904632568 0.07379793344463914
1.6014285737314287 -0.25 1.0 0.07404511302847383
1.6014285737314287 -0.1875 0.9900000095367432 0.08109359975213043
1.6014285737314287 -0.125 0.9800000190734863 0.06650452061356421
1.6014285737314287 -0.0625 0.9900000095367432 0.07080962150026121
1.6014285737314287 0.0 0.9700000286102295 0.051960926705136024
1.6014285737314287 0.0625 0.9700000286102295 0.05250720936042241
1.6014285737314287 0.125 0.9800000190734863 0.03430621602078382
1.6014285737314287 0.1875 0.9900000095367432 0.04529603807782884
1.6014285737314287 0.25 1.0 0.04416506030788986
1.6014285737314287 0.3125 1.0 0.043312944469028114
1.6014285737314287 0.375 1.0 0.06496446280395907
1.6014285737314287 0.4375 1.0099999904632568 0.07771943488954675
1.6014285737314287 0.5 1.0 0.08815209468112012
1.6014285737314287 0.5625 1.0 0.12878197795431556
1.6014285737314287 0.625 0.9900000095367432 0.1524082187781287
1.6014285737314287 0.6875 0.9800000190734863 0.18093011851501978
1.6014285737314287 0.75 0.9599999785423279 0.2035671189989432
1.6014285737314287 0.8125 0.949999988079071 0.22019331421560212
1.6014285737314287 0.875 0.9399999976158142 0.22896189484562451
1.6014285737314287 0.9375 0.9100000262260437 0.24381435792243472
1.6014285737314287 1.0 0.8799999952316284 0.2385513115234567
1.6014285737314287 1.0625 0.8700000047683716 0.23739009356394108
1.6014285737314287 1.125 0.8399999737739563 0.23076995892149477
1.6014285737314287 1.1875 0.8299999833106995 0.22505362752960245
1.6014285737314287 1.25 0.800000011920929 0.21223549171728512
1.6014285737314287 1.3125 0.7599999904632568 0.24527891036507932
1.6014285737314287 1.375 0.20000000298023224 0.3843837076176325
1.6014285737314287 1.4375 0.03999999910593033 0.4271072577133736
1.6014285737314287 1.5 0.6399999856948853 0.3155501548698565
1.6014285737314287 1.5625 0.7200000286102295 0.22381772640761882
1.6014285737314287 1.625 0.7300000190734863 0.20438193136569727
1.6014285737314287 1.6875 0.7200000286102295 0.21340891106537951
1.6014285737314287 1.75 0.7200000286102295 0.23064988856126012
1.6014285737314287 1.8125 0.7099999785423279 0.25114960904649547
1.6014285737314287 1.875 0.7099999785423279 0.25147721369644116
1.6014285737314287 1.9375 0.7099999785423279 0.22980753190135456
1.6014285737314287 2.0 0.7099999785423279 0.15751379662479803
1.6457142881057145 -0.5 1.090000033378601 0.02178969917868706
1.6457142881057145 -0.4375 1.0800000429153442 0.03281788092110677
1.6457142881057145 -0.375 1.0399999618530273 0.04501384539230341
1.6457142881057145 -0.3125 0.9900000095367432 0.03311636514810645
1.6457142881057145 -0.25 1.0099999904632568 0.036372894689000734
1.6457142881057145 -0.1875 0.9850000143051147 0.04865405202151185
1.6457142881057145 -0.125 1.0099999904632568 0.02397838680316844
1.6457142881057145 -0.0625 1.0 0.013134715175596612
1.6457142881057145 0.0 1.0099999904632568 0.022417292797491273
