desi_data/desi_elg_ts_zenodo/zphot-sv-grz-south-zenodo.ecsv
# %ECSV 0.9
# ---
# datatype:
# - {name: X, datatype: float64}
# - {name: Y, datatype: float64}
# - {name: Z, datatype: float64}
# - {name: ALPHA, datatype: float64}
# schema: astropy-2.0
X Y Z ALPHA
[from data line 2729]
1.9557142887257142 1.375 0.009999999776482582 0.08299841232551308
1.9557142887257142 1.4375 0.009999999776482582 0.2894248484966398
1.9557142887257142 1.5 0.009999999776482582 0.26664788303581344
1.9557142887257142 1.5625 0.03999999910593033 0.08085431902163553
1.9557142887257142 1.625 0.6499999761581421 0.0
1.9557142887257142 1.6875 0.8349999785423279 0.0
1.9557142887257142 1.75 0.8399999737739563 0.0
1.9557142887257142 1.8125 0.8399999737739563 0.0
1.9557142887257142 1.875 0.8500000238418579 0.0
1.9557142887257142 1.9375 0.8500000238418579 0.0
1.9557142887257142 2.0 0.8500000238418579 0.0
2.0000000031000003 -0.5 1.0449999570846558 0.0
2.0000000031000003 -0.4375 1.059999942779541 0.0
2.0000000031000003 -0.375 0.9549999833106995 0.0
2.0000000031000003 -0.3125 0.9700000286102295 0.0
2.0000000031000003 -0.25 0.9800000190734863 0.0
2.0000000031000003 -0.1875 1.059999942779541 0.0
2.0000000031000003 -0.125 0.9800000190734863 0.0
2.0000000031000003 -0.0625 1.0199999809265137 0.0
2.0000000031000003 0.0 0.9700000286102295 0.0
2.0000000031000003 0.0625 0.9900000095367432 0.0
2.0000000031000003 0.125 1.024999976158142 0.0
2.0000000031000003 0.1875 0.9700000286102295 0.0
2.0000000031000003 0.25 1.0399999618530273 0.0
2.0000000031000003 0.3125 0.9599999785423279 0.0
2.0000000031000003 0.375 0.9900000095367432 0.0
2.0000000031000003 0.4375 1.0 0.0
2.0000000031000003 0.5 1.0149999856948853 0.0
2.0000000031000003 0.5625 1.0099999904632568 0.0
2.0000000031000003 0.625 0.9800000190734863 0.0
2.0000000031000003 0.6875 0.9650000333786011 0.0
2.0000000031000003 0.75 0.9800000190734863 0.0
2.0000000031000003 0.8125 0.9800000190734863 0.0
2.0000000031000003 0.875 1.0099999904632568 0.0
2.0000000031000003 0.9375 0.9599999785423279 0.0
2.0000000031000003 1.0 0.9200000166893005 0.0
2.0000000031000003 1.0625 0.9200000166893005 0.0
2.0000000031000003 1.125 0.9100000262260437 0.0
2.0000000031000003 1.1875 0.8500000238418579 0.0
2.0000000031000003 1.25 0.8199999928474426 0.0
2.0000000031000003 1.3125 0.6800000071525574 0.0
2.0000000031000003 1.375 0.029999999329447746 0.0
2.0000000031000003 1.4375 0.009999999776482582 0.2504929132608614
2.0000000031000003 1.5 0.009999999776482582 0.24851082529159096
2.0000000031000003 1.5625 0.009999999776482582 0.07030754673103451
2.0000000031000003 1.625 0.550000011920929 0.0
2.0000000031000003 1.6875 0.7250000238418579 0.0
2.0000000031000003 1.75 0.8500000238418579 0.0
2.0000000031000003 1.8125 0.8600000143051147 0.0
2.0000000031000003 1.875 0.8700000047683716 0.0
2.0000000031000003 1.9375 0.8600000143051147 0.0
2.0000000031000003 2.0 0.8550000190734863 0.0
-1.0778571459128572 -0.46875 1.590000033378601 0.0
-1.0778571459128572 -0.40625 1.5799999237060547 0.0
-1.0778571459128572 -0.34375 1.5499999523162842 0.0
-1.0778571459128572 -0.28125 1.5700000524520874 0.0
-1.0778571459128572 -0.21875 1.559999942779541 0.0
-1.0778571459128572 -0.15625 1.600000023841858 0.0
-1.0778571459128572 -0.09375 1.590000033378601 0.0
-1.0778571459128572 -0.03125 1.5800000429153442 0.0
-1.0778571459128572 0.03125 1.6100000143051147 0.010502595179417984
-1.0778571459128572 0.09375 1.5499999523162842 0.04614042245075034
-1.0778571459128572 0.15625 1.559999942779541 0.04948550386421413
-1.0778571459128572 0.21875 1.5299999713897705 0.04501384539230341
-1.0778571459128572 0.28125 1.559999942779541 0.042457471631983545
-1.0778571459128572 0.34375 1.5499999523162842 0.01989596123780063
-1.0778571459128572 0.40625 1.3700000047683716 0.0
-1.0778571459128572 0.46875 1.4199999570846558 0.0
-1.0778571459128572 0.53125 0.9800000190734863 0.0
-1.0778571459128572 0.59375 1.0699999332427979 0.0
-1.0778571459128572 0.65625 0.6700000166893005 0.0
-1.0778571459128572 0.71875 0.6499999761581421 0.0
-1.0778571459128572 0.78125 0.6100000143051147 0.0
-1.0778571459128572 0.84375 0.5349999666213989 0.0
-1.0778571459128572 0.90625 0.6000000238418579 0.0
-1.0778571459128572 0.96875 0.4449999928474426 0.0
-1.0778571459128572 1.03125 0.6150000095367432 0.0
-1.0778571459128572 1.09375 0.5799999833106995 0.0
-1.0778571459128572 1.15625 0.6150000095367432 0.0
-1.0778571459128572 1.21875 0.41999998688697815 0.0
-1.0778571459128572 1.28125 0.3199999928474426 0.0
-1.0778571459128572 1.34375 0.6100000143051147 0.0
-1.0778571459128572 1.40625 0.5149999856948853 0.0
-1.0778571459128572 1.46875 0.3499999940395355 0.0
-1.0778571459128572 1.65625 1.5499999523162842 0.0
-1.0778571459128572 1.71875 0.5799999833106995 0.0
-1.0778571459128572 1.78125 0.49000000953674316 0.0
-1.0335714315385716 -0.46875 1.5399999618530273 0.0
-1.0335714315385716 -0.40625 1.5549999475479126 0.0
-1.0335714315385716 -0.34375 1.600000023841858 0.0
-1.0335714315385716 -0.28125 1.5099999904632568 0.0
-1.0335714315385716 -0.21875 1.5499999523162842 0.0
-1.0335714315385716 -0.15625 1.5399999618530273 0.0
-1.0335714315385716 -0.09375 1.5700000524520874 0.0
-1.0335714315385716 -0.03125 1.5800000429153442 0.007502815825938092
-1.0335714315385716 0.03125 1.600000023841858 0.05575635587888095
-1.0335714315385716 0.09375 1.590000033378601 0.06211233863694987
-1.0335714315385716 0.15625 1.559999942779541 0.05548744285262308
-1.0335714315385716 0.21875 1.559999942779541 0.05058917709629801
-1.0335714315385716 0.28125 1.559999942779541 0.06701545553388183
-1.0335714315385716 0.34375 1.5199999809265137 0.053324065148583566
-1.0335714315385716 0.40625 1.4149999618530273 0.024599695498716323
-1.0335714315385716 0.46875 1.25 0.0
-1.0335714315385716 0.53125 1.0499999523162842 0.0
-1.0335714315385716 0.59375 0.800000011920929 0.0
-1.0335714315385716 0.65625 0.7200000286102295 0.0
-1.0335714315385716 0.71875 0.6299999952316284 0.0
-1.0335714315385716 0.78125 0.6600000262260437 0.0
-1.0335714315385716 0.84375 0.5600000023841858 0.0
-1.0335714315385716 0.90625 0.5699999928474426 0.0
-1.0335714315385716 0.96875 0.5799999833106995 0.0
-1.0335714315385716 1.03125 0.4950000047683716 0.0
-1.0335714315385716 1.09375 0.47999998927116394 0.0
-1.0335714315385716 1.15625 0.6200000047683716 0.0
-1.0335714315385716 1.21875 0.4650000035762787 0.0
-1.0335714315385716 1.28125 0.3400000035762787 0.0
-1.0335714315385716 1.40625 0.5049999952316284 0.0
-1.0335714315385716 1.53125 0.4449999928474426 0.0
-1.0335714315385716 1.59375 0.5299999713897705 0.0
-1.0335714315385716 1.90625 2.0299999713897705 0.0
-0.9892857171642858 -0.46875 1.5399999618530273 0.0
-0.9892857171642858 -0.40625 1.625 0.0
-0.9892857171642858 -0.34375 1.4900000095367432 0.0
-0.9892857171642858 -0.28125 1.5199999809265137 0.0
-0.9892857171642858 -0.21875 1.559999942779541 0.0
-0.9892857171642858 -0.15625 1.5800000429153442 0.0
-0.9892857171642858 -0.09375 1.590000033378601 0.0
-0.9892857171642858 -0.03125 1.559999942779541 0.02178969917868706
-0.9892857171642858 0.03125 1.590000033378601 0.048097976836828094
-0.9892857171642858 0.09375 1.5499999523162842 0.08675863166857856
-0.9892857171642858 0.15625 1.5700000524520874 0.08085431902163553
-0.9892857171642858 0.21875 1.559999942779541 0.0791719302112503
-0.9892857171642858 0.28125 1.5399999618530273 0.08652551598225922
-0.9892857171642858 0.34375 1.4950000047683716 0.05521819639413322
-0.9892857171642858 0.40625 1.440000057220459 0.03371210555181581
-0.9892857171642858 0.46875 1.184999942779541 0.0
-0.9892857171642858 0.53125 1.1399999856948853 0.0
-0.9892857171642858 0.59375 0.8400000333786011 0.0
-0.9892857171642858 0.65625 0.6650000214576721 0.0
-0.9892857171642858 0.71875 0.5 0.0
-0.9892857171642858 0.78125 0.6200000047683716 0.0
-0.9892857171642858 0.84375 0.5550000071525574 0.0
-0.9892857171642858 0.90625 0.5099999904632568 0.0
-0.9892857171642858 0.96875 0.5 0.0
-0.9892857171642858 1.03125 0.4699999988079071 0.0
-0.9892857171642858 1.09375 0.5 0.0
-0.9892857171642858 1.15625 0.36000001430511475 0.0
-0.9892857171642858 1.21875 0.47999998927116394 0.0
-0.9892857171642858 1.28125 0.6499999761581421 0.0
-0.9892857171642858 1.34375 0.550000011920929 0.0
-0.9892857171642858 1.40625 0.550000011920929 0.0
-0.9892857171642858 1.53125 0.7400000095367432 0.0
-0.9892857171642858 1.59375 0.05999999865889549 0.0
-0.9450000027900001 -0.46875 1.4850000143051147 0.0
-0.9450000027900001 -0.40625 1.559999942779541 0.0
-0.9450000027900001 -0.34375 1.6100000143051147 0.0
-0.9450000027900001 -0.28125 1.5800000429153442 0.0
-0.9450000027900001 -0.21875 1.5499999523162842 0.0
-0.9450000027900001 -0.15625 1.600000023841858 0.0
-0.9450000027900001 -0.09375 1.6100000143051147 0.023043077786644828
-0.9450000027900001 -0.03125 1.590000033378601 0.06470672124141263
-0.9450000027900001 0.03125 1.600000023841858 0.07601248540745109
-0.9450000027900001 0.09375 1.590000033378601 0.09521256401697054
-0.9450000027900001 0.15625 1.600000023841858 0.09363821151049434
-0.9450000027900001 0.21875 1.5499999523162842 0.11056734514097805
-0.9450000027900001 0.28125 1.4800000190734863 0.10205067549158792
-0.9450000027900001 0.34375 1.4950000047683716 0.07080962150026121
-0.9450000027900001 0.40625 1.315000057220459 0.059486584261613074
-0.9450000027900001 0.46875 1.2200000286102295 0.012151405234407997
-0.9450000027900001 0.53125 1.024999976158142 0.0
-0.9450000027900001 0.59375 0.7400000095367432 0.0
-0.9450000027900001 0.65625 0.6499999761581421 0.0
-0.9450000027900001 0.71875 0.6700000166893005 0.0
-0.9450000027900001 0.78125 0.5849999785423279 0.0
-0.9450000027900001 0.84375 0.6150000095367432 0.0
-0.9450000027900001 0.90625 0.49000000953674316 0.0
-0.9450000027900001 0.96875 0.48500001430511475 0.0
-0.9450000027900001 1.03125 0.4699999988079071 0.0
-0.9450000027900001 1.09375 0.3999999761581421 0.0
-0.9450000027900001 1.15625 0.38999998569488525 0.0
-0.9450000027900001 1.21875 0.4699999988079071 0.0
-0.9450000027900001 1.28125 0.3799999952316284 0.0
-0.9450000027900001 1.34375 0.3799999952316284 0.0
-0.9450000027900001 1.40625 0.5399999618530273 0.0
-0.9450000027900001 1.46875 0.5699999928474426 0.0
-0.9450000027900001 1.53125 0.5400000214576721 0.0
-0.9450000027900001 1.59375 0.6299999952316284 0.0
-0.9450000027900001 1.65625 0.33000001311302185 0.0
-0.9450000027900001 1.78125 0.8100000023841858 0.0
-0.9007142884157144 -0.46875 1.5099999904632568 0.0
-0.9007142884157144 -0.40625 1.5149999856948853 0.0
-0.9007142884157144 -0.34375 1.590000033378601 0.0
-0.9007142884157144 -0.28125 1.565000057220459 0.0
-0.9007142884157144 -0.21875 1.5199999809265137 0.0
-0.9007142884157144 -0.15625 1.5549999475479126 0.0030953044324542045
-0.9007142884157144 -0.09375 1.590000033378601 0.0221037227199668
-0.9007142884157144 -0.03125 1.600000023841858 0.06470672124141263
-0.9007142884157144 0.03125 1.590000033378601 0.08605853248840878
-0.9007142884157144 0.09375 1.600000023841858 0.12274701807070038
-0.9007142884157144 0.15625 1.559999942779541 0.13334166760566946
-0.9007142884157144 0.21875 1.5299999713897705 0.13164298430727345
-0.9007142884157144 0.28125 1.5 0.12897388891771422
-0.9007142884157144 0.34375 1.4800000190734863 0.0981064193850627
-0.9007142884157144 0.40625 1.350000023841858 0.08418049059001231
-0.9007142884157144 0.46875 1.2799999713897705 0.04781940432787013
-0.9007142884157144 0.53125 1.1200000047683716 0.02583700506264397
-0.9007142884157144 0.59375 0.949999988079071 0.0
-0.9007142884157144 0.65625 0.6899999976158142 0.0
-0.9007142884157144 0.71875 0.6399999856948853 0.0
-0.9007142884157144 0.78125 0.6000000238418579 0.0
-0.9007142884157144 0.84375 0.49000000953674316 0.0
-0.9007142884157144 0.90625 0.5199999809265137 0.0
-0.9007142884157144 0.96875 0.47999998927116394 0.0
-0.9007142884157144 1.03125 0.5099999904632568 0.0
-0.9007142884157144 1.09375 0.5149999856948853 0.0
-0.9007142884157144 1.15625 0.6700000166893005 0.0
-0.9007142884157144 1.21875 0.5 0.0
-0.9007142884157144 1.28125 0.5 0.0
-0.9007142884157144 1.34375 0.4399999976158142 0.0
-0.9007142884157144 1.40625 0.5199999809265137 0.0
-0.9007142884157144 1.53125 0.3100000023841858 0.0
-0.9007142884157144 1.59375 0.5099999904632568 0.0
-0.9007142884157144 1.71875 0.36000001430511475 0.0
-0.8564285740414287 -0.46875 1.5299999713897705 0.0
-0.8564285740414287 -0.40625 1.559999942779541 0.0
-0.8564285740414287 -0.34375 1.5099999904632568 0.0
-0.8564285740414287 -0.28125 1.5499999523162842 0.0
-0.8564285740414287 -0.21875 1.590000033378601 0.0
-0.8564285740414287 -0.15625 1.590000033378601 0.0
-0.8564285740414287 -0.09375 1.5499999523162842 0.05440844813092832
-0.8564285740414287 -0.03125 1.5499999523162842 0.08884548720521634
-0.8564285740414287 0.03125 1.5800000429153442 0.11326486108433115
-0.8564285740414287 0.09375 1.5700000524520874 0.14326382592197384
-0.8564285740414287 0.15625 1.590000033378601 0.1498096966531633
-0.8564285740414287 0.21875 1.5499999523162842 0.15751379662479803
-0.8564285740414287 0.28125 1.5299999713897705 0.14594138439635906
-0.8564285740414287 0.34375 1.4149999618530273 0.13465373951874382
-0.8564285740414287 0.40625 1.4149999618530273 0.10973055319619501
-0.8564285740414287 0.46875 1.190000057220459 0.05440844813092832
-0.8564285740414287 0.53125 0.9900000095367432 0.03341443965057517
-0.8564285740414287 0.59375 0.800000011920929 0.014113592449862378
-0.8564285740414287 0.65625 0.6299999952316284 0.0
-0.8564285740414287 0.71875 0.6100000143051147 0.0
-0.8564285740414287 0.78125 0.6100000143051147 0.0
-0.8564285740414287 0.84375 0.550000011920929 0.0
-0.8564285740414287 0.90625 0.4699999988079071 0.0
-0.8564285740414287 0.96875 0.4449999928474426 0.0
-0.8564285740414287 1.03125 0.5 0.0
-0.8564285740414287 1.09375 0.5149999856948853 0.0
-0.8564285740414287 1.15625 0.4699999988079071 0.0
-0.8564285740414287 1.21875 0.5400000214576721 0.0
-0.8564285740414287 1.28125 0.48000001907348633 0.0
-0.8564285740414287 1.34375 0.5550000071525574 0.0
-0.8564285740414287 1.40625 0.48499998450279236 0.0
-0.8564285740414287 1.46875 0.550000011920929 0.0
-0.8564285740414287 1.59375 0.10000000149011612 0.0
-0.8564285740414287 1.65625 0.7649999856948853 0.0
-0.8564285740414287 1.71875 0.36000001430511475 0.0
-0.8564285740414287 1.96875 0.7699999809265137 0.0
-0.812142859667143 -0.46875 1.5 0.0
-0.812142859667143 -0.40625 1.5800000429153442 0.0
-0.812142859667143 -0.34375 1.559999942779541 0.0
-0.812142859667143 -0.28125 1.5449999570846558 0.0
-0.812142859667143 -0.21875 1.5499999523162842 0.0
-0.812142859667143 -0.15625 1.5549999475479126 0.028290672310016085
-0.812142859667143 -0.09375 1.590000033378601 0.08133261710257161
-0.812142859667143 -0.03125 1.5800000429153442 0.09986827279036287
-0.812142859667143 0.03125 1.590000033378601 0.1491114734118686
-0.812142859667143 0.09375 1.590000033378601 0.15885525102810183
-0.812142859667143 0.15625 1.5800000429153442 0.1751146933307069
-0.812142859667143 0.21875 1.5399999618530273 0.18318348264059864
-0.812142859667143 0.28125 1.5 0.1696170011799753
-0.812142859667143 0.34375 1.4600000381469727 0.14928623981241024
-0.812142859667143 0.40625 1.4149999618530273 0.13126368772009062
-0.812142859667143 0.46875 1.1749999523162842 0.09498835414578471
-0.812142859667143 0.53125 1.0049999952316284 0.05521819639413322
-0.812142859667143 0.59375 0.6700000166893005 0.04044816359193815
-0.812142859667143 0.65625 0.6299999952316284 0.0
-0.812142859667143 0.71875 0.6200000047683716 0.0
-0.812142859667143 0.78125 0.550000011920929 0.0
-0.812142859667143 0.84375 0.5400000214576721 0.0
-0.812142859667143 0.90625 0.5099999904632568 0.0
-0.812142859667143 0.96875 0.5149999856948853 0.0
-0.812142859667143 1.03125 0.44999998807907104 0.0
-0.812142859667143 1.09375 0.45499998331069946 0.0
-0.812142859667143 1.15625 0.4699999988079071 0.0
-0.812142859667143 1.21875 0.3700000047683716 0.0
-0.812142859667143 1.28125 0.5850000381469727 0.0
-0.812142859667143 1.34375 0.4300000071525574 0.0
-0.812142859667143 1.40625 0.8299999833106995 0.0
-0.812142859667143 1.46875 0.9700000286102295 0.0
-0.812142859667143 1.53125 0.49000000953674316 0.0
-0.812142859667143 1.65625 0.5 0.0
-0.812142859667143 1.78125 0.23000000417232513 0.0
-0.7678571452928573 -0.46875 1.4900000095367432 0.0
