desi_data/desi_elg_ts_zenodo/zphot-main-grz-south-zenodo.ecsv
# %ECSV 0.9
# ---
# datatype:
# - {name: X, datatype: float64}
# - {name: Y, datatype: float64}
# - {name: Z, datatype: float64}
# - {name: ALPHA, datatype: float64}
# schema: astropy-2.0
X Y Z ALPHA
[from data line 903]
0.1842857137542857 0.125 1.2899999618530273 0.6755612333250147
0.1842857137542857 0.1875 0.7599999904632568 0.7176482008147067
0.1842857137542857 0.25 0.18000000715255737 0.7810719582629266
0.1842857137542857 0.3125 0.15000000596046448 0.8861567276248363
0.1842857137542857 0.375 0.17000000178813934 0.9298030988348518
0.1842857137542857 0.4375 0.20000000298023224 0.9578210904493507
0.1842857137542857 0.5 0.23000000417232513 0.9634078550136295
0.1842857137542857 0.5625 0.2800000011920929 0.9243991050674136
0.1842857137542857 0.625 0.3400000035762787 0.8792105506834034
0.1842857137542857 0.6875 0.36000001430511475 0.8307860981742126
0.1842857137542857 0.75 0.3799999952316284 0.7728518179406785
0.1842857137542857 0.8125 0.4300000071525574 0.6889551530773175
0.1842857137542857 0.875 0.46000000834465027 0.5906347818249424
0.1842857137542857 0.9375 0.46000000834465027 0.45489740577380994
0.1842857137542857 1.0 0.4699999988079071 0.3037345290695106
0.1842857137542857 1.0625 0.4699999988079071 0.12459401090810407
0.1842857137542857 1.125 0.4699999988079071 0.0
0.1842857137542857 1.1875 0.47999998927116394 0.0
0.1842857137542857 1.25 0.47999998927116394 0.0
0.1842857137542857 1.3125 0.44999998807907104 0.0
0.1842857137542857 1.375 0.38999998569488525 0.0
0.1842857137542857 1.4375 0.1900000125169754 0.0
0.1842857137542857 1.5 0.4099999964237213 0.0
0.1842857137542857 1.625 0.7200000286102295 0.0
0.22857142812857134 -0.5 1.1150000095367432 0.0
0.22857142812857134 -0.4375 1.534999966621399 0.0
0.22857142812857134 -0.375 1.559999942779541 0.0
0.22857142812857134 -0.3125 1.4299999475479126 0.0
0.22857142812857134 -0.25 1.4700000286102295 0.05612018886744635
0.22857142812857134 -0.1875 1.5099999904632568 0.19338614197557624
0.22857142812857134 -0.125 1.440000057220459 0.3229709864523659
0.22857142812857134 -0.0625 1.4600000381469727 0.44155765999863766
0.22857142812857134 0.0 1.4600000381469727 0.5604070102029717
0.22857142812857134 0.0625 1.3899999856948853 0.6482757016554681
0.22857142812857134 0.125 1.2799999713897705 0.685142532197244
0.22857142812857134 0.1875 0.9399999976158142 0.7098582104832463
0.22857142812857134 0.25 0.23000000417232513 0.7605675902711453
0.22857142812857134 0.3125 0.1599999964237213 0.8639428323854128
0.22857142812857134 0.375 0.15000000596046448 0.971756985083102
0.22857142812857134 0.4375 0.1899999976158142 1.0
0.22857142812857134 0.5 0.2199999988079071 1.0
0.22857142812857134 0.5625 0.25999999046325684 1.0
0.22857142812857134 0.625 0.3400000035762787 0.9631692715448205
0.22857142812857134 0.6875 0.36000001430511475 0.9200883482981776
0.22857142812857134 0.75 0.3799999952316284 0.8666144450434016
0.22857142812857134 0.8125 0.4399999976158142 0.7927556390298531
0.22857142812857134 0.875 0.46000000834465027 0.6899801250994698
0.22857142812857134 0.9375 0.4699999988079071 0.5616635380209642
0.22857142812857134 1.0 0.4699999988079071 0.40150795172782
0.22857142812857134 1.0625 0.4699999988079071 0.23894580903915674
0.22857142812857134 1.125 0.47999998927116394 0.025669774301809112
0.22857142812857134 1.1875 0.4699999988079071 0.0
0.22857142812857134 1.25 0.4699999988079071 0.0
0.22857142812857134 1.3125 0.44999998807907104 0.0
0.22857142812857134 1.375 0.45499998331069946 0.0
0.22857142812857134 1.4375 0.3100000023841858 0.0
0.22857142812857134 1.5 0.4099999964237213 0.0
0.22857142812857134 1.5625 0.5149999856948853 0.0
0.22857142812857134 1.625 0.4650000035762787 0.0
0.22857142812857134 1.6875 0.3499999940395355 0.0
0.2728571425028572 -0.5 1.3250000476837158 0.0
0.2728571425028572 -0.4375 1.350000023841858 0.0
0.2728571425028572 -0.375 1.5 0.0
0.2728571425028572 -0.3125 1.4800000190734863 0.0
0.2728571425028572 -0.25 1.5299999713897705 0.07859267165144795
0.2728571425028572 -0.1875 1.4199999570846558 0.21032426330254733
0.2728571425028572 -0.125 1.4199999570846558 0.32435220936160036
0.2728571425028572 -0.0625 1.4500000476837158 0.4643905404058611
0.2728571425028572 0.0 1.399999976158142 0.5726566143376649
0.2728571425028572 0.0625 1.3600000143051147 0.6524829241067149
0.2728571425028572 0.125 1.2999999523162842 0.6882200567729
0.2728571425028572 0.1875 1.0700000524520874 0.7027790881616702
0.2728571425028572 0.25 0.47999998927116394 0.7282520361294504
0.2728571425028572 0.3125 0.18000000715255737 0.80686950858509
0.2728571425028572 0.375 0.1599999964237213 0.9406730550372966
0.2728571425028572 0.4375 0.18000000715255737 1.0
0.2728571425028572 0.5 0.20999999344348907 1.0
0.2728571425028572 0.5625 0.25 1.0
0.2728571425028572 0.625 0.33000001311302185 1.0
0.2728571425028572 0.6875 0.36000001430511475 0.9978226485510269
0.2728571425028572 0.75 0.3799999952316284 0.9530893236680245
0.2728571425028572 0.8125 0.4399999976158142 0.8920539432700105
0.2728571425028572 0.875 0.46000000834465027 0.7972363103094104
0.2728571425028572 0.9375 0.4699999988079071 0.6695064396313012
0.2728571425028572 1.0 0.4699999988079071 0.5160419595587642
0.2728571425028572 1.0625 0.4699999988079071 0.34100580036711914
0.2728571425028572 1.125 0.4699999988079071 0.14029824303391614
0.2728571425028572 1.1875 0.4699999988079071 0.0
0.2728571425028572 1.25 0.47999998927116394 0.0
0.2728571425028572 1.3125 0.4650000035762787 0.0
0.2728571425028572 1.375 0.48500001430511475 0.0
0.2728571425028572 1.4375 0.44999998807907104 0.0
0.2728571425028572 1.5 0.5199999809265137 0.0
0.2728571425028572 1.5625 2.4700000286102295 0.0
0.2728571425028572 1.625 0.27000001072883606 0.0
0.2728571425028572 1.6875 0.6399999856948853 0.0
0.2728571425028572 1.75 3.6600000858306885 0.0
0.2728571425028572 1.8125 0.3799999952316284 0.0
0.2728571425028572 1.875 2.5299999713897705 0.0
0.2728571425028572 1.9375 0.3100000023841858 0.0
0.31714285687714283 -0.5 1.6549999713897705 0.0
0.31714285687714283 -0.4375 1.3849999904632568 0.0
0.31714285687714283 -0.375 1.5399999618530273 0.0
0.31714285687714283 -0.3125 1.5199999809265137 0.0
0.31714285687714283 -0.25 1.4600000381469727 0.09895605136294378
0.31714285687714283 -0.1875 1.4199999570846558 0.22479538397659088
0.31714285687714283 -0.125 1.409999966621399 0.3535693479426757
0.31714285687714283 -0.0625 1.3899999856948853 0.47358493495408044
0.31714285687714283 0.0 1.3899999856948853 0.5804753752280469
0.31714285687714283 0.0625 1.3300000429153442 0.6516566894905669
0.31714285687714283 0.125 1.2899999618530273 0.6938530096212864
0.31714285687714283 0.1875 1.1399999856948853 0.7009118870053446
0.31714285687714283 0.25 0.7300000190734863 0.7080175431850948
0.31714285687714283 0.3125 0.25 0.7467888052186888
0.31714285687714283 0.375 0.1899999976158142 0.8543073900996994
0.31714285687714283 0.4375 0.18000000715255737 0.9982734275584794
0.31714285687714283 0.5 0.20000000298023224 1.0
0.31714285687714283 0.5625 0.23999999463558197 1.0
0.31714285687714283 0.625 0.3100000023841858 1.0
0.31714285687714283 0.6875 0.3499999940395355 1.0
0.31714285687714283 0.75 0.3700000047683716 1.0
0.31714285687714283 0.8125 0.4399999976158142 0.9702251993971893
0.31714285687714283 0.875 0.46000000834465027 0.8930023114994476
0.31714285687714283 0.9375 0.4699999988079071 0.7743674693480306
0.31714285687714283 1.0 0.4699999988079071 0.6229095383515706
0.31714285687714283 1.0625 0.4699999988079071 0.43867232335442635
0.31714285687714283 1.125 0.4699999988079071 0.2406876411670945
0.31714285687714283 1.1875 0.4699999988079071 0.01530849098054382
0.31714285687714283 1.25 0.4699999988079071 0.0
0.31714285687714283 1.3125 0.4650000035762787 0.0
0.31714285687714283 1.375 0.46000000834465027 0.0
0.31714285687714283 1.4375 0.5600000023841858 0.0
0.31714285687714283 1.5 0.375 0.0
0.31714285687714283 1.5625 0.5400000214576721 0.0
0.31714285687714283 1.625 0.4000000059604645 0.0
0.31714285687714283 1.6875 0.3449999988079071 0.0
0.31714285687714283 1.75 0.33000001311302185 0.0
0.31714285687714283 1.875 0.20999999344348907 0.0
0.31714285687714283 1.9375 0.4000000059604645 0.0
0.31714285687714283 2.0 0.3700000047683716 0.0
0.36142857125142847 -0.5 1.5 0.0
0.36142857125142847 -0.4375 1.4700000286102295 0.0
0.36142857125142847 -0.375 1.5099999904632568 0.0
0.36142857125142847 -0.3125 1.5299999713897705 0.0
0.36142857125142847 -0.25 1.399999976158142 0.11084269849321082
0.36142857125142847 -0.1875 1.4299999475479126 0.2152559039027832
0.36142857125142847 -0.125 1.3899999856948853 0.35950501889718556
0.36142857125142847 -0.0625 1.3700000047683716 0.47427632998287683
0.36142857125142847 0.0 1.350000023841858 0.5826414504552275
0.36142857125142847 0.0625 1.3200000524520874 0.6674905762776637
0.36142857125142847 0.125 1.2699999809265137 0.7075465077705632
0.36142857125142847 0.1875 1.1399999856948853 0.7051077672180067
0.36142857125142847 0.25 0.8899999856948853 0.6983970444609231
0.36142857125142847 0.3125 0.4699999988079071 0.7112864881160279
0.36142857125142847 0.375 0.25999999046325684 0.7674493642675426
0.36142857125142847 0.4375 0.20999999344348907 0.886141930034388
0.36142857125142847 0.5 0.20000000298023224 1.0
0.36142857125142847 0.5625 0.23000000417232513 1.0
0.36142857125142847 0.625 0.30000001192092896 1.0
0.36142857125142847 0.6875 0.3499999940395355 1.0
0.36142857125142847 0.75 0.3700000047683716 1.0
0.36142857125142847 0.8125 0.4300000071525574 1.0
0.36142857125142847 0.875 0.46000000834465027 0.9774481340114847
0.36142857125142847 0.9375 0.4699999988079071 0.8669380142300065
0.36142857125142847 1.0 0.4699999988079071 0.7219142418878095
0.36142857125142847 1.0625 0.4699999988079071 0.5417176368310758
0.36142857125142847 1.125 0.4699999988079071 0.3481730265792137
0.36142857125142847 1.1875 0.4699999988079071 0.12459401090810407
0.36142857125142847 1.25 0.4699999988079071 0.0
0.36142857125142847 1.3125 0.4699999988079071 0.0
0.36142857125142847 1.375 0.44999998807907104 0.0
0.36142857125142847 1.4375 0.42500001192092896 0.0
0.36142857125142847 1.5 0.4099999964237213 0.0
0.36142857125142847 1.5625 0.3799999952316284 0.0
0.36142857125142847 1.625 0.5550000071525574 0.0
0.36142857125142847 1.6875 0.38499999046325684 0.0
0.36142857125142847 1.75 0.7900000214576721 0.0
0.36142857125142847 1.8125 0.4000000059604645 0.0
0.36142857125142847 1.875 0.6200000047683716 0.0
0.36142857125142847 1.9375 1.7750000953674316 0.0
0.4057142856257143 -0.5 1.5449999570846558 0.0
0.4057142856257143 -0.4375 1.5 0.0
0.4057142856257143 -0.375 1.440000057220459 0.0
0.4057142856257143 -0.3125 1.4800000190734863 0.0
0.4057142856257143 -0.25 1.3949999809265137 0.12655915772232024
0.4057142856257143 -0.1875 1.4049999713897705 0.2449820574813123
0.4057142856257143 -0.125 1.3700000047683716 0.3641394346993875
0.4057142856257143 -0.0625 1.340000033378601 0.47963345220389136
0.4057142856257143 0.0 1.3200000524520874 0.5839546043473345
0.4057142856257143 0.0625 1.309999942779541 0.6598648064953323
0.4057142856257143 0.125 1.25 0.7085881445020894
0.4057142856257143 0.1875 1.1399999856948853 0.7146699868425893
0.4057142856257143 0.25 0.9599999785423279 0.6952476199970128
0.4057142856257143 0.3125 0.7200000286102295 0.6989584207398498
0.4057142856257143 0.375 0.4300000071525574 0.7219772836188232
0.4057142856257143 0.4375 0.33000001311302185 0.7858211304126063
0.4057142856257143 0.5 0.25 0.9069539359985712
0.4057142856257143 0.5625 0.23999999463558197 1.0
0.4057142856257143 0.625 0.2800000011920929 1.0
0.4057142856257143 0.6875 0.3400000035762787 1.0
0.4057142856257143 0.75 0.3700000047683716 1.0
0.4057142856257143 0.8125 0.4099999964237213 1.0
0.4057142856257143 0.875 0.46000000834465027 1.0
0.4057142856257143 0.9375 0.4699999988079071 0.9526322172382038
0.4057142856257143 1.0 0.4699999988079071 0.8171939594815696
0.4057142856257143 1.0625 0.4699999988079071 0.6456489782441253
0.4057142856257143 1.125 0.4699999988079071 0.4454211874484163
0.4057142856257143 1.1875 0.4699999988079071 0.2321362714498299
0.4057142856257143 1.25 0.4699999988079071 0.030290102669265462
0.4057142856257143 1.3125 0.44999998807907104 0.0
0.4057142856257143 1.375 0.4399999976158142 0.0
0.4057142856257143 1.4375 0.38999998569488525 0.0
0.4057142856257143 1.5 0.44999998807907104 0.0
0.4057142856257143 1.5625 0.4099999964237213 0.0
0.4057142856257143 1.625 0.38999998569488525 0.0
0.4057142856257143 1.6875 0.33000001311302185 0.0
0.4057142856257143 1.8125 0.41999998688697815 0.0
0.4057142856257143 1.9375 0.46000000834465027 0.0
0.44999999999999996 -0.5 1.3600000143051147 0.0
0.44999999999999996 -0.4375 1.4500000476837158 0.0
0.44999999999999996 -0.375 1.5199999809265137 0.0
0.44999999999999996 -0.3125 1.440000057220459 0.022534019580141673
0.44999999999999996 -0.25 1.3700000047683716 0.1170621376901661
0.44999999999999996 -0.1875 1.3700000047683716 0.2303241838189381
0.44999999999999996 -0.125 1.340000033378601 0.36544558745527544
0.44999999999999996 -0.0625 1.3200000524520874 0.47818547679448753
0.44999999999999996 0.0 1.2899999618530273 0.5718401523107538
0.44999999999999996 0.0625 1.2899999618530273 0.6579686799927027
0.44999999999999996 0.125 1.2200000286102295 0.7108556731510031
0.44999999999999996 0.1875 1.149999976158142 0.7211563100853349
0.44999999999999996 0.25 0.9900000095367432 0.7095247021379277
0.44999999999999996 0.3125 0.800000011920929 0.6971286162762468
0.44999999999999996 0.375 0.6800000071525574 0.7057539886328449
0.44999999999999996 0.4375 0.5199999809265137 0.7414093009903356
0.44999999999999996 0.5 0.3700000047683716 0.8043392761031729
0.44999999999999996 0.5625 0.3199999928474426 0.9199744100843079
0.44999999999999996 0.625 0.30000001192092896 1.0
0.44999999999999996 0.6875 0.3400000035762787 1.0
0.44999999999999996 0.75 0.36000001430511475 1.0
0.44999999999999996 0.8125 0.38999998569488525 1.0
0.44999999999999996 0.875 0.46000000834465027 1.0
0.44999999999999996 0.9375 0.46000000834465027 1.0
0.44999999999999996 1.0 0.4699999988079071 0.9019762087870777
0.44999999999999996 1.0625 0.4699999988079071 0.738449739066485
0.44999999999999996 1.125 0.4699999988079071 0.5435889869161629
0.44999999999999996 1.1875 0.4699999988079071 0.32592006628802966
0.44999999999999996 1.25 0.46000000834465027 0.1150087205828445
0.44999999999999996 1.3125 0.46000000834465027 0.0
0.44999999999999996 1.375 0.41999998688697815 0.0
0.44999999999999996 1.4375 0.4099999964237213 0.0
0.44999999999999996 1.5 0.41999998688697815 0.0
0.44999999999999996 1.5625 0.41999998688697815 0.0
0.44999999999999996 1.625 0.4699999988079071 0.0
0.44999999999999996 1.6875 0.4399999976158142 0.0
0.44999999999999996 1.75 0.44999998807907104 0.0
0.44999999999999996 1.8125 0.3700000047683716 0.0
0.4942857143742858 -0.5 1.5199999809265137 0.0
0.4942857143742858 -0.4375 1.5 0.0
0.4942857143742858 -0.375 1.3700000047683716 0.0
0.4942857143742858 -0.3125 1.4049999713897705 0.021742954075204324
0.4942857143742858 -0.25 1.3799999952316284 0.12060954607246638
0.4942857143742858 -0.1875 1.3450000286102295 0.2505789456847143
0.4942857143742858 -0.125 1.3300000429153442 0.3701156005823471
0.4942857143742858 -0.0625 1.3200000524520874 0.47457196956693903
0.4942857143742858 0.0 1.2699999809265137 0.5712100089754754
0.4942857143742858 0.0625 1.2400000095367432 0.6511332326498139
0.4942857143742858 0.125 1.2000000476837158 0.7150282350903959
0.4942857143742858 0.1875 1.1299999952316284 0.732406785038495
0.4942857143742858 0.25 1.0199999809265137 0.7145395680753346
0.4942857143742858 0.3125 0.8600000143051147 0.7035695276736879
0.4942857143742858 0.375 0.7699999809265137 0.7020203136759986
0.4942857143742858 0.4375 0.7099999785423279 0.7173264534733533
0.4942857143742858 0.5 0.6200000047683716 0.7614628269207924
0.4942857143742858 0.5625 0.47999998927116394 0.8248237562156375
0.4942857143742858 0.625 0.36000001430511475 0.935300185848075
0.4942857143742858 0.6875 0.3499999940395355 1.0
0.4942857143742858 0.75 0.36000001430511475 1.0
0.4942857143742858 0.8125 0.3700000047683716 1.0
0.4942857143742858 0.875 0.44999998807907104 1.0
0.4942857143742858 0.9375 0.46000000834465027 1.0
0.4942857143742858 1.0 0.46000000834465027 0.97381235052216
0.4942857143742858 1.0625 0.4699999988079071 0.8269525720480191
