desi_data/desi_elg_ts_zenodo/zphot-sv-grz-south-zenodo.ecsv
# %ECSV 0.9
# ---
# datatype:
# - {name: X, datatype: float64}
# - {name: Y, datatype: float64}
# - {name: Z, datatype: float64}
# - {name: ALPHA, datatype: float64}
# schema: astropy-2.0
X Y Z ALPHA
[from data line 4079]
0.427857142812857 1.59375 0.44999998807907104 0.0
0.427857142812857 1.65625 0.46000000834465027 0.0
0.427857142812857 1.71875 0.4699999988079071 0.0
0.427857142812857 1.78125 0.41999998688697815 0.0
0.427857142812857 1.84375 0.46000000834465027 0.0
0.427857142812857 1.90625 0.4049999713897705 0.0
0.427857142812857 1.96875 0.4950000047683716 0.0
0.4721428571871429 -0.46875 1.5099999904632568 0.17619772420896074
0.4721428571871429 -0.40625 1.5099999904632568 0.2553703960037187
0.4721428571871429 -0.34375 1.5 0.33930449505007576
0.4721428571871429 -0.28125 1.4800000190734863 0.3964665382886915
0.4721428571871429 -0.21875 1.4500000476837158 0.4718763973462763
0.4721428571871429 -0.15625 1.4199999570846558 0.5439949044358281
0.4721428571871429 -0.09375 1.409999966621399 0.6147855350221157
0.4721428571871429 -0.03125 1.3799999952316284 0.6731358686296356
0.4721428571871429 0.03125 1.3300000429153442 0.7368188218695713
0.4721428571871429 0.09375 1.309999942779541 0.7845605468998552
0.4721428571871429 0.15625 1.25 0.8120450622067954
0.4721428571871429 0.21875 1.1699999570846558 0.8206245947718165
0.4721428571871429 0.28125 1.0499999523162842 0.821519526039352
0.4721428571871429 0.34375 0.9200000166893005 0.8172011033842361
0.4721428571871429 0.40625 0.7799999713897705 0.8147607200340611
0.4721428571871429 0.46875 0.699999988079071 0.820949730845672
0.4721428571871429 0.53125 0.6200000047683716 0.8442219528596313
0.4721428571871429 0.59375 0.49000000953674316 0.8918110027839105
0.4721428571871429 0.65625 0.41999998688697815 0.9507307428186211
0.4721428571871429 0.71875 0.4000000059604645 0.9919426853965281
0.4721428571871429 0.78125 0.4399999976158142 1.0
0.4721428571871429 0.84375 0.4699999988079071 0.9869239090813147
0.4721428571871429 0.90625 0.4699999988079071 0.963231877303649
0.4721428571871429 0.96875 0.4699999988079071 0.9123633114462111
0.4721428571871429 1.03125 0.47999998927116394 0.8188635980097678
0.4721428571871429 1.09375 0.47999998927116394 0.7057466644808319
0.4721428571871429 1.15625 0.47999998927116394 0.5877813780038812
0.4721428571871429 1.21875 0.47999998927116394 0.4710046371789072
0.4721428571871429 1.28125 0.47999998927116394 0.34919755982425427
0.4721428571871429 1.34375 0.47999998927116394 0.23692386205697136
0.4721428571871429 1.40625 0.4699999988079071 0.10783589729022697
0.4721428571871429 1.46875 0.4699999988079071 0.0
0.4721428571871429 1.53125 0.4399999976158142 0.0
0.4721428571871429 1.59375 0.44999998807907104 0.0
0.4721428571871429 1.65625 0.46000000834465027 0.0
0.4721428571871429 1.71875 0.4300000071525574 0.0
0.4721428571871429 1.78125 0.44999998807907104 0.0
0.4721428571871429 1.84375 0.4950000047683716 0.0
0.4721428571871429 1.90625 0.38499999046325684 0.0
0.4721428571871429 1.96875 0.44999998807907104 0.0
0.5164285715614285 -0.46875 1.4600000381469727 0.19566998540732722
0.5164285715614285 -0.40625 1.5 0.2696793037088538
0.5164285715614285 -0.34375 1.4600000381469727 0.335632658476133
0.5164285715614285 -0.28125 1.4800000190734863 0.411231641046527
0.5164285715614285 -0.21875 1.4299999475479126 0.48002619599365387
0.5164285715614285 -0.15625 1.409999966621399 0.5517967735606537
0.5164285715614285 -0.09375 1.3799999952316284 0.6204449420454479
0.5164285715614285 -0.03125 1.340000033378601 0.6816085864054724
0.5164285715614285 0.03125 1.3200000524520874 0.7400056598270437
0.5164285715614285 0.09375 1.2799999713897705 0.7883778225934543
0.5164285715614285 0.15625 1.2200000286102295 0.8145812729762592
0.5164285715614285 0.21875 1.159999966621399 0.8289543807222011
0.5164285715614285 0.28125 1.0399999618530273 0.8302336920561093
0.5164285715614285 0.34375 0.9300000071525574 0.8216854350561723
0.5164285715614285 0.40625 0.8100000023841858 0.8193031917426246
0.5164285715614285 0.46875 0.75 0.8220562965473146
0.5164285715614285 0.53125 0.6800000071525574 0.8281892920547638
0.5164285715614285 0.59375 0.6200000047683716 0.8533393363209009
0.5164285715614285 0.65625 0.5199999809265137 0.9013091432050309
0.5164285715614285 0.71875 0.4699999988079071 0.9500715231126257
0.5164285715614285 0.78125 0.4399999976158142 0.9853203005188447
0.5164285715614285 0.84375 0.46000000834465027 0.9854726519583181
0.5164285715614285 0.90625 0.4699999988079071 0.9638031392892141
0.5164285715614285 0.96875 0.4699999988079071 0.9314378359137663
0.5164285715614285 1.03125 0.4699999988079071 0.8642682107591133
0.5164285715614285 1.09375 0.4699999988079071 0.7527393216662603
0.5164285715614285 1.15625 0.47999998927116394 0.6304650018104938
0.5164285715614285 1.21875 0.4699999988079071 0.5152500665853967
0.5164285715614285 1.28125 0.4699999988079071 0.3964665382886915
0.5164285715614285 1.34375 0.4699999988079071 0.27929697578630613
0.5164285715614285 1.40625 0.4699999988079071 0.1678600076661506
0.5164285715614285 1.46875 0.44999998807907104 0.03341443965057517
0.5164285715614285 1.53125 0.46000000834465027 0.0
0.5164285715614285 1.59375 0.46000000834465027 0.0
0.5164285715614285 1.65625 0.44999998807907104 0.0
0.5164285715614285 1.71875 0.4300000071525574 0.0
0.5164285715614285 1.78125 0.41999998688697815 0.0
0.5164285715614285 1.84375 0.4399999976158142 0.0
0.5164285715614285 1.90625 0.38999998569488525 0.0
0.5164285715614285 1.96875 0.47999998927116394 0.0
0.5607142859357144 -0.46875 1.5 0.20288576531487862
0.5607142859357144 -0.40625 1.4900000095367432 0.28196841666153183
0.5607142859357144 -0.34375 1.4700000286102295 0.34111738954184667
0.5607142859357144 -0.28125 1.4299999475479126 0.414500976593833
0.5607142859357144 -0.21875 1.409999966621399 0.48670240558612876
0.5607142859357144 -0.15625 1.3799999952316284 0.5598561068223215
0.5607142859357144 -0.09375 1.3600000143051147 0.6221539892789434
0.5607142859357144 -0.03125 1.3300000429153442 0.6827047231996959
0.5607142859357144 0.03125 1.2899999618530273 0.7404423678417222
0.5607142859357144 0.09375 1.25 0.7846261262383893
0.5607142859357144 0.15625 1.190000057220459 0.8182306203449834
0.5607142859357144 0.21875 1.1200000047683716 0.8350467858837418
0.5607142859357144 0.28125 1.0299999713897705 0.8397700393601396
0.5607142859357144 0.34375 0.9300000071525574 0.8319353334749562
0.5607142859357144 0.40625 0.8299999833106995 0.8249617125724358
0.5607142859357144 0.46875 0.7799999713897705 0.8232199953044259
0.5607142859357144 0.53125 0.7300000190734863 0.8223950414276672
0.5607142859357144 0.59375 0.6800000071525574 0.8344593283045798
0.5607142859357144 0.65625 0.6299999952316284 0.8538711257481991
0.5607142859357144 0.71875 0.550000011920929 0.895254299948501
0.5607142859357144 0.78125 0.47999998927116394 0.9424359238197071
0.5607142859357144 0.84375 0.46000000834465027 0.9698700828096456
0.5607142859357144 0.90625 0.4699999988079071 0.9623163736782747
0.5607142859357144 0.96875 0.4699999988079071 0.9351317568059241
0.5607142859357144 1.03125 0.4699999988079071 0.8918224382065763
0.5607142859357144 1.09375 0.4699999988079071 0.8059330233725013
0.5607142859357144 1.15625 0.4699999988079071 0.6854580748870438
0.5607142859357144 1.21875 0.4699999988079071 0.5635690098269809
0.5607142859357144 1.28125 0.4699999988079071 0.4478124365756651
0.5607142859357144 1.34375 0.46000000834465027 0.33644580654139333
0.5607142859357144 1.40625 0.46000000834465027 0.23268210988783466
0.5607142859357144 1.46875 0.44999998807907104 0.10549752946553809
0.5607142859357144 1.53125 0.4350000023841858 0.0003378420968027096
0.5607142859357144 1.59375 0.4350000023841858 0.0
0.5607142859357144 1.65625 0.4300000071525574 0.0
0.5607142859357144 1.71875 0.41999998688697815 0.0
0.5607142859357144 1.78125 0.4300000071525574 0.0
0.5607142859357144 1.84375 0.41499999165534973 0.0
0.5607142859357144 1.90625 0.4000000059604645 0.0
0.5607142859357144 1.96875 0.4099999964237213 0.0
0.60500000031 -0.46875 1.5 0.22082254456302514
0.60500000031 -0.40625 1.4600000381469727 0.29538931747200675
0.60500000031 -0.34375 1.4600000381469727 0.35912524272930657
0.60500000031 -0.28125 1.4199999570846558 0.4261818783656101
0.60500000031 -0.21875 1.409999966621399 0.4938952936652461
0.60500000031 -0.15625 1.3600000143051147 0.5603565980462608
0.60500000031 -0.09375 1.340000033378601 0.6230429262349811
0.60500000031 -0.03125 1.309999942779541 0.685768422512606
0.60500000031 0.03125 1.2699999809265137 0.7393950966103671
0.60500000031 0.09375 1.2200000286102295 0.7869182831695491
0.60500000031 0.15625 1.159999966621399 0.818166418336695
0.60500000031 0.21875 1.1100000143051147 0.8407704858014997
0.60500000031 0.28125 1.0099999904632568 0.8437016516706715
0.60500000031 0.34375 0.9300000071525574 0.8381655317237895
0.60500000031 0.40625 0.8500000238418579 0.8334667131807252
0.60500000031 0.46875 0.800000011920929 0.8285492194995758
0.60500000031 0.53125 0.7599999904632568 0.8221666436049824
0.60500000031 0.59375 0.7200000286102295 0.8233297527395492
0.60500000031 0.65625 0.6800000071525574 0.8300209962178402
0.60500000031 0.71875 0.6299999952316284 0.8466641816029563
0.60500000031 0.78125 0.5699999928474426 0.8819501431754753
0.60500000031 0.84375 0.49000000953674316 0.9237622077362246
0.60500000031 0.90625 0.46000000834465027 0.9498965595700428
0.60500000031 0.96875 0.46000000834465027 0.9410912420473418
0.60500000031 1.03125 0.4699999988079071 0.9102779292923366
0.60500000031 1.09375 0.46000000834465027 0.8496146161130544
0.60500000031 1.15625 0.46000000834465027 0.7548553202746844
0.60500000031 1.21875 0.46000000834465027 0.6341860519785909
0.60500000031 1.28125 0.44999998807907104 0.5164450495840645
0.60500000031 1.34375 0.4399999976158142 0.40891874612252355
0.60500000031 1.40625 0.4399999976158142 0.3025785383775098
0.60500000031 1.46875 0.41999998688697815 0.18791390231820349
0.60500000031 1.53125 0.4099999964237213 0.07625715838088837
0.60500000031 1.59375 0.41999998688697815 0.0
0.60500000031 1.65625 0.41999998688697815 0.0
0.60500000031 1.71875 0.41999998688697815 0.0
0.60500000031 1.78125 0.41999998688697815 0.0
0.60500000031 1.84375 0.4300000071525574 0.0
0.60500000031 1.90625 0.42000001668930054 0.0
0.60500000031 1.96875 0.46000000834465027 0.0
0.6492857146842856 -0.46875 1.4500000476837158 0.2331575282297963
0.6492857146842856 -0.40625 1.440000057220459 0.29663371767385416
0.6492857146842856 -0.34375 1.4199999570846558 0.3614392099549753
0.6492857146842856 -0.28125 1.399999976158142 0.4322462246928214
0.6492857146842856 -0.21875 1.3700000047683716 0.5009613311735996
0.6492857146842856 -0.15625 1.350000023841858 0.5615112205372558
0.6492857146842856 -0.09375 1.309999942779541 0.622272724672926
0.6492857146842856 -0.03125 1.2899999618530273 0.679870492371476
0.6492857146842856 0.03125 1.2400000095367432 0.7377507357121191
0.6492857146842856 0.09375 1.190000057220459 0.783480326970928
0.6492857146842856 0.15625 1.1399999856948853 0.818839594556369
0.6492857146842856 0.21875 1.090000033378601 0.8416439122647105
0.6492857146842856 0.28125 1.0099999904632568 0.8488842411055966
0.6492857146842856 0.34375 0.949999988079071 0.8470369425090964
0.6492857146842856 0.40625 0.8700000047683716 0.841679928791464
0.6492857146842856 0.46875 0.8100000023841858 0.8293130432881364
0.6492857146842856 0.53125 0.7799999713897705 0.8266741352365936
0.6492857146842856 0.59375 0.75 0.8192073562540731
0.6492857146842856 0.65625 0.7099999785423279 0.8150051818291895
0.6492857146842856 0.71875 0.6700000166893005 0.8138701851115735
0.6492857146842856 0.78125 0.6299999952316284 0.8271829297715136
0.6492857146842856 0.84375 0.5799999833106995 0.8581793561385695
0.6492857146842856 0.90625 0.49000000953674316 0.8925359597433549
0.6492857146842856 0.96875 0.46000000834465027 0.9193296125841243
0.6492857146842856 1.03125 0.4399999976158142 0.9220278747904991
0.6492857146842856 1.09375 0.4399999976158142 0.8920738652655827
0.6492857146842856 1.15625 0.4300000071525574 0.8241980143291889
0.6492857146842856 1.21875 0.4099999964237213 0.7315727222792039
0.6492857146842856 1.28125 0.4000000059604645 0.6233778020754845
0.6492857146842856 1.34375 0.4000000059604645 0.5039157609788598
0.6492857146842856 1.40625 0.4000000059604645 0.3899331657599475
0.6492857146842856 1.46875 0.4000000059604645 0.2932393272256447
0.6492857146842856 1.53125 0.38999998569488525 0.19693615366502476
0.6492857146842856 1.59375 0.4000000059604645 0.09521256401697054
0.6492857146842856 1.65625 0.4000000059604645 0.0
0.6492857146842856 1.71875 0.4000000059604645 0.0
0.6492857146842856 1.78125 0.41999998688697815 0.0
0.6492857146842856 1.84375 0.4099999964237213 0.0
0.6492857146842856 1.90625 0.44999998807907104 0.0
0.6492857146842856 1.96875 0.46000000834465027 0.0
0.6935714290585715 -0.46875 1.4500000476837158 0.24471678931353014
0.6935714290585715 -0.40625 1.4600000381469727 0.3033532964515453
0.6935714290585715 -0.34375 1.4199999570846558 0.37587650467157246
0.6935714290585715 -0.28125 1.3799999952316284 0.44262605045779857
0.6935714290585715 -0.21875 1.350000023841858 0.49761517585523096
0.6935714290585715 -0.15625 1.3300000429153442 0.5612755466921668
0.6935714290585715 -0.09375 1.2999999523162842 0.6214203495439623
0.6935714290585715 -0.03125 1.2599999904632568 0.6776589649198159
0.6935714290585715 0.03125 1.2200000286102295 0.7318953868500451
0.6935714290585715 0.09375 1.159999966621399 0.77782321814467
0.6935714290585715 0.15625 1.1200000047683716 0.8185994139755818
0.6935714290585715 0.21875 1.0700000524520874 0.8414421092448876
0.6935714290585715 0.28125 1.0099999904632568 0.8534485275565913
0.6935714290585715 0.34375 0.9399999976158142 0.8536326633539881
0.6935714290585715 0.40625 0.8899999856948853 0.8451099947025382
0.6935714290585715 0.46875 0.8299999833106995 0.8345040011470384
0.6935714290585715 0.53125 0.800000011920929 0.8265351659387719
0.6935714290585715 0.59375 0.7699999809265137 0.812424502876326
0.6935714290585715 0.65625 0.7400000095367432 0.8002375392598411
0.6935714290585715 0.71875 0.699999988079071 0.7932033130882454
0.6935714290585715 0.78125 0.6700000166893005 0.7878062608565879
0.6935714290585715 0.84375 0.6299999952316284 0.7978622142650762
0.6935714290585715 0.90625 0.5699999928474426 0.8244710721348829
0.6935714290585715 0.96875 0.5 0.8543132909202239
0.6935714290585715 1.03125 0.46000000834465027 0.8815668610378258
0.6935714290585715 1.09375 0.4099999964237213 0.8940295965348164
0.6935714290585715 1.15625 0.38999998569488525 0.8721465656728993
0.6935714290585715 1.21875 0.3700000047683716 0.8179094203145946
0.6935714290585715 1.28125 0.3499999940395355 0.7464434816928401
0.6935714290585715 1.34375 0.3499999940395355 0.6657326761346885
0.6935714290585715 1.40625 0.36000001430511475 0.5473729436392116
0.6935714290585715 1.46875 0.3799999952316284 0.41848169554170284
0.6935714290585715 1.53125 0.3799999952316284 0.3246970602045738
0.6935714290585715 1.59375 0.38999998569488525 0.21867568026213802
0.6935714290585715 1.65625 0.4000000059604645 0.11490836744225824
0.6935714290585715 1.71875 0.4099999964237213 0.0
0.6935714290585715 1.78125 0.41999998688697815 0.0
0.6935714290585715 1.84375 0.4300000071525574 0.0
0.6935714290585715 1.90625 0.41999998688697815 0.0
0.6935714290585715 1.96875 0.46000000834465027 0.0
0.7378571434328571 -0.46875 1.440000057220459 0.2422260220145907
0.7378571434328571 -0.40625 1.4299999475479126 0.31424645269672663
0.7378571434328571 -0.34375 1.3899999856948853 0.37716485201913497
0.7378571434328571 -0.28125 1.3600000143051147 0.433618332970465
0.7378571434328571 -0.21875 1.3300000429153442 0.5042907700445842
0.7378571434328571 -0.15625 1.309999942779541 0.5633355599844441
0.7378571434328571 -0.09375 1.2699999809265137 0.6188027619641753
0.7378571434328571 -0.03125 1.2300000190734863 0.6729479572534165
0.7378571434328571 0.03125 1.1799999475479126 0.7249673430402509
0.7378571434328571 0.09375 1.1399999856948853 0.7720842585580647
0.7378571434328571 0.15625 1.100000023841858 0.8117145739899667
0.7378571434328571 0.21875 1.0499999523162842 0.8401040339116836
0.7378571434328571 0.28125 0.9900000095367432 0.854666375942655
