desi_data/desi_elg_ts_zenodo/zphot-main-grz-south-zenodo.ecsv
# %ECSV 0.9
# ---
# datatype:
# - {name: X, datatype: float64}
# - {name: Y, datatype: float64}
# - {name: Z, datatype: float64}
# - {name: ALPHA, datatype: float64}
# schema: astropy-2.0
X Y Z ALPHA
[from data line 4537]
1.4464285734214288 0.03125 0.9399999976158142 0.0
1.4464285734214288 0.09375 0.949999988079071 0.0
1.4464285734214288 0.15625 0.9450000524520874 0.0
1.4464285734214288 0.21875 0.949999988079071 0.0
1.4464285734214288 0.28125 0.9700000286102295 0.0
1.4464285734214288 0.34375 0.9800000190734863 0.0
1.4464285734214288 0.40625 0.9750000238418579 0.0
1.4464285734214288 0.46875 0.9900000095367432 0.0
1.4464285734214288 0.53125 0.9950000047683716 0.0
1.4464285734214288 0.59375 0.9700000286102295 0.05063984143823458
1.4464285734214288 0.65625 0.949999988079071 0.1299559436039906
1.4464285734214288 0.71875 0.9300000071525574 0.16377298027128367
1.4464285734214288 0.78125 0.9100000262260437 0.19302632873508602
1.4464285734214288 0.84375 0.8799999952316284 0.1980102546816312
1.4464285734214288 0.90625 0.8600000143051147 0.21296840240783044
1.4464285734214288 0.96875 0.8399999737739563 0.19624338373779093
1.4464285734214288 1.03125 0.8100000023841858 0.17540506845603904
1.4464285734214288 1.09375 0.7799999713897705 0.15060851091010907
1.4464285734214288 1.15625 0.7599999904632568 0.1365941491099873
1.4464285734214288 1.21875 0.7300000190734863 0.138454094022552
1.4464285734214288 1.28125 0.6899999976158142 0.15622656383338968
1.4464285734214288 1.34375 0.029999999329447746 0.4230174636663666
1.4464285734214288 1.40625 0.009999999776482582 0.5450175923384033
1.4464285734214288 1.46875 0.019999999552965164 0.4658306505507434
1.4464285734214288 1.53125 0.6100000143051147 0.23836207954529798
1.4464285734214288 1.59375 0.6499999761581421 0.1617029241661414
1.4464285734214288 1.65625 0.6499999761581421 0.22197728361882324
1.4464285734214288 1.71875 0.6399999856948853 0.3013422969127009
1.4464285734214288 1.78125 0.6299999952316284 0.3753103818085815
1.4464285734214288 1.84375 0.6299999952316284 0.4027452612917477
1.4464285734214288 1.90625 0.6299999952316284 0.2984807105112578
1.4464285734214288 1.96875 0.6299999952316284 0.07114689395077539
1.4907142877957142 -0.46875 1.0299999713897705 0.0
1.4907142877957142 -0.40625 1.0099999904632568 0.0
1.4907142877957142 -0.34375 1.184999942779541 0.0
1.4907142877957142 -0.28125 1.059999942779541 0.0
1.4907142877957142 -0.21875 1.0199999809265137 0.0
1.4907142877957142 -0.15625 0.949999988079071 0.0
1.4907142877957142 -0.09375 0.8600000143051147 0.0
1.4907142877957142 -0.03125 0.9700000286102295 0.0
1.4907142877957142 0.03125 0.9599999785423279 0.0
1.4907142877957142 0.09375 0.9200000166893005 0.0
1.4907142877957142 0.15625 0.9800000190734863 0.0
1.4907142877957142 0.21875 0.9100000262260437 0.0
1.4907142877957142 0.28125 0.9900000095367432 0.0
1.4907142877957142 0.34375 0.9700000286102295 0.0
1.4907142877957142 0.40625 0.9700000286102295 0.0
1.4907142877957142 0.46875 1.0099999904632568 0.0
1.4907142877957142 0.53125 0.9900000095367432 0.0
1.4907142877957142 0.59375 0.9700000286102295 0.0
1.4907142877957142 0.65625 0.9599999785423279 0.006987655320935149
1.4907142877957142 0.71875 0.9300000071525574 0.07980918598694753
1.4907142877957142 0.78125 0.9100000262260437 0.11241433797838168
1.4907142877957142 0.84375 0.8999999761581421 0.1250869673989296
1.4907142877957142 0.90625 0.8700000047683716 0.14885022404869047
1.4907142877957142 0.96875 0.8500000238418579 0.13187337099356655
1.4907142877957142 1.03125 0.8199999928474426 0.10978858360304494
1.4907142877957142 1.09375 0.7900000214576721 0.11084269849321082
1.4907142877957142 1.15625 0.7699999809265137 0.099510706175239
1.4907142877957142 1.21875 0.7400000095367432 0.08696853469850785
1.4907142877957142 1.28125 0.6700000166893005 0.1323500939972278
1.4907142877957142 1.34375 0.009999999776482582 0.41642521395957294
1.4907142877957142 1.40625 0.009999999776482582 0.5380729181529758
1.4907142877957142 1.46875 0.009999999776482582 0.47407901307611344
1.4907142877957142 1.53125 0.5699999928474426 0.24097659296083146
1.4907142877957142 1.59375 0.6600000262260437 0.1351886604430731
1.4907142877957142 1.65625 0.6600000262260437 0.13377401543364092
1.4907142877957142 1.71875 0.6499999761581421 0.19765802874722305
1.4907142877957142 1.78125 0.6499999761581421 0.28286509182921843
1.4907142877957142 1.84375 0.6499999761581421 0.3185719047908224
1.4907142877957142 1.90625 0.6499999761581421 0.2552254453043508
1.4907142877957142 1.96875 0.6499999761581421 0.0730324100604472
1.53500000217 -0.46875 0.9850000143051147 0.0
1.53500000217 -0.40625 1.0149999856948853 0.0
1.53500000217 -0.34375 0.8500000238418579 0.0
1.53500000217 -0.28125 1.0700000524520874 0.0
1.53500000217 -0.21875 0.9700000286102295 0.0
1.53500000217 -0.15625 1.0 0.0
1.53500000217 -0.09375 0.9800000190734863 0.0
1.53500000217 -0.03125 0.9700000286102295 0.0
1.53500000217 0.03125 1.0099999904632568 0.0
1.53500000217 0.09375 0.8799999952316284 0.0
1.53500000217 0.15625 0.9800000190734863 0.0
1.53500000217 0.21875 1.0099999904632568 0.0
1.53500000217 0.28125 0.9700000286102295 0.0
1.53500000217 0.34375 0.949999988079071 0.0
1.53500000217 0.40625 1.0199999809265137 0.0
1.53500000217 0.46875 1.0 0.0
1.53500000217 0.53125 0.9900000095367432 0.0
1.53500000217 0.59375 0.9599999785423279 0.0
1.53500000217 0.65625 0.9599999785423279 0.0
1.53500000217 0.71875 0.9650000333786011 0.0035679430557823966
1.53500000217 0.78125 0.9200000166893005 0.051332496701617825
1.53500000217 0.84375 0.8999999761581421 0.06796752176655146
1.53500000217 0.90625 0.8700000047683716 0.08041489695416992
1.53500000217 0.96875 0.8600000143051147 0.051332496701617825
1.53500000217 1.03125 0.8299999833106995 0.0779818491925574
1.53500000217 1.09375 0.8100000023841858 0.05612018886744635
1.53500000217 1.15625 0.7799999713897705 0.0540812326572267
1.53500000217 1.21875 0.7400000095367432 0.03851352819447962
1.53500000217 1.28125 0.625 0.11449231786396058
1.53500000217 1.34375 0.009999999776482582 0.40150795172782
1.53500000217 1.40625 0.009999999776482582 0.5274525387476108
1.53500000217 1.46875 0.009999999776482582 0.4791518657546647
1.53500000217 1.53125 0.46000000834465027 0.22603622872991297
1.53500000217 1.59375 0.6600000262260437 0.0673260228038377
1.53500000217 1.65625 0.6700000166893005 0.019352318102213217
1.53500000217 1.71875 0.6800000071525574 0.08341836448953832
1.53500000217 1.78125 0.6700000166893005 0.14029824303391614
1.53500000217 1.84375 0.6700000166893005 0.22386007496006727
1.53500000217 1.90625 0.6700000166893005 0.17106592380333158
1.53500000217 1.96875 0.6600000262260437 0.047846912377427664
1.579285716544286 -0.46875 1.059999942779541 0.0
1.579285716544286 -0.40625 0.8199999928474426 0.0
1.579285716544286 -0.34375 1.0399999618530273 0.0
1.579285716544286 -0.28125 1.0 0.0
1.579285716544286 -0.21875 0.9200000166893005 0.0
1.579285716544286 -0.15625 0.9599999785423279 0.0
1.579285716544286 -0.09375 1.1699999570846558 0.0
1.579285716544286 -0.03125 0.9100000262260437 0.0
1.579285716544286 0.03125 0.9599999785423279 0.0
1.579285716544286 0.09375 1.0700000524520874 0.0
1.579285716544286 0.15625 0.9200000166893005 0.0
1.579285716544286 0.21875 0.925000011920929 0.0
1.579285716544286 0.28125 0.9850000143051147 0.0
1.579285716544286 0.34375 1.0 0.0
1.579285716544286 0.40625 0.949999988079071 0.0
1.579285716544286 0.46875 1.0099999904632568 0.0
1.579285716544286 0.53125 0.9900000095367432 0.0
1.579285716544286 0.59375 1.0399999618530273 0.0
1.579285716544286 0.65625 0.9700000286102295 0.0
1.579285716544286 0.71875 0.9399999976158142 0.0
1.579285716544286 0.78125 0.949999988079071 0.0
1.579285716544286 0.84375 0.9200000166893005 0.006987655320935149
1.579285716544286 0.90625 0.8849999904632568 0.01530849098054382
1.579285716544286 0.96875 0.8650000095367432 9.351307811844567e-05
1.579285716544286 1.03125 0.8399999737739563 9.351307811844567e-05
1.579285716544286 1.09375 0.8199999928474426 0.0
1.579285716544286 1.15625 0.800000011920929 0.0
1.579285716544286 1.21875 0.75 0.019352318102213217
1.579285716544286 1.28125 0.6200000047683716 0.0822219579315932
1.579285716544286 1.34375 0.009999999776482582 0.3763965081791903
1.579285716544286 1.40625 0.009999999776482582 0.5407032668272251
1.579285716544286 1.46875 0.009999999776482582 0.48030588392312723
1.579285716544286 1.53125 0.14000000059604645 0.20965816694910633
1.579285716544286 1.59375 0.6499999761581421 0.025669774301809112
1.579285716544286 1.65625 0.6899999976158142 0.0
1.579285716544286 1.71875 0.6800000071525574 0.0
1.579285716544286 1.78125 0.6800000071525574 0.016935069679404724
1.579285716544286 1.84375 0.6800000071525574 0.06474090607079258
1.579285716544286 1.90625 0.6800000071525574 0.07613900440407584
1.579285716544286 1.96875 0.6800000071525574 0.0
1.6235714309185714 -0.46875 1.024999976158142 0.0
1.6235714309185714 -0.40625 1.024999976158142 0.0
1.6235714309185714 -0.34375 0.9300000071525574 0.0
1.6235714309185714 -0.28125 1.1449999809265137 0.0
1.6235714309185714 -0.21875 0.9599999785423279 0.0
1.6235714309185714 -0.15625 0.9700000286102295 0.0
1.6235714309185714 -0.09375 1.1600000858306885 0.0
1.6235714309185714 -0.03125 0.9599999785423279 0.0
1.6235714309185714 0.03125 1.0 0.0
1.6235714309185714 0.09375 0.8899999856948853 0.0
1.6235714309185714 0.15625 0.949999988079071 0.0
1.6235714309185714 0.21875 1.0 0.0
1.6235714309185714 0.28125 0.9650000333786011 0.0
1.6235714309185714 0.34375 0.9900000095367432 0.0
1.6235714309185714 0.40625 0.949999988079071 0.0
1.6235714309185714 0.46875 1.0099999904632568 0.0
1.6235714309185714 0.53125 1.0 0.0
1.6235714309185714 0.59375 0.9700000286102295 0.0
1.6235714309185714 0.65625 0.949999988079071 0.0
1.6235714309185714 0.71875 0.9399999976158142 0.0
1.6235714309185714 0.78125 0.949999988079071 0.0
1.6235714309185714 0.84375 0.9300000071525574 0.0
1.6235714309185714 0.90625 0.8899999856948853 0.0
1.6235714309185714 0.96875 0.8700000047683716 0.0
1.6235714309185714 1.03125 0.8700000047683716 0.0
1.6235714309185714 1.09375 0.8299999833106995 0.0
1.6235714309185714 1.15625 0.800000011920929 0.0
1.6235714309185714 1.21875 0.7400000095367432 0.0
1.6235714309185714 1.28125 0.5699999928474426 0.047143030915232476
1.6235714309185714 1.34375 0.009999999776482582 0.35184320816208536
1.6235714309185714 1.40625 0.009999999776482582 0.5251242758320318
1.6235714309185714 1.46875 0.009999999776482582 0.48895531572254236
1.6235714309185714 1.53125 0.019999999552965164 0.22386007496006727
1.6235714309185714 1.59375 0.6399999856948853 0.0
1.6235714309185714 1.65625 0.6899999976158142 0.0
1.6235714309185714 1.71875 0.699999988079071 0.0
1.6235714309185714 1.78125 0.699999988079071 0.0
1.6235714309185714 1.84375 0.699999988079071 0.0
1.6235714309185714 1.90625 0.699999988079071 0.0
1.6235714309185714 1.96875 0.6899999976158142 0.0
1.6678571452928572 -0.46875 0.9100000262260437 0.0
1.6678571452928572 -0.40625 1.0099999904632568 0.0
1.6678571452928572 -0.34375 1.149999976158142 0.0
1.6678571452928572 -0.28125 1.0800000429153442 0.0
1.6678571452928572 -0.21875 1.024999976158142 0.0
1.6678571452928572 -0.15625 1.1200000047683716 0.0
1.6678571452928572 -0.09375 0.7250000238418579 0.0
1.6678571452928572 -0.03125 0.8849999904632568 0.0
1.6678571452928572 0.03125 0.949999988079071 0.0
1.6678571452928572 0.09375 0.8899999856948853 0.0
1.6678571452928572 0.15625 1.0399999618530273 0.0
1.6678571452928572 0.21875 0.9399999976158142 0.0
1.6678571452928572 0.28125 0.9399999976158142 0.0
1.6678571452928572 0.34375 1.0199999809265137 0.0
1.6678571452928572 0.40625 0.9149999618530273 0.0
1.6678571452928572 0.46875 0.9599999785423279 0.0
1.6678571452928572 0.53125 1.0 0.0
1.6678571452928572 0.59375 0.9599999785423279 0.0
1.6678571452928572 0.65625 0.9700000286102295 0.0
1.6678571452928572 0.71875 0.9800000190734863 0.0
1.6678571452928572 0.78125 0.9700000286102295 0.0
1.6678571452928572 0.84375 0.9200000166893005 0.0
1.6678571452928572 0.90625 0.9100000262260437 0.0
1.6678571452928572 0.96875 0.9100000262260437 0.0
1.6678571452928572 1.03125 0.8600000143051147 0.0
1.6678571452928572 1.09375 0.824999988079071 0.0
1.6678571452928572 1.15625 0.7799999713897705 0.0
1.6678571452928572 1.21875 0.7400000095367432 0.0
1.6678571452928572 1.28125 0.5400000214576721 0.006987655320935149
1.6678571452928572 1.34375 0.009999999776482582 0.33074790500887774
1.6678571452928572 1.40625 0.009999999776482582 0.5140805108506127
1.6678571452928572 1.46875 0.009999999776482582 0.49983067595792885
1.6678571452928572 1.53125 0.009999999776482582 0.23952797357270972
1.6678571452928572 1.59375 0.5799999833106995 0.0
1.6678571452928572 1.65625 0.699999988079071 0.0
1.6678571452928572 1.71875 0.7049999833106995 0.0
1.6678571452928572 1.78125 0.7099999785423279 0.0
1.6678571452928572 1.84375 0.7099999785423279 0.0
1.6678571452928572 1.90625 0.7099999785423279 0.0
1.6678571452928572 1.96875 0.7099999785423279 0.0
1.712142859667143 -0.46875 1.2100000381469727 0.0
1.712142859667143 -0.40625 0.8399999737739563 0.0
1.712142859667143 -0.34375 0.8600000143051147 0.0
1.712142859667143 -0.28125 0.7300000190734863 0.0
1.712142859667143 -0.21875 0.9100000262260437 0.0
1.712142859667143 -0.15625 0.9500000476837158 0.0
1.712142859667143 -0.09375 0.7300000190734863 0.0
1.712142859667143 -0.03125 1.0399999618530273 0.0
1.712142859667143 0.03125 0.699999988079071 0.0
1.712142859667143 0.09375 1.0299999713897705 0.0
1.712142859667143 0.15625 0.8100000023841858 0.0
1.712142859667143 0.21875 0.8899999856948853 0.0
1.712142859667143 0.28125 1.0149999856948853 0.0
1.712142859667143 0.34375 1.0 0.0
1.712142859667143 0.40625 1.1399999856948853 0.0
1.712142859667143 0.46875 1.0099999904632568 0.0
1.712142859667143 0.53125 1.0699999332427979 0.0
1.712142859667143 0.59375 0.9800000190734863 0.0
1.712142859667143 0.65625 1.0 0.0
1.712142859667143 0.71875 0.949999988079071 0.0
1.712142859667143 0.78125 0.9399999976158142 0.0
1.712142859667143 0.84375 0.9599999785423279 0.0
1.712142859667143 0.90625 0.8999999761581421 0.0
1.712142859667143 0.96875 0.8899999856948853 0.0
1.712142859667143 1.03125 0.8600000143051147 0.0
1.712142859667143 1.09375 0.8299999833106995 0.0
1.712142859667143 1.15625 0.8100000023841858 0.0
1.712142859667143 1.21875 0.625 0.0
1.712142859667143 1.28125 0.4699999988079071 0.0
1.712142859667143 1.34375 0.009999999776482582 0.2901235190336745
1.712142859667143 1.40625 0.009999999776482582 0.5082562893536152
1.712142859667143 1.46875 0.009999999776482582 0.5037402137835417
1.712142859667143 1.53125 0.009999999776482582 0.2505789456847143
1.712142859667143 1.59375 0.46000000834465027 0.0
1.712142859667143 1.65625 0.6800000071525574 0.0
1.712142859667143 1.71875 0.7099999785423279 0.0
1.712142859667143 1.78125 0.7099999785423279 0.0
1.712142859667143 1.84375 0.7099999785423279 0.0
1.712142859667143 1.90625 0.7400000095367432 0.0
1.712142859667143 1.96875 0.7300000190734863 0.0
1.7564285740414285 -0.46875 1.0099999904632568 0.0
1.7564285740414285 -0.34375 0.75 0.0
1.7564285740414285 -0.28125 0.9150000214576721 0.0
1.7564285740414285 -0.21875 1.3299999237060547 0.0
1.7564285740414285 -0.15625 0.6650000214576721 0.0
1.7564285740414285 -0.09375 0.8500000238418579 0.0
1.7564285740414285 -0.03125 0.7350000143051147 0.0
1.7564285740414285 0.03125 0.9950000047683716 0.0
1.7564285740414285 0.09375 1.0250000953674316 0.0
1.7564285740414285 0.15625 0.949999988079071 0.0
1.7564285740414285 0.21875 1.034999966621399 0.0
1.7564285740414285 0.28125 0.8999999761581421 0.0
1.7564285740414285 0.34375 0.8799999952316284 0.0
1.7564285740414285 0.40625 1.1349999904632568 0.0
1.7564285740414285 0.46875 1.0 0.0
1.7564285740414285 0.53125 1.0099999904632568 0.0
1.7564285740414285 0.59375 0.949999988079071 0.0
1.7564285740414285 0.65625 0.9599999785423279 0.0
1.7564285740414285 0.71875 1.0149999856948853 0.0
1.7564285740414285 0.78125 0.9100000262260437 0.0
1.7564285740414285 0.84375 0.9900000095367432 0.0
1.7564285740414285 0.90625 0.949999988079071 0.0
1.7564285740414285 0.96875 0.8700000047683716 0.0
1.7564285740414285 1.03125 0.8899999856948853 0.0
1.7564285740414285 1.09375 0.8450000286102295 0.0
1.7564285740414285 1.15625 0.7250000238418579 0.0
