desi_data/desi_elg_ts_zenodo/zphot-sv-coii-south-zenodo.ecsv
# %ECSV 0.9
# ---
# datatype:
# - {name: X, datatype: float64}
# - {name: Y, datatype: float64}
# - {name: Z, datatype: float64}
# - {name: ALPHA, datatype: float64}
# schema: astropy-2.0
X Y Z ALPHA
[from data line 2804]
21.02857142462857 1.9874999999999998 0.20999999344348907 0.13631918815060878
21.02857142462857 2.1624999999999996 0.23000000417232513 0.10302834672222178
21.02857142462857 2.3374999999999995 0.25999999046325684 0.014022595183835196
21.02857142462857 2.5124999999999993 0.2800000011920929 0.0
21.02857142462857 2.6875 0.009999999776482582 0.0
21.02857142462857 2.8625 0.009999999776482582 0.0
21.02857142462857 3.0374999999999996 0.009999999776482582 0.0
21.02857142462857 3.2124999999999995 0.009999999776482582 0.0
21.02857142462857 3.3874999999999993 0.009999999776482582 0.0
21.02857142462857 3.5625 0.009999999776482582 0.0
21.02857142462857 3.7375 0.009999999776482582 0.0
21.02857142462857 3.9124999999999996 0.009999999776482582 0.0
21.085714281885714 -1.5125000000000002 1.8550000190734863 0.0
21.085714281885714 -1.3375000000000001 0.029999999329447746 0.0
21.085714281885714 -1.1625 0.2800000011920929 0.0
21.085714281885714 -0.9875000000000003 0.07999999821186066 0.0
21.085714281885714 -0.8125 1.1649999618530273 0.0
21.085714281885714 -0.6375000000000002 0.10999999940395355 0.0
21.085714281885714 -0.46250000000000036 0.13499999046325684 0.0
21.085714281885714 -0.2875000000000001 0.08500000089406967 0.0
21.085714281885714 -0.11250000000000027 0.7699999809265137 0.0
21.085714281885714 0.0625 1.2899999618530273 0.0
21.085714281885714 0.23749999999999982 0.09000000357627869 0.0
21.085714281885714 0.41249999999999964 0.03999999910593033 0.0
21.085714281885714 0.5874999999999999 0.10000000149011612 0.0007979770089382443
21.085714281885714 0.7624999999999997 0.11999999731779099 0.07195439334779957
21.085714281885714 0.9374999999999996 0.14000000059604645 0.11138119347364817
21.085714281885714 1.1124999999999998 0.1599999964237213 0.08872994663313616
21.085714281885714 1.2874999999999996 0.18000000715255737 0.09189014936664569
21.085714281885714 1.4624999999999995 0.1899999976158142 0.09676508808390066
21.085714281885714 1.6374999999999993 0.1899999976158142 0.11764063613543396
21.085714281885714 1.8125 0.20000000298023224 0.13337726689902762
21.085714281885714 1.9874999999999998 0.20999999344348907 0.14805012374979148
21.085714281885714 2.1624999999999996 0.23000000417232513 0.12021279753785308
21.085714281885714 2.3374999999999995 0.25999999046325684 0.022514590412319124
21.085714281885714 2.5124999999999993 0.2800000011920929 0.0
21.085714281885714 2.6875 0.009999999776482582 0.0
21.085714281885714 2.8625 0.009999999776482582 0.0
21.085714281885714 3.0374999999999996 0.009999999776482582 0.0
21.085714281885714 3.2124999999999995 0.009999999776482582 0.0
21.085714281885714 3.3874999999999993 0.009999999776482582 0.0
21.085714281885714 3.5625 0.009999999776482582 0.0
21.085714281885714 3.7375 0.009999999776482582 0.0
21.085714281885714 3.9124999999999996 0.009999999776482582 0.0
21.14285713914286 -2.9125 0.8199999928474426 0.0
21.14285713914286 -1.8625 0.09000000357627869 0.0
21.14285713914286 -1.5125000000000002 1.2300000190734863 0.0
21.14285713914286 -1.3375000000000001 0.7849999666213989 0.0
21.14285713914286 -1.1625 0.20999999344348907 0.0
21.14285713914286 -0.9875000000000003 0.05000000074505806 0.0
21.14285713914286 -0.8125 0.02499999850988388 0.0
21.14285713914286 -0.6375000000000002 0.009999999776482582 0.0
21.14285713914286 -0.46250000000000036 0.0949999988079071 0.0
21.14285713914286 -0.2875000000000001 1.2699999809265137 0.0
21.14285713914286 -0.11250000000000027 0.9800000190734863 0.0
21.14285713914286 0.0625 1.3799999952316284 0.0
21.14285713914286 0.23749999999999982 0.7799999713897705 0.0
21.14285713914286 0.41249999999999964 0.054999999701976776 0.0
21.14285713914286 0.5874999999999999 0.09000000357627869 0.03216716801001246
21.14285713914286 0.7624999999999997 0.11999999731779099 0.10703603461985173
21.14285713914286 0.9374999999999996 0.14000000059604645 0.12622619160583376
21.14285713914286 1.1124999999999998 0.1599999964237213 0.10260214984163296
21.14285713914286 1.2874999999999996 0.18000000715255737 0.10045852689601625
21.14285713914286 1.4624999999999995 0.1899999976158142 0.10807851017438469
21.14285713914286 1.6374999999999993 0.20000000298023224 0.1302071778835181
21.14285713914286 1.8125 0.20999999344348907 0.13777533604446834
21.14285713914286 1.9874999999999998 0.20999999344348907 0.15503076160855028
21.14285713914286 2.1624999999999996 0.23999999463558197 0.13976172798381953
21.14285713914286 2.3374999999999995 0.27000001072883606 0.06138430659108779
21.14285713914286 2.5124999999999993 0.28999999165534973 0.0
21.14285713914286 2.6875 0.03999999910593033 0.0
21.14285713914286 2.8625 0.009999999776482582 0.0
21.14285713914286 3.0374999999999996 0.009999999776482582 0.0
21.14285713914286 3.2124999999999995 0.009999999776482582 0.0
21.14285713914286 3.3874999999999993 0.009999999776482582 0.0
21.14285713914286 3.5625 0.009999999776482582 0.0
21.14285713914286 3.7375 0.009999999776482582 0.0
21.14285713914286 3.9124999999999996 0.009999999776482582 0.0
21.1999999964 -2.7375 1.2699999809265137 0.0
21.1999999964 -2.5625 0.8899999856948853 0.0
21.1999999964 -2.3875 0.33000001311302185 0.0
21.1999999964 -2.2125 0.2900000214576721 0.0
21.1999999964 -2.0375 0.10999999940395355 0.0
21.1999999964 -1.5125000000000002 0.10999999940395355 0.0
21.1999999964 -1.3375000000000001 0.25 0.0
21.1999999964 -1.1625 0.05000000074505806 0.0
21.1999999964 -0.9875000000000003 0.14000000059604645 0.0
21.1999999964 -0.8125 1.024999976158142 0.0
21.1999999964 -0.6375000000000002 0.07000000029802322 0.0
21.1999999964 -0.46250000000000036 0.1850000023841858 0.0
21.1999999964 -0.2875000000000001 0.03999999910593033 0.0
21.1999999964 -0.11250000000000027 1.2699999809265137 0.0
21.1999999964 0.0625 1.4800000190734863 0.0
21.1999999964 0.23749999999999982 1.2799999713897705 0.0
21.1999999964 0.41249999999999964 0.05000000074505806 0.0
21.1999999964 0.5874999999999999 0.09000000357627869 0.026487838675163078
21.1999999964 0.7624999999999997 0.11999999731779099 0.10640813854587011
21.1999999964 0.9374999999999996 0.14000000059604645 0.1315181182054872
21.1999999964 1.1124999999999998 0.1599999964237213 0.12850996979189683
21.1999999964 1.2874999999999996 0.1899999976158142 0.11056021994015974
21.1999999964 1.4624999999999995 0.20000000298023224 0.12526748258297288
21.1999999964 1.6374999999999993 0.20000000298023224 0.13540411203471353
21.1999999964 1.8125 0.20999999344348907 0.14083760421088243
21.1999999964 1.9874999999999998 0.2199999988079071 0.17256642296181235
21.1999999964 2.1624999999999996 0.23999999463558197 0.15028788761411999
21.1999999964 2.3374999999999995 0.27000001072883606 0.08759006348568688
21.1999999964 2.5124999999999993 0.28999999165534973 0.0
21.1999999964 2.6875 0.029999999329447746 0.0
21.1999999964 2.8625 0.009999999776482582 0.0
21.1999999964 3.0374999999999996 0.009999999776482582 0.0
21.1999999964 3.2124999999999995 0.009999999776482582 0.0
21.1999999964 3.3874999999999993 0.009999999776482582 0.0
21.1999999964 3.5625 0.009999999776482582 0.0
21.1999999964 3.7375 0.009999999776482582 0.0
21.1999999964 3.9124999999999996 0.009999999776482582 0.0
21.257142853657143 -2.3875 0.009999999776482582 0.0
21.257142853657143 -2.2125 2.3499999046325684 0.0
21.257142853657143 -1.8625 1.4900000095367432 0.0
21.257142853657143 -1.5125000000000002 0.030000001192092896 0.0
21.257142853657143 -1.3375000000000001 0.05000000074505806 0.0
21.257142853657143 -1.1625 1.3700000047683716 0.0
21.257142853657143 -0.9875000000000003 0.10000000149011612 0.0
21.257142853657143 -0.8125 0.14000000059604645 0.0
21.257142853657143 -0.6375000000000002 0.05000000074505806 0.0
21.257142853657143 -0.46250000000000036 0.009999999776482582 0.0
21.257142853657143 -0.2875000000000001 0.3499999940395355 0.0
21.257142853657143 -0.11250000000000027 0.25 0.0
21.257142853657143 0.0625 1.309999942779541 0.0
21.257142853657143 0.23749999999999982 0.875 0.0
21.257142853657143 0.41249999999999964 0.03999999910593033 0.0
21.257142853657143 0.5874999999999999 0.09000000357627869 0.046163089213889286
21.257142853657143 0.7624999999999997 0.11999999731779099 0.1283205696569486
21.257142853657143 0.9374999999999996 0.14000000059604645 0.14631293655714062
21.257142853657143 1.1124999999999998 0.17000000178813934 0.14666148758053432
21.257142853657143 1.2874999999999996 0.1899999976158142 0.13207753605276062
21.257142853657143 1.4624999999999995 0.20000000298023224 0.13577060535538488
21.257142853657143 1.6374999999999993 0.20999999344348907 0.14822308054185168
21.257142853657143 1.8125 0.20999999344348907 0.16081728857860056
21.257142853657143 1.9874999999999998 0.2199999988079071 0.1857581647037757
21.257142853657143 2.1624999999999996 0.23999999463558197 0.16163148991102644
21.257142853657143 2.3374999999999995 0.27000001072883606 0.10153298352140322
21.257142853657143 2.5124999999999993 0.28999999165534973 0.0
21.257142853657143 2.6875 0.10999999940395355 0.0
21.257142853657143 2.8625 0.009999999776482582 0.0
21.257142853657143 3.0374999999999996 0.009999999776482582 0.0
21.257142853657143 3.2124999999999995 0.009999999776482582 0.0
21.257142853657143 3.3874999999999993 0.009999999776482582 0.0
21.257142853657143 3.5625 0.009999999776482582 0.0
21.257142853657143 3.7375 0.009999999776482582 0.0
21.257142853657143 3.9124999999999996 0.009999999776482582 0.0
21.314285710914284 -2.7375 1.1100000143051147 0.0
21.314285710914284 -1.8625 0.009999999776482582 0.0
21.314285710914284 -1.6875 0.25999999046325684 0.0
21.314285710914284 -1.5125000000000002 0.33500000834465027 0.0
21.314285710914284 -1.3375000000000001 1.25 0.0
21.314285710914284 -1.1625 0.009999999776482582 0.0
21.314285710914284 -0.9875000000000003 0.07999999821186066 0.0
21.314285710914284 -0.8125 0.019999999552965164 0.0
21.314285710914284 -0.6375000000000002 0.07999999821186066 0.0
21.314285710914284 -0.46250000000000036 0.6700000166893005 0.0
21.314285710914284 -0.2875000000000001 0.20999999344348907 0.0
21.314285710914284 -0.11250000000000027 1.3949999809265137 0.0
21.314285710914284 0.0625 1.5199999809265137 0.0
21.314285710914284 0.23749999999999982 1.2300000190734863 0.0
21.314285710914284 0.41249999999999964 0.03999999910593033 0.0065171350033966235
21.314285710914284 0.5874999999999999 0.10000000149011612 0.07244512178478835
21.314285710914284 0.7624999999999997 0.11999999731779099 0.15165359803383477
21.314285710914284 0.9374999999999996 0.14000000059604645 0.17578802359918638
21.314285710914284 1.1124999999999998 0.1599999964237213 0.16389514508876607
21.314285710914284 1.2874999999999996 0.1899999976158142 0.14891353340004448
21.314285710914284 1.4624999999999995 0.20000000298023224 0.15868596597025852
21.314285710914284 1.6374999999999993 0.2199999988079071 0.15736390866914512
21.314285710914284 1.8125 0.2199999988079071 0.17745664490837582
21.314285710914284 1.9874999999999998 0.23000000417232513 0.18922105123462823
21.314285710914284 2.1624999999999996 0.25 0.17471945857000004
21.314285710914284 2.3374999999999995 0.27000001072883606 0.12964291448861254
21.314285710914284 2.5124999999999993 0.30000001192092896 0.0
21.314285710914284 2.6875 0.25 0.0
21.314285710914284 2.8625 0.009999999776482582 0.0
21.314285710914284 3.0374999999999996 0.009999999776482582 0.0
21.314285710914284 3.2124999999999995 0.009999999776482582 0.0
21.314285710914284 3.3874999999999993 0.009999999776482582 0.0
21.314285710914284 3.5625 0.009999999776482582 0.0
21.314285710914284 3.7375 0.009999999776482582 0.0
21.314285710914284 3.9124999999999996 0.009999999776482582 0.0
21.371428568171428 -2.7375 1.159999966621399 0.0
21.371428568171428 -2.5625 1.2599999904632568 0.0
21.371428568171428 -2.0375 0.9399999976158142 0.0
21.371428568171428 -1.5125000000000002 2.680000066757202 0.0
21.371428568171428 -1.3375000000000001 0.4749999940395355 0.0
21.371428568171428 -1.1625 0.07999999821186066 0.0
21.371428568171428 -0.9875000000000003 0.03999999910593033 0.0
21.371428568171428 -0.8125 0.03999999910593033 0.0
21.371428568171428 -0.6375000000000002 0.07500000298023224 0.0
21.371428568171428 -0.46250000000000036 0.09000000357627869 0.0
21.371428568171428 -0.2875000000000001 1.024999976158142 0.0
21.371428568171428 -0.11250000000000027 0.7200000286102295 0.0
21.371428568171428 0.0625 1.434999942779541 0.0
21.371428568171428 0.23749999999999982 1.0399999618530273 0.0
21.371428568171428 0.41249999999999964 0.05000000074505806 0.02859754393983649
21.371428568171428 0.5874999999999999 0.09000000357627869 0.07609065633079448
21.371428568171428 0.7624999999999997 0.11999999731779099 0.16819523096972483
21.371428568171428 0.9374999999999996 0.14000000059604645 0.1854670825677603
21.371428568171428 1.1124999999999998 0.17000000178813934 0.1838591185387417
21.371428568171428 1.2874999999999996 0.20000000298023224 0.166929984908258
21.371428568171428 1.4624999999999995 0.20999999344348907 0.16163148991102644
21.371428568171428 1.6374999999999993 0.2199999988079071 0.16992299390068105
21.371428568171428 1.8125 0.23000000417232513 0.19206519459113558
21.371428568171428 1.9874999999999998 0.23000000417232513 0.19584663520317763
21.371428568171428 2.1624999999999996 0.25 0.18864772485285636
21.371428568171428 2.3374999999999995 0.2800000011920929 0.14155190498969128
21.371428568171428 2.5124999999999993 0.28999999165534973 0.0065171350033966235
21.371428568171428 2.6875 0.30000001192092896 0.0
21.371428568171428 2.8625 0.009999999776482582 0.0
21.371428568171428 3.0374999999999996 0.009999999776482582 0.0
21.371428568171428 3.2124999999999995 0.009999999776482582 0.0
21.371428568171428 3.3874999999999993 0.009999999776482582 0.0
21.371428568171428 3.5625 0.009999999776482582 0.0
21.371428568171428 3.7375 0.009999999776482582 0.0
21.371428568171428 3.9124999999999996 0.009999999776482582 0.0
21.428571425428572 -2.5625 1.149999976158142 0.0
21.428571425428572 -2.3875 0.3700000047683716 0.0
21.428571425428572 -1.5125000000000002 0.03999999910593033 0.0
21.428571425428572 -1.3375000000000001 0.550000011920929 0.0
21.428571425428572 -1.1625 0.02499999850988388 0.0
21.428571425428572 -0.9875000000000003 0.014999999664723873 0.0
21.428571425428572 -0.8125 0.07999999821186066 0.0
21.428571425428572 -0.6375000000000002 0.02499999850988388 0.0
21.428571425428572 -0.46250000000000036 0.009999999776482582 0.0
21.428571425428572 -0.2875000000000001 0.10999999940395355 0.0
21.428571425428572 -0.11250000000000027 0.8700000047683716 0.0
21.428571425428572 0.0625 1.6649999618530273 0.0
21.428571425428572 0.23749999999999982 0.9800000190734863 0.0
21.428571425428572 0.41249999999999964 0.05000000074505806 0.01046537542641357
21.428571425428572 0.5874999999999999 0.09000000357627869 0.08109372136807769
21.428571425428572 0.7624999999999997 0.11999999731779099 0.18253459720502807
21.428571425428572 0.9374999999999996 0.15000000596046448 0.20361976826552047
21.428571425428572 1.1124999999999998 0.17000000178813934 0.19347341769094678
21.428571425428572 1.2874999999999996 0.20000000298023224 0.19695453169295757
21.428571425428572 1.4624999999999995 0.2199999988079071 0.18253459720502807
21.428571425428572 1.6374999999999993 0.2199999988079071 0.1900782125092843
21.428571425428572 1.8125 0.23000000417232513 0.18209128863128887
21.428571425428572 1.9874999999999998 0.23999999463558197 0.20146577921170844
21.428571425428572 2.1624999999999996 0.25999999046325684 0.19819419580736752
21.428571425428572 2.3374999999999995 0.2800000011920929 0.15802594345314397
21.428571425428572 2.5124999999999993 0.30000001192092896 0.014343107774794694
21.428571425428572 2.6875 0.3100000023841858 0.0
21.428571425428572 2.8625 0.009999999776482582 0.0
21.428571425428572 3.0374999999999996 0.009999999776482582 0.0
21.428571425428572 3.2124999999999995 0.009999999776482582 0.0
21.428571425428572 3.3874999999999993 0.009999999776482582 0.0
21.428571425428572 3.5625 0.009999999776482582 0.0
21.428571425428572 3.7375 0.009999999776482582 0.0
21.428571425428572 3.9124999999999996 0.009999999776482582 0.0
