desi_data/desi_elg_ts_zenodo/zphot-main-grz-south-zenodo.ecsv
# %ECSV 0.9
# ---
# datatype:
# - {name: X, datatype: float64}
# - {name: Y, datatype: float64}
# - {name: Z, datatype: float64}
# - {name: ALPHA, datatype: float64}
# schema: astropy-2.0
X Y Z ALPHA
[from data line 329]
-0.6128571449828573 1.1875 0.5049999952316284 0.0
-0.6128571449828573 1.4375 0.47999998927116394 0.0
-0.6128571449828573 1.5625 0.36000001430511475 0.0
-0.6128571449828573 1.875 1.350000023841858 0.0
-0.5685714306085715 -0.5 0.7699999809265137 0.0
-0.5685714306085715 -0.4375 0.5049999952316284 0.0
-0.5685714306085715 -0.375 0.10500000417232513 0.0
-0.5685714306085715 -0.3125 0.20000000298023224 0.0
-0.5685714306085715 -0.25 0.4399999976158142 0.0
-0.5685714306085715 -0.1875 0.8149999976158142 0.0
-0.5685714306085715 -0.125 0.6899999976158142 0.0
-0.5685714306085715 -0.0625 1.0199999809265137 0.0
-0.5685714306085715 0.0 1.149999976158142 0.0009673462128785282
-0.5685714306085715 0.0625 1.2100000381469727 0.007834234330657608
-0.5685714306085715 0.125 1.2100000381469727 0.007834234330657608
-0.5685714306085715 0.1875 0.6600000262260437 0.022534019580141673
-0.5685714306085715 0.25 0.5699999928474426 0.0
-0.5685714306085715 0.3125 0.4399999976158142 0.0
-0.5685714306085715 0.375 0.36000001430511475 0.0
-0.5685714306085715 0.4375 0.3199999928474426 0.0
-0.5685714306085715 0.5 0.30000001192092896 0.0
-0.5685714306085715 0.5625 0.30000001192092896 0.0
-0.5685714306085715 0.625 0.24500000476837158 0.0
-0.5685714306085715 0.6875 0.25 0.0
-0.5685714306085715 0.75 0.3199999928474426 0.0
-0.5685714306085715 0.8125 0.33000001311302185 0.0
-0.5685714306085715 0.875 0.3400000035762787 0.0
-0.5685714306085715 0.9375 0.33000001311302185 0.0
-0.5685714306085715 1.0 0.4300000071525574 0.0
-0.5685714306085715 1.0625 0.3400000035762787 0.0
-0.5685714306085715 1.125 0.7099999785423279 0.0
-0.5685714306085715 1.1875 0.42000001668930054 0.0
-0.5685714306085715 1.25 0.6299999952316284 0.0
-0.5242857162342858 -0.5 0.6850000023841858 0.0
-0.5242857162342858 -0.4375 0.6850000023841858 0.0
-0.5242857162342858 -0.375 0.12999999523162842 0.0
-0.5242857162342858 -0.3125 0.125 0.0
-0.5242857162342858 -0.25 0.25 0.0
-0.5242857162342858 -0.1875 0.36000001430511475 0.0
-0.5242857162342858 -0.125 0.7799999713897705 0.0
-0.5242857162342858 -0.0625 1.284999966621399 0.0
-0.5242857162342858 0.0 1.2300000190734863 0.037041337871088986
-0.5242857162342858 0.0625 1.2699999809265137 0.047846912377427664
-0.5242857162342858 0.125 1.059999942779541 0.08041489695416992
-0.5242857162342858 0.1875 0.6549999713897705 0.05947647269897982
-0.5242857162342858 0.25 0.6399999856948853 0.04430446446938724
-0.5242857162342858 0.3125 0.5600000023841858 0.0035679430557823966
-0.5242857162342858 0.375 0.3400000035762787 0.0
-0.5242857162342858 0.4375 0.27000001072883606 0.0
-0.5242857162342858 0.5 0.25999999046325684 0.0
-0.5242857162342858 0.5625 0.25 0.0
-0.5242857162342858 0.625 0.3199999928474426 0.0
-0.5242857162342858 0.6875 0.2850000262260437 0.0
-0.5242857162342858 0.75 0.3400000035762787 0.0
-0.5242857162342858 0.8125 0.35500001907348633 0.0
-0.5242857162342858 0.875 0.28999999165534973 0.0
-0.5242857162342858 0.9375 0.4099999964237213 0.0
-0.5242857162342858 1.0 0.4599999785423279 0.0
-0.5242857162342858 1.0625 0.44999998807907104 0.0
-0.5242857162342858 1.125 0.6000000238418579 0.0
-0.5242857162342858 1.1875 3.109999895095825 0.0
-0.5242857162342858 1.3125 0.4099999964237213 0.0
-0.5242857162342858 1.375 0.39000001549720764 0.0
-0.5242857162342858 1.5625 0.5099999904632568 0.0
-0.5242857162342858 1.625 0.5 0.0
-0.48000000186000014 -0.5 1.0099999904632568 0.0
-0.48000000186000014 -0.4375 0.4699999988079071 0.0
-0.48000000186000014 -0.375 0.7200000286102295 0.0
-0.48000000186000014 -0.3125 0.33500000834465027 0.0
-0.48000000186000014 -0.25 0.5 0.0
-0.48000000186000014 -0.1875 0.5750000476837158 0.0
-0.48000000186000014 -0.125 1.0199999809265137 0.0
-0.48000000186000014 -0.0625 1.1299999952316284 0.02876089042715546
-0.48000000186000014 0.0 1.2000000476837158 0.0673260228038377
-0.48000000186000014 0.0625 1.1150000095367432 0.08341836448953832
-0.48000000186000014 0.125 1.0199999809265137 0.11909631875737248
-0.48000000186000014 0.1875 0.8399999737739563 0.07428038614460031
-0.48000000186000014 0.25 0.7599999904632568 0.07114689395077539
-0.48000000186000014 0.3125 0.4000000059604645 0.037778680654091845
-0.48000000186000014 0.375 0.29500001668930054 0.01530849098054382
-0.48000000186000014 0.4375 0.30000001192092896 0.0
-0.48000000186000014 0.5 0.25999999046325684 0.0
-0.48000000186000014 0.5625 0.25 0.0
-0.48000000186000014 0.625 0.26499998569488525 0.0
-0.48000000186000014 0.6875 0.25999999046325684 0.0
-0.48000000186000014 0.75 0.3199999928474426 0.0
-0.48000000186000014 0.8125 0.4099999964237213 0.0
-0.48000000186000014 0.875 0.3400000035762787 0.0
-0.48000000186000014 0.9375 0.46000000834465027 0.0
-0.48000000186000014 1.0 0.3499999940395355 0.0
-0.48000000186000014 1.0625 0.375 0.0
-0.48000000186000014 1.125 0.550000011920929 0.0
-0.48000000186000014 1.3125 0.46000000834465027 0.0
-0.48000000186000014 1.75 3.7899999618530273 0.0
-0.48000000186000014 1.875 0.3700000047683716 0.0
-0.48000000186000014 1.9375 0.4699999988079071 0.0
-0.4357142874857144 -0.5 0.12000000476837158 0.0
-0.4357142874857144 -0.4375 0.33000001311302185 0.0
-0.4357142874857144 -0.375 0.5899999737739563 0.0
-0.4357142874857144 -0.3125 0.28999999165534973 0.0
-0.4357142874857144 -0.25 0.36000001430511475 0.0
-0.4357142874857144 -0.1875 0.38999998569488525 0.0
-0.4357142874857144 -0.125 1.0950000286102295 0.0018376770010291588
-0.4357142874857144 -0.0625 1.4900000095367432 0.05947647269897982
-0.4357142874857144 0.0 1.25 0.09161357258362302
-0.4357142874857144 0.0625 1.2999999523162842 0.1313955990935623
-0.4357142874857144 0.125 1.2799999713897705 0.1416711490252569
-0.4357142874857144 0.1875 0.7599999904632568 0.13187337099356655
-0.4357142874857144 0.25 0.6050000190734863 0.10925960102487808
-0.4357142874857144 0.3125 0.46000000834465027 0.08282098518306658
-0.4357142874857144 0.375 0.25999999046325684 0.055442661824963324
-0.4357142874857144 0.4375 0.27000001072883606 0.009517554705636255
-0.4357142874857144 0.5 0.25 0.0
-0.4357142874857144 0.5625 0.2549999952316284 0.0
-0.4357142874857144 0.625 0.3199999928474426 0.0
-0.4357142874857144 0.6875 0.28999999165534973 0.0
-0.4357142874857144 0.75 0.3400000035762787 0.0
-0.4357142874857144 0.8125 0.36000001430511475 0.0
-0.4357142874857144 0.875 0.5 0.0
-0.4357142874857144 0.9375 0.5099999904632568 0.0
-0.4357142874857144 1.0 0.46000000834465027 0.0
-0.4357142874857144 1.0625 0.2800000011920929 0.0
-0.4357142874857144 1.125 0.47999998927116394 0.0
-0.4357142874857144 1.1875 0.3499999940395355 0.0
-0.4357142874857144 1.4375 0.38999998569488525 0.0
-0.39142857311142865 -0.5 1.184999942779541 0.0
-0.39142857311142865 -0.4375 0.6100000143051147 0.0
-0.39142857311142865 -0.375 0.5099999904632568 0.0
-0.39142857311142865 -0.3125 0.8500000238418579 0.0
-0.39142857311142865 -0.25 0.8299999833106995 0.0
-0.39142857311142865 -0.1875 0.8149999976158142 0.0
-0.39142857311142865 -0.125 0.6899999976158142 0.043588986916162864
-0.39142857311142865 -0.0625 1.1649999618530273 0.099510706175239
-0.39142857311142865 0.0 1.309999942779541 0.14529035348721658
-0.39142857311142865 0.0625 1.2799999713897705 0.1792758882591461
-0.39142857311142865 0.125 1.0449999570846558 0.18829367848608242
-0.39142857311142865 0.1875 0.8399999737739563 0.19012615552928513
-0.39142857311142865 0.25 0.5299999713897705 0.15191794547670529
-0.39142857311142865 0.3125 0.3700000047683716 0.14796571267926717
-0.39142857311142865 0.375 0.33000001311302185 0.09103834776790676
-0.39142857311142865 0.4375 0.25 0.07114689395077539
-0.39142857311142865 0.5 0.25999999046325684 0.02799222682469088
-0.39142857311142865 0.5625 0.25 0.0
-0.39142857311142865 0.625 0.3100000023841858 0.0
-0.39142857311142865 0.6875 0.30000001192092896 0.0
-0.39142857311142865 0.75 0.36000001430511475 0.0
-0.39142857311142865 0.8125 0.33000001311302185 0.0
-0.39142857311142865 0.875 0.39499998092651367 0.0
-0.39142857311142865 0.9375 0.3799999952316284 0.0
-0.39142857311142865 1.0 0.46000000834465027 0.0
-0.39142857311142865 1.0625 0.5149999856948853 0.0
-0.39142857311142865 1.125 0.4099999964237213 0.0
-0.39142857311142865 1.1875 0.3449999988079071 0.0
-0.39142857311142865 1.25 0.3100000023841858 0.0
-0.39142857311142865 1.375 0.3199999928474426 0.0
-0.39142857311142865 1.4375 0.2199999988079071 0.0
-0.39142857311142865 1.5625 0.30000001192092896 0.0
-0.3471428587371429 -0.5 0.46000000834465027 0.0
-0.3471428587371429 -0.4375 0.5400000214576721 0.0
-0.3471428587371429 -0.375 0.9200000166893005 0.0
-0.3471428587371429 -0.3125 0.3700000047683716 0.0
-0.3471428587371429 -0.25 0.7799999713897705 0.0
-0.3471428587371429 -0.1875 0.8899999856948853 0.0
-0.3471428587371429 -0.125 0.9750000238418579 0.09046159512884083
-0.3471428587371429 -0.0625 1.1349999904632568 0.12161253742126571
-0.3471428587371429 0.0 1.350000023841858 0.18080510050125603
-0.3471428587371429 0.0625 1.2999999523162842 0.21944122862140292
-0.3471428587371429 0.125 1.2300000190734863 0.21816200700758248
-0.3471428587371429 0.1875 0.699999988079071 0.22197728361882324
-0.3471428587371429 0.25 0.5799999833106995 0.208990021065195
-0.3471428587371429 0.3125 0.4300000071525574 0.19446201820263914
-0.3471428587371429 0.375 0.3100000023841858 0.15537165233167832
-0.3471428587371429 0.4375 0.27000001072883606 0.11449231786396058
-0.3471428587371429 0.5 0.25 0.08341836448953832
-0.3471428587371429 0.5625 0.27000001072883606 0.01774381266621433
-0.3471428587371429 0.625 0.3100000023841858 0.0
-0.3471428587371429 0.6875 0.3199999928474426 0.0
-0.3471428587371429 0.75 0.38499999046325684 0.0
-0.3471428587371429 0.8125 0.3400000035762787 0.0
-0.3471428587371429 0.875 0.33000001311302185 0.0
-0.3471428587371429 0.9375 0.3499999940395355 0.0
-0.3471428587371429 1.0 0.3400000035762787 0.0
-0.3471428587371429 1.0625 0.48499998450279236 0.0
-0.3471428587371429 1.125 0.6299999952316284 0.0
-0.3471428587371429 1.1875 0.7699999809265137 0.0
-0.3471428587371429 1.25 0.6100000143051147 0.0
-0.3471428587371429 1.3125 0.6100000143051147 0.0
-0.3471428587371429 1.375 0.33000001311302185 0.0
-0.30285714436285716 -0.5 0.6599999666213989 0.0
-0.30285714436285716 -0.4375 1.4700000286102295 0.0
-0.30285714436285716 -0.375 0.7649999856948853 0.0
-0.30285714436285716 -0.3125 1.0399999618530273 0.0
-0.30285714436285716 -0.25 0.9700000286102295 0.0
-0.30285714436285716 -0.1875 0.9300000071525574 0.0
-0.30285714436285716 -0.125 1.2549999952316284 0.0822219579315932
-0.30285714436285716 -0.0625 1.2350000143051147 0.1514823440448691
-0.30285714436285716 0.0 1.4199999570846558 0.22757737956346002
-0.30285714436285716 0.0625 1.3600000143051147 0.26526567056396644
-0.30285714436285716 0.125 1.2350000143051147 0.26500731569595115
-0.30285714436285716 0.1875 0.7699999809265137 0.2831030614321598
-0.30285714436285716 0.25 0.5400000214576721 0.26423040166164036
-0.30285714436285716 0.3125 0.3499999940395355 0.23123211785645165
-0.30285714436285716 0.375 0.25999999046325684 0.21944122862140292
-0.30285714436285716 0.4375 0.25999999046325684 0.18118572678793438
-0.30285714436285716 0.5 0.25999999046325684 0.13752611294806638
-0.30285714436285716 0.5625 0.2800000011920929 0.08041489695416992
-0.30285714436285716 0.625 0.28999999165534973 0.006987655320935149
-0.30285714436285716 0.6875 0.33000001311302185 0.0
-0.30285714436285716 0.75 0.36000001430511475 0.0
-0.30285714436285716 0.8125 0.3400000035762787 0.0
-0.30285714436285716 0.875 0.3499999940395355 0.0
-0.30285714436285716 0.9375 0.4000000059604645 0.0
-0.30285714436285716 1.0 0.36000001430511475 0.0
-0.30285714436285716 1.0625 0.38499999046325684 0.0
-0.30285714436285716 1.125 0.41999998688697815 0.0
-0.30285714436285716 1.1875 0.4749999940395355 0.0
-0.30285714436285716 1.25 0.4350000023841858 0.0
-0.30285714436285716 1.3125 0.3799999952316284 0.0
-0.30285714436285716 1.375 0.3499999940395355 0.0
-0.30285714436285716 1.4375 0.7799999713897705 0.0
-0.30285714436285716 1.5625 0.4699999988079071 0.0
-0.2585714299885715 -0.5 1.024999976158142 0.0
-0.2585714299885715 -0.4375 1.3300000429153442 0.0
-0.2585714299885715 -0.375 1.0750000476837158 0.0
-0.2585714299885715 -0.3125 0.9399999976158142 0.0
-0.2585714299885715 -0.25 0.9200000166893005 0.0
-0.2585714299885715 -0.1875 1.0549999475479126 0.020152124682109696
-0.2585714299885715 -0.125 1.190000057220459 0.09616132500088781
-0.2585714299885715 -0.0625 1.3799999952316284 0.18939501934714165
-0.2585714299885715 0.0 1.340000033378601 0.257645687285598
-0.2585714299885715 0.0625 1.3600000143051147 0.29980613013561597
-0.2585714299885715 0.125 1.340000033378601 0.3245488116755751
-0.2585714299885715 0.1875 0.8799999952316284 0.3364031006876954
-0.2585714299885715 0.25 0.5 0.3183698133467787
-0.2585714299885715 0.3125 0.3199999928474426 0.28827347810126924
-0.2585714299885715 0.375 0.23999999463558197 0.27780652468344774
-0.2585714299885715 0.4375 0.25 0.23363487809452926
-0.2585714299885715 0.5 0.27000001072883606 0.2039123016058767
-0.2585714299885715 0.5625 0.27000001072883606 0.1416711490252569
-0.2585714299885715 0.625 0.33000001311302185 0.08162127361783927
-0.2585714299885715 0.6875 0.33000001311302185 0.0
-0.2585714299885715 0.75 0.3499999940395355 0.0
-0.2585714299885715 0.8125 0.36000001430511475 0.0
-0.2585714299885715 0.875 0.36000001430511475 0.0
-0.2585714299885715 0.9375 0.36000001430511475 0.0
-0.2585714299885715 1.0 0.44999998807907104 0.0
-0.2585714299885715 1.0625 0.4099999964237213 0.0
-0.2585714299885715 1.125 0.5900000333786011 0.0
-0.2585714299885715 1.1875 0.4000000059604645 0.0
-0.2585714299885715 1.25 0.4699999988079071 0.0
-0.2585714299885715 1.3125 0.3499999940395355 0.0
-0.2585714299885715 1.375 1.5450000762939453 0.0
-0.2585714299885715 1.5 0.4749999940395355 0.0
-0.21428571561428578 -0.5 0.7699999809265137 0.0
-0.21428571561428578 -0.4375 0.9700000286102295 0.0
-0.21428571561428578 -0.375 0.9650000333786011 0.0
-0.21428571561428578 -0.3125 1.1399999856948853 0.0
-0.21428571561428578 -0.25 1.2699999809265137 0.0
-0.21428571561428578 -0.1875 1.4700000286102295 0.031050689229531858
-0.21428571561428578 -0.125 1.4249999523162842 0.12947392955268217
-0.21428571561428578 -0.0625 1.3550000190734863 0.2241722924702914
-0.21428571561428578 0.0 1.4450000524520874 0.30416666302496465
-0.21428571561428578 0.0625 1.3949999809265137 0.3481730265792137
-0.21428571561428578 0.125 1.215000033378601 0.38204891871263513
-0.21428571561428578 0.1875 0.7400000095367432 0.37515477646981854
-0.21428571561428578 0.25 0.5 0.3721768896147566
-0.21428571561428578 0.3125 0.33000001311302185 0.3483492109628762
-0.21428571561428578 0.375 0.27000001072883606 0.3294068944067202
-0.21428571561428578 0.4375 0.25 0.29980613013561597
-0.21428571561428578 0.5 0.2800000011920929 0.26500731569595115
-0.21428571561428578 0.5625 0.26499998569488525 0.21460478725016086
-0.21428571561428578 0.625 0.33000001311302185 0.15017027213179468
-0.21428571561428578 0.6875 0.3400000035762787 0.06408978941817023
-0.21428571561428578 0.75 0.36000001430511475 0.0
-0.21428571561428578 0.8125 0.36000001430511475 0.0
-0.21428571561428578 0.875 0.3700000047683716 0.0
-0.21428571561428578 0.9375 0.36000001430511475 0.0
-0.21428571561428578 1.0 0.4699999988079071 0.0
-0.21428571561428578 1.0625 0.4300000071525574 0.0
-0.21428571561428578 1.125 0.375 0.0
-0.21428571561428578 1.1875 0.4050000011920929 0.0
-0.21428571561428578 1.25 1.8949999809265137 0.0
-0.21428571561428578 1.3125 3.5 0.0
-0.21428571561428578 1.625 1.0399999618530273 0.0
-0.17000000124000003 -0.5 1.2400000095367432 0.0
-0.17000000124000003 -0.4375 1.309999942779541 0.0
-0.17000000124000003 -0.375 1.4200000762939453 0.0
-0.17000000124000003 -0.3125 1.215000033378601 0.0
-0.17000000124000003 -0.25 1.2699999809265137 0.0
-0.17000000124000003 -0.1875 1.2999999523162842 0.0340666716144884
-0.17000000124000003 -0.125 1.434999942779541 0.13706063101001043
-0.17000000124000003 -0.0625 1.4500000476837158 0.251130781409788
-0.17000000124000003 0.0 1.5 0.33714612020119195
-0.17000000124000003 0.0625 1.3949999809265137 0.388291774486665
