desi_data/desi_elg_ts_zenodo/zphot-sv-grz-south-zenodo.ecsv
# %ECSV 0.9
# ---
# datatype:
# - {name: X, datatype: float64}
# - {name: Y, datatype: float64}
# - {name: Z, datatype: float64}
# - {name: ALPHA, datatype: float64}
# schema: astropy-2.0
X Y Z ALPHA
[from data line 854]
-0.08142857249142854 1.125 0.47999998927116394 0.053324065148583566
-0.08142857249142854 1.1875 0.4699999988079071 0.0
-0.08142857249142854 1.25 0.47999998927116394 0.0
-0.08142857249142854 1.3125 0.47999998927116394 0.0
-0.08142857249142854 1.375 0.47999998927116394 0.0
-0.08142857249142854 1.4375 0.4749999940395355 0.0
-0.08142857249142854 1.5 0.48000001907348633 0.0
-0.08142857249142854 1.5625 0.5450000166893005 0.0
-0.08142857249142854 1.625 0.5649999976158142 0.0
-0.08142857249142854 1.6875 2.1399998664855957 0.0
-0.08142857249142854 1.75 0.5 0.0
-0.08142857249142854 1.9375 2.194999933242798 0.0
-0.08142857249142854 2.0 0.25999999046325684 0.0
-0.03714285811714291 -0.5 1.5800000429153442 0.0
-0.03714285811714291 -0.4375 1.5499999523162842 0.03519434503368535
-0.03714285811714291 -0.375 1.5499999523162842 0.11264532502655689
-0.03714285811714291 -0.3125 1.559999942779541 0.1898065821733117
-0.03714285811714291 -0.25 1.559999942779541 0.25739733166326817
-0.03714285811714291 -0.1875 1.559999942779541 0.33644580654139333
-0.03714285811714291 -0.125 1.559999942779541 0.4123789154013983
-0.03714285811714291 -0.0625 1.5700000524520874 0.4799881033278336
-0.03714285811714291 0.0 1.559999942779541 0.5463650381842009
-0.03714285811714291 0.0625 1.5399999618530273 0.598923053768819
-0.03714285811714291 0.125 1.5099999904632568 0.6381020649341759
-0.03714285811714291 0.1875 1.4199999570846558 0.6547035568881254
-0.03714285811714291 0.25 1.2300000190734863 0.6648563614403198
-0.03714285811714291 0.3125 0.9599999785423279 0.6709491970206811
-0.03714285811714291 0.375 0.6800000071525574 0.6615795942532066
-0.03714285811714291 0.4375 0.5699999928474426 0.6497051061842785
-0.03714285811714291 0.5 0.49000000953674316 0.6275883293294622
-0.03714285811714291 0.5625 0.46000000834465027 0.6064997328770577
-0.03714285811714291 0.625 0.4699999988079071 0.5812848346750596
-0.03714285811714291 0.6875 0.44999998807907104 0.5557025999085726
-0.03714285811714291 0.75 0.46000000834465027 0.5116909989778284
-0.03714285811714291 0.8125 0.46000000834465027 0.46856901695837766
-0.03714285811714291 0.875 0.4699999988079071 0.4203948994682293
-0.03714285811714291 0.9375 0.4699999988079071 0.3536053938272725
-0.03714285811714291 1.0 0.4699999988079071 0.27929697578630613
-0.03714285811714291 1.0625 0.47999998927116394 0.1915391491381726
-0.03714285811714291 1.125 0.47999998927116394 0.08999624369248427
-0.03714285811714291 1.1875 0.47999998927116394 0.0
-0.03714285811714291 1.25 0.47999998927116394 0.0
-0.03714285811714291 1.3125 0.4699999988079071 0.0
-0.03714285811714291 1.375 0.4699999988079071 0.0
-0.03714285811714291 1.4375 0.49000000953674316 0.0
-0.03714285811714291 1.5 0.4699999988079071 0.0
-0.03714285811714291 1.5625 0.4599999785423279 0.0
-0.03714285811714291 1.625 0.45499998331069946 0.0
-0.03714285811714291 1.6875 0.6150000095367432 0.0
-0.03714285811714291 1.75 0.4300000071525574 0.0
-0.03714285811714291 1.9375 0.5099999904632568 0.0
0.007142856257142727 -0.5 1.5299999713897705 0.0
0.007142856257142727 -0.4375 1.559999942779541 0.06879431941594061
0.007142856257142727 -0.375 1.5399999618530273 0.1344667853608748
0.007142856257142727 -0.3125 1.5850000381469727 0.21804018890734
0.007142856257142727 -0.25 1.559999942779541 0.2696793037088538
0.007142856257142727 -0.1875 1.5499999523162842 0.35271726481437093
0.007142856257142727 -0.125 1.559999942779541 0.4278350449244838
0.007142856257142727 -0.0625 1.559999942779541 0.5036767812068164
0.007142856257142727 0.0 1.559999942779541 0.5690472574072091
0.007142856257142727 0.0625 1.5399999618530273 0.6276269367152785
0.007142856257142727 0.125 1.4900000095367432 0.6673622763328855
0.007142856257142727 0.1875 1.3899999856948853 0.690977579752738
0.007142856257142727 0.25 1.0499999523162842 0.721362228183938
0.007142856257142727 0.3125 0.7599999904632568 0.7142395015724913
0.007142856257142727 0.375 0.6299999952316284 0.699210698143299
0.007142856257142727 0.4375 0.5 0.6871668605824897
0.007142856257142727 0.5 0.4699999988079071 0.6717540607124841
0.007142856257142727 0.5625 0.4399999976158142 0.6536787921691134
0.007142856257142727 0.625 0.44999998807907104 0.6326449278226235
0.007142856257142727 0.6875 0.44999998807907104 0.5979294452587619
0.007142856257142727 0.75 0.46000000834465027 0.5611182885747675
0.007142856257142727 0.8125 0.4699999988079071 0.5184009109718716
0.007142856257142727 0.875 0.4699999988079071 0.46521048154697553
0.007142856257142727 0.9375 0.4699999988079071 0.3969138036187064
0.007142856257142727 1.0 0.4699999988079071 0.3194149463814667
0.007142856257142727 1.0625 0.4699999988079071 0.2411987795372248
0.007142856257142727 1.125 0.47999998927116394 0.13258833730648378
0.007142856257142727 1.1875 0.47999998927116394 0.03958130718743791
0.007142856257142727 1.25 0.4749999940395355 0.0
0.007142856257142727 1.3125 0.47999998927116394 0.0
0.007142856257142727 1.375 0.49000000953674316 0.0
0.007142856257142727 1.4375 0.47999998927116394 0.0
0.007142856257142727 1.5 0.47999998927116394 0.0
0.007142856257142727 1.5625 0.46000000834465027 0.0
0.007142856257142727 1.625 0.4699999988079071 0.0
0.007142856257142727 1.6875 0.4350000023841858 0.0
0.007142856257142727 1.75 0.49000000953674316 0.0
0.007142856257142727 1.8125 0.2800000011920929 0.0
0.007142856257142727 1.875 0.44999998807907104 0.0
0.007142856257142727 2.0 0.3799999952316284 0.0
0.05142857063142858 -0.5 1.5299999713897705 0.0
0.05142857063142858 -0.4375 1.5800000429153442 0.07005607334919267
0.05142857063142858 -0.375 1.5800000429153442 0.1401888031936967
0.05142857063142858 -0.3125 1.5700000524520874 0.22157522206168362
0.05142857063142858 -0.25 1.559999942779541 0.2945855636575553
0.05142857063142858 -0.1875 1.5499999523162842 0.37152595649876863
0.05142857063142858 -0.125 1.5499999523162842 0.44048889147815645
0.05142857063142858 -0.0625 1.5499999523162842 0.5207501876625992
0.05142857063142858 0.0 1.5499999523162842 0.5956379260353587
0.05142857063142858 0.0625 1.5199999809265137 0.6476730584455681
0.05142857063142858 0.125 1.4900000095367432 0.6909487421376954
0.05142857063142858 0.1875 1.3700000047683716 0.7181928765317852
0.05142857063142858 0.25 0.9399999976158142 0.7505038744804671
0.05142857063142858 0.3125 0.5600000023841858 0.7757742318155735
0.05142857063142858 0.375 0.5 0.7485993033374119
0.05142857063142858 0.4375 0.46000000834465027 0.7346483286344462
0.05142857063142858 0.5 0.4000000059604645 0.7194231758056135
0.05142857063142858 0.5625 0.4099999964237213 0.7018734220316714
0.05142857063142858 0.625 0.41999998688697815 0.6761668553140404
0.05142857063142858 0.6875 0.4399999976158142 0.6488140473414254
0.05142857063142858 0.75 0.44999998807907104 0.6119617875754745
0.05142857063142858 0.8125 0.46000000834465027 0.5715605637159211
0.05142857063142858 0.875 0.4699999988079071 0.5163484036774391
0.05142857063142858 0.9375 0.4699999988079071 0.45114446042464906
0.05142857063142858 1.0 0.4699999988079071 0.3740846976667257
0.05142857063142858 1.0625 0.4699999988079071 0.2866586041966593
0.05142857063142858 1.125 0.47999998927116394 0.19411235261142346
0.05142857063142858 1.1875 0.47999998927116394 0.09898913296219347
0.05142857063142858 1.25 0.4699999988079071 0.0
0.05142857063142858 1.3125 0.4699999988079071 0.0
0.05142857063142858 1.375 0.47999998927116394 0.0
0.05142857063142858 1.4375 0.5 0.0
0.05142857063142858 1.5 0.4699999988079071 0.0
0.05142857063142858 1.5625 0.5199999809265137 0.0
0.05142857063142858 1.625 0.4699999988079071 0.0
0.05142857063142858 1.6875 0.41999998688697815 0.0
0.05142857063142858 1.75 0.47999998927116394 0.0
0.05142857063142858 1.8125 0.49000000953674316 0.0
0.05142857063142858 1.875 0.6000000238418579 0.0
0.05142857063142858 2.0 0.3799999952316284 0.0
0.09571428500571422 -0.5 1.5499999523162842 0.0
0.09571428500571422 -0.4375 1.559999942779541 0.09227962162963788
0.09571428500571422 -0.375 1.5499999523162842 0.16184356297247976
0.09571428500571422 -0.3125 1.5399999618530273 0.24085528264363348
0.09571428500571422 -0.25 1.5499999523162842 0.3169268154927919
0.09571428500571422 -0.1875 1.5700000524520874 0.3892399576981291
0.09571428500571422 -0.125 1.5499999523162842 0.464106652472194
0.09571428500571422 -0.0625 1.5499999523162842 0.5425717295882906
0.09571428500571422 0.0 1.5299999713897705 0.609919112730313
0.09571428500571422 0.0625 1.5099999904632568 0.6671371199378556
0.09571428500571422 0.125 1.4800000190734863 0.706928786621017
0.09571428500571422 0.1875 1.350000023841858 0.7431237250663217
0.09571428500571422 0.25 1.0099999904632568 0.7688951963435404
0.09571428500571422 0.3125 0.5699999928474426 0.793599140466135
0.09571428500571422 0.375 0.3799999952316284 0.8004901931023662
0.09571428500571422 0.4375 0.3700000047683716 0.7809323660535616
0.09571428500571422 0.5 0.36000001430511475 0.7693278108152124
0.09571428500571422 0.5625 0.3700000047683716 0.7478017000863881
0.09571428500571422 0.625 0.4000000059604645 0.7285863437202156
0.09571428500571422 0.6875 0.4300000071525574 0.7012829931775457
0.09571428500571422 0.75 0.44999998807907104 0.6678920802222907
0.09571428500571422 0.8125 0.46000000834465027 0.6251030691146072
0.09571428500571422 0.875 0.4699999988079071 0.571535574103033
0.09571428500571422 0.9375 0.4699999988079071 0.5031980311903198
0.09571428500571422 1.0 0.4699999988079071 0.42870518196082735
0.09571428500571422 1.0625 0.4699999988079071 0.33696168348066935
0.09571428500571422 1.125 0.4699999988079071 0.2395911247200172
0.09571428500571422 1.1875 0.47999998927116394 0.13927603496888347
0.09571428500571422 1.25 0.4749999940395355 0.0017209502183787584
0.09571428500571422 1.3125 0.47999998927116394 0.0
0.09571428500571422 1.375 0.49000000953674316 0.0
0.09571428500571422 1.4375 0.4699999988079071 0.0
0.09571428500571422 1.5 0.5099999904632568 0.0
0.09571428500571422 1.5625 0.5099999904632568 0.0
0.09571428500571422 1.625 0.4699999988079071 0.0
0.09571428500571422 1.6875 0.44999998807907104 0.0
0.09571428500571422 1.75 0.4749999940395355 0.0
0.09571428500571422 1.8125 1.8600000143051147 0.0
0.09571428500571422 1.875 0.7699999809265137 0.0
0.09571428500571422 1.9375 0.3799999952316284 0.0
0.13999999937999985 -0.5 1.559999942779541 0.023043077786644828
0.13999999937999985 -0.4375 1.559999942779541 0.10804723282121631
0.13999999937999985 -0.375 1.5499999523162842 0.1848212138527744
0.13999999937999985 -0.3125 1.5399999618530273 0.254188200730152
0.13999999937999985 -0.25 1.5399999618530273 0.33806302434172864
0.13999999937999985 -0.1875 1.559999942779541 0.4081245946548313
0.13999999937999985 -0.125 1.5399999618530273 0.4839517875288842
0.13999999937999985 -0.0625 1.5399999618530273 0.5603302851421449
0.13999999937999985 0.0 1.5299999713897705 0.6275304053774133
0.13999999937999985 0.0625 1.5 0.6882937603350554
0.13999999937999985 0.125 1.440000057220459 0.7246218618180685
0.13999999937999985 0.1875 1.3200000524520874 0.754478972490102
0.13999999937999985 0.25 0.9800000190734863 0.7924637039097584
0.13999999937999985 0.3125 0.5600000023841858 0.8131074728400041
0.13999999937999985 0.375 0.3400000035762787 0.8343923018042255
0.13999999937999985 0.4375 0.3199999928474426 0.8400750112918928
0.13999999937999985 0.5 0.3400000035762787 0.8208308350892284
0.13999999937999985 0.5625 0.36000001430511475 0.8048006931500239
0.13999999937999985 0.625 0.3799999952316284 0.7824230960967895
0.13999999937999985 0.6875 0.4099999964237213 0.7592792368589265
0.13999999937999985 0.75 0.44999998807907104 0.7243005649085094
0.13999999937999985 0.8125 0.46000000834465027 0.6777662473221577
0.13999999937999985 0.875 0.4699999988079071 0.6229443349774638
0.13999999937999985 0.9375 0.4699999988079071 0.5587191384578994
0.13999999937999985 1.0 0.4699999988079071 0.4774205511092633
0.13999999937999985 1.0625 0.4699999988079071 0.38802149302881905
0.13999999937999985 1.125 0.47999998927116394 0.3000631237958845
0.13999999937999985 1.1875 0.47999998927116394 0.18600458049232793
0.13999999937999985 1.25 0.47999998927116394 0.06777961083609041
0.13999999937999985 1.3125 0.47999998927116394 0.0
0.13999999937999985 1.375 0.47999998927116394 0.0
0.13999999937999985 1.4375 0.47999998927116394 0.0
0.13999999937999985 1.5 0.47999998927116394 0.0
0.13999999937999985 1.5625 0.47999998927116394 0.0
0.13999999937999985 1.625 0.4699999988079071 0.0
0.13999999937999985 1.6875 0.47999998927116394 0.0
0.13999999937999985 1.75 0.5400000214576721 0.0
0.13999999937999985 1.8125 0.7699999809265137 0.0
0.13999999937999985 1.875 0.5299999713897705 0.0
0.1842857137542857 -0.5 1.5199999809265137 0.04670152674474304
0.1842857137542857 -0.4375 1.5399999618530273 0.11572547937896616
0.1842857137542857 -0.375 1.5399999618530273 0.1898065821733117
0.1842857137542857 -0.3125 1.5499999523162842 0.2618119000243149
0.1842857137542857 -0.25 1.5499999523162842 0.3491279725008093
0.1842857137542857 -0.1875 1.5299999713897705 0.42441763921518416
0.1842857137542857 -0.125 1.5299999713897705 0.49563917172686484
0.1842857137542857 -0.0625 1.5299999713897705 0.5791478013995192
0.1842857137542857 0.0 1.5099999904632568 0.643855728072743
0.1842857137542857 0.0625 1.4900000095367432 0.704734069424826
0.1842857137542857 0.125 1.440000057220459 0.7402471070263554
0.1842857137542857 0.1875 1.3200000524520874 0.7694383413305655
0.1842857137542857 0.25 1.0 0.7968197641575625
0.1842857137542857 0.3125 0.49000000953674316 0.840502702078487
0.1842857137542857 0.375 0.3199999928474426 0.8631619079897159
0.1842857137542857 0.4375 0.2800000011920929 0.8771036751653842
0.1842857137542857 0.5 0.3100000023841858 0.8804129386893185
0.1842857137542857 0.5625 0.3499999940395355 0.8605562017195099
0.1842857137542857 0.625 0.3700000047683716 0.8381289274992111
0.1842857137542857 0.6875 0.4000000059604645 0.8138783717782769
0.1842857137542857 0.75 0.44999998807907104 0.7826311730891009
0.1842857137542857 0.8125 0.46000000834465027 0.7390140655418507
0.1842857137542857 0.875 0.4699999988079071 0.6812620787840291
0.1842857137542857 0.9375 0.4699999988079071 0.614703608123973
0.1842857137542857 1.0 0.47999998927116394 0.5354010535128374
0.1842857137542857 1.0625 0.47999998927116394 0.4496163243436008
0.1842857137542857 1.125 0.47999998927116394 0.33930449505007576
0.1842857137542857 1.1875 0.47999998927116394 0.23339484764243612
0.1842857137542857 1.25 0.47999998927116394 0.12136075646643929
0.1842857137542857 1.3125 0.4699999988079071 0.0
0.1842857137542857 1.375 0.47999998927116394 0.0
0.1842857137542857 1.4375 0.49000000953674316 0.0
0.1842857137542857 1.5 0.49000000953674316 0.0
0.1842857137542857 1.5625 0.5 0.0
0.1842857137542857 1.625 0.4650000035762787 0.0
0.1842857137542857 1.6875 0.5399999618530273 0.0
0.1842857137542857 1.75 1.25 0.0
0.1842857137542857 1.8125 0.47999998927116394 0.0
0.1842857137542857 1.9375 0.46000000834465027 0.0
0.22857142812857134 -0.5 1.5099999904632568 0.06777961083609041
0.22857142812857134 -0.4375 1.5399999618530273 0.1410977506947932
0.22857142812857134 -0.375 1.5399999618530273 0.202339138869012
0.22857142812857134 -0.3125 1.5399999618530273 0.2872146793813431
0.22857142812857134 -0.25 1.5149999856948853 0.3663804981090828
0.22857142812857134 -0.1875 1.5299999713897705 0.44203702263029715
0.22857142812857134 -0.125 1.5199999809265137 0.5183051318447061
0.22857142812857134 -0.0625 1.5099999904632568 0.591779334540512
0.22857142812857134 0.0 1.5 0.6621072111954298
0.22857142812857134 0.0625 1.4700000286102295 0.719536974694209
0.22857142812857134 0.125 1.409999966621399 0.7491183850547121
0.22857142812857134 0.1875 1.309999942779541 0.7762128443417815
0.22857142812857134 0.25 1.0399999618530273 0.7974917460575807
0.22857142812857134 0.3125 0.5899999737739563 0.8389984382820714
0.22857142812857134 0.375 0.27000001072883606 0.8925872429263102
0.22857142812857134 0.4375 0.25999999046325684 0.9089028915227415
0.22857142812857134 0.5 0.28999999165534973 0.9202795783035786
0.22857142812857134 0.5625 0.3400000035762787 0.9158616009864446
