desi_data/desi_elg_ts_zenodo/zphot-main-grz-south-zenodo.ecsv
# %ECSV 0.9
# ---
# datatype:
# - {name: X, datatype: float64}
# - {name: Y, datatype: float64}
# - {name: Z, datatype: float64}
# - {name: ALPHA, datatype: float64}
# schema: astropy-2.0
X Y Z ALPHA
[from data line 3209]
-0.10357142967857147 0.21875 0.5400000214576721 0.5094336978824463
-0.10357142967857147 0.28125 0.27000001072883606 0.5195125152625232
-0.10357142967857147 0.34375 0.23000000417232513 0.5014899631702036
-0.10357142967857147 0.40625 0.23000000417232513 0.4757505192222544
-0.10357142967857147 0.46875 0.23999999463558197 0.4495489500207331
-0.10357142967857147 0.53125 0.27000001072883606 0.40896147486698925
-0.10357142967857147 0.59375 0.33000001311302185 0.3504523483808879
-0.10357142967857147 0.65625 0.3499999940395355 0.28191059692555287
-0.10357142967857147 0.71875 0.3499999940395355 0.21784102063582833
-0.10357142967857147 0.78125 0.3700000047683716 0.11603785635253155
-0.10357142967857147 0.84375 0.3799999952316284 0.021742954075204324
-0.10357142967857147 0.90625 0.4000000059604645 0.0
-0.10357142967857147 0.96875 0.4000000059604645 0.0
-0.10357142967857147 1.03125 0.47999998927116394 0.0
-0.10357142967857147 1.09375 0.47999998927116394 0.0
-0.10357142967857147 1.15625 0.5299999713897705 0.0
-0.10357142967857147 1.21875 0.47999998927116394 0.0
-0.10357142967857147 1.28125 3.6700000762939453 0.0
-0.10357142967857147 1.34375 0.44999998807907104 0.0
-0.10357142967857147 1.40625 0.009999999776482582 0.0
-0.10357142967857147 1.46875 0.28999999165534973 0.0
-0.10357142967857147 1.59375 0.25 0.0
-0.10357142967857147 1.71875 0.3199999928474426 0.0
-0.059285715304285835 -0.46875 1.3300000429153442 0.0
-0.059285715304285835 -0.40625 1.4500000476837158 0.0
-0.059285715304285835 -0.34375 1.4199999570846558 0.0
-0.059285715304285835 -0.28125 1.350000023841858 0.0
-0.059285715304285835 -0.21875 1.5199999809265137 0.019352318102213217
-0.059285715304285835 -0.15625 1.440000057220459 0.13187337099356655
-0.059285715304285835 -0.09375 1.4900000095367432 0.24298856061275054
-0.059285715304285835 -0.03125 1.5299999713897705 0.3717029412833879
-0.059285715304285835 0.03125 1.4850000143051147 0.45359970923666026
-0.059285715304285835 0.09375 1.340000033378601 0.5244991663943579
-0.059285715304285835 0.15625 1.0299999713897705 0.547635987406058
-0.059285715304285835 0.21875 0.36000001430511475 0.5629128367214316
-0.059285715304285835 0.28125 0.25 0.565390076183433
-0.059285715304285835 0.34375 0.2199999988079071 0.5656492018000439
-0.059285715304285835 0.40625 0.23000000417232513 0.5485485195821467
-0.059285715304285835 0.46875 0.25 0.5190315687958125
-0.059285715304285835 0.53125 0.2800000011920929 0.48448557490685723
-0.059285715304285835 0.59375 0.3199999928474426 0.4273444804128641
-0.059285715304285835 0.65625 0.3499999940395355 0.3788588703937473
-0.059285715304285835 0.71875 0.3499999940395355 0.3013422969127009
-0.059285715304285835 0.78125 0.36000001430511475 0.2015014430803686
-0.059285715304285835 0.84375 0.4099999964237213 0.09103834776790676
-0.059285715304285835 0.90625 0.4399999976158142 0.0
-0.059285715304285835 0.96875 0.4300000071525574 0.0
-0.059285715304285835 1.03125 0.44999998807907104 0.0
-0.059285715304285835 1.09375 0.41999998688697815 0.0
-0.059285715304285835 1.15625 0.46000000834465027 0.0
-0.059285715304285835 1.21875 3.7799999713897705 0.0
-0.059285715304285835 1.28125 0.5 0.0
-0.059285715304285835 1.34375 1.4200000762939453 0.0
-0.059285715304285835 1.40625 1.399999976158142 0.0
-0.059285715304285835 1.46875 1.2599999904632568 0.0
-0.059285715304285835 1.53125 1.5950000286102295 0.0
-0.059285715304285835 1.65625 0.3199999928474426 0.0
-0.01500000092999998 -0.46875 1.159999966621399 0.0
-0.01500000092999998 -0.40625 1.5700000524520874 0.0
-0.01500000092999998 -0.34375 1.3600000143051147 0.0
-0.01500000092999998 -0.28125 1.3700000047683716 0.0
-0.01500000092999998 -0.21875 1.4500000476837158 0.05814017776831637
-0.01500000092999998 -0.15625 1.5199999809265137 0.12899084316667192
-0.01500000092999998 -0.09375 1.5399999618530273 0.27805009985307183
-0.01500000092999998 -0.03125 1.5199999809265137 0.3932172733130277
-0.01500000092999998 0.03125 1.5199999809265137 0.48561166511046017
-0.01500000092999998 0.09375 1.3899999856948853 0.5481278273466846
-0.01500000092999998 0.15625 1.0299999713897705 0.5887802971854249
-0.01500000092999998 0.21875 0.3199999928474426 0.62782703203272
-0.01500000092999998 0.28125 0.20000000298023224 0.6503456737899194
-0.01500000092999998 0.34375 0.20000000298023224 0.6328732833096757
-0.01500000092999998 0.40625 0.2199999988079071 0.6191975293119671
-0.01500000092999998 0.46875 0.25 0.5986225771623375
-0.01500000092999998 0.53125 0.2800000011920929 0.5593432126512556
-0.01500000092999998 0.59375 0.33000001311302185 0.5176630737766611
-0.01500000092999998 0.65625 0.3499999940395355 0.44643248302456573
-0.01500000092999998 0.71875 0.3499999940395355 0.3776311795421843
-0.01500000092999998 0.78125 0.3700000047683716 0.29195793113371726
-0.01500000092999998 0.84375 0.38999998569488525 0.18718672328881758
-0.01500000092999998 0.90625 0.4399999976158142 0.048548519582146676
-0.01500000092999998 0.96875 0.4650000035762787 0.0
-0.01500000092999998 1.03125 0.46000000834465027 0.0
-0.01500000092999998 1.09375 0.4449999928474426 0.0
-0.01500000092999998 1.15625 0.38999998569488525 0.0
-0.01500000092999998 1.21875 0.4300000071525574 0.0
-0.01500000092999998 1.28125 0.44999998807907104 0.0
-0.01500000092999998 1.34375 0.49000000953674316 0.0
-0.01500000092999998 1.40625 3.7200000286102295 0.0
-0.01500000092999998 1.46875 0.1599999964237213 0.0
-0.01500000092999998 1.53125 1.8200000524520874 0.0
-0.01500000092999998 1.59375 0.5699999928474426 0.0
-0.01500000092999998 1.78125 2.569999933242798 0.0
0.029285713444285655 -0.46875 1.3849999904632568 0.0
0.029285713444285655 -0.40625 1.4249999523162842 0.0
0.029285713444285655 -0.34375 1.5499999523162842 0.0
0.029285713444285655 -0.28125 1.4500000476837158 0.0
0.029285713444285655 -0.21875 1.409999966621399 0.03256391654462576
0.029285713444285655 -0.15625 1.5499999523162842 0.1857019500445174
0.029285713444285655 -0.09375 1.5299999713897705 0.29195793113371726
0.029285713444285655 -0.03125 1.5299999713897705 0.41961955283557756
0.029285713444285655 0.03125 1.4900000095367432 0.5226129678598521
0.029285713444285655 0.09375 1.3799999952316284 0.5914411650787729
0.029285713444285655 0.15625 1.059999942779541 0.633774015433641
0.029285713444285655 0.21875 0.23999999463558197 0.685441067719023
0.029285713444285655 0.28125 0.14000000059604645 0.7792638941870564
0.029285713444285655 0.34375 0.18000000715255737 0.7234222148990873
0.029285713444285655 0.40625 0.20999999344348907 0.6899070730412697
0.029285713444285655 0.46875 0.23999999463558197 0.6794292950058667
0.029285713444285655 0.53125 0.2800000011920929 0.6398386719820542
0.029285713444285655 0.59375 0.33000001311302185 0.5974513679380341
0.029285713444285655 0.65625 0.3499999940395355 0.5376314122585173
0.029285713444285655 0.71875 0.36000001430511475 0.46959130991338555
0.029285713444285655 0.78125 0.3700000047683716 0.38711641442652667
0.029285713444285655 0.84375 0.41999998688697815 0.27707415555431086
0.029285713444285655 0.90625 0.4350000023841858 0.15060851091010907
0.029285713444285655 0.96875 0.44999998807907104 0.016935069679404724
0.029285713444285655 1.03125 0.46000000834465027 0.0
0.029285713444285655 1.09375 0.4699999988079071 0.0
0.029285713444285655 1.15625 0.49000000953674316 0.0
0.029285713444285655 1.21875 0.49000000953674316 0.0
0.029285713444285655 1.28125 0.5 0.0
0.029285713444285655 1.34375 0.44999998807907104 0.0
0.029285713444285655 1.53125 0.4000000059604645 0.0
0.07357142781857129 -0.46875 1.5299999713897705 0.0
0.07357142781857129 -0.40625 1.409999966621399 0.0
0.07357142781857129 -0.34375 1.4300000667572021 0.0
0.07357142781857129 -0.28125 1.4199999570846558 0.0
0.07357142781857129 -0.21875 1.5099999904632568 0.0779818491925574
0.07357142781857129 -0.15625 1.5099999904632568 0.18042380586254592
0.07357142781857129 -0.09375 1.5099999904632568 0.32728271592918534
0.07357142781857129 -0.03125 1.5 0.43504042619005656
0.07357142781857129 0.03125 1.5199999809265137 0.5477063184968596
0.07357142781857129 0.09375 1.3600000143051147 0.6105270009707497
0.07357142781857129 0.15625 1.0499999523162842 0.6692253428400068
0.07357142781857129 0.21875 0.28999999165534973 0.7180336693909912
0.07357142781857129 0.28125 0.15000000596046448 0.8004658184636
0.07357142781857129 0.34375 0.1599999964237213 0.8228719906717812
0.07357142781857129 0.40625 0.20000000298023224 0.7828889005284312
0.07357142781857129 0.46875 0.23000000417232513 0.7597216296552518
0.07357142781857129 0.53125 0.27000001072883606 0.7268389920876221
0.07357142781857129 0.59375 0.3199999928474426 0.6850304754780023
0.07357142781857129 0.65625 0.3499999940395355 0.6324929070513408
0.07357142781857129 0.71875 0.36000001430511475 0.5633712988693124
0.07357142781857129 0.78125 0.375 0.4787658261135221
0.07357142781857129 0.84375 0.4099999964237213 0.3739059032016528
0.07357142781857129 0.90625 0.4449999928474426 0.2603035814350355
0.07357142781857129 0.96875 0.46000000834465027 0.11603785635253155
0.07357142781857129 1.03125 0.46000000834465027 0.0
0.07357142781857129 1.09375 0.4650000035762787 0.0
0.07357142781857129 1.15625 0.4749999940395355 0.0
0.07357142781857129 1.21875 0.44999998807907104 0.0
0.07357142781857129 1.28125 0.4950000047683716 0.0
0.07357142781857129 1.34375 1.4300000667572021 0.0
0.07357142781857129 1.46875 0.3400000035762787 0.0
0.07357142781857129 1.53125 2.3450000286102295 0.0
0.07357142781857129 1.59375 0.5249999761581421 0.0
0.07357142781857129 1.65625 1.9199999570846558 0.0
0.07357142781857129 1.78125 1.340000033378601 0.0
0.07357142781857129 1.84375 0.23999999463558197 0.0
0.11785714219285714 -0.46875 1.190000057220459 0.0
0.11785714219285714 -0.40625 1.399999976158142 0.0
0.11785714219285714 -0.34375 1.5099999904632568 0.0
0.11785714219285714 -0.28125 1.4900000095367432 0.0
0.11785714219285714 -0.21875 1.5299999713897705 0.07365729463830079
0.11785714219285714 -0.15625 1.5 0.21296840240783044
0.11785714219285714 -0.09375 1.5199999809265137 0.3433611961204539
0.11785714219285714 -0.03125 1.5 0.4620037127708238
0.11785714219285714 0.03125 1.4500000476837158 0.5677752709873255
0.11785714219285714 0.09375 1.3700000047683716 0.6383151494251155
0.11785714219285714 0.15625 1.0700000524520874 0.6856274442139866
0.11785714219285714 0.21875 0.25999999046325684 0.7498594562709339
0.11785714219285714 0.28125 0.1599999964237213 0.8057152632242655
0.11785714219285714 0.34375 0.1599999964237213 0.8525180357817419
0.11785714219285714 0.40625 0.18000000715255737 0.8741562531252776
0.11785714219285714 0.46875 0.2199999988079071 0.8477319392023783
0.11785714219285714 0.53125 0.25999999046325684 0.8123842546305097
0.11785714219285714 0.59375 0.3199999928474426 0.7692820561154337
0.11785714219285714 0.65625 0.3499999940395355 0.7210930295250876
0.11785714219285714 0.71875 0.36000001430511475 0.6601582770847759
0.11785714219285714 0.78125 0.4000000059604645 0.5881391426059591
0.11785714219285714 0.84375 0.4399999976158142 0.47407901307611344
0.11785714219285714 0.90625 0.46000000834465027 0.3528805377189417
0.11785714219285714 0.96875 0.46000000834465027 0.2069731591271214
0.11785714219285714 1.03125 0.46000000834465027 0.04287114414358567
0.11785714219285714 1.09375 0.4699999988079071 0.0
0.11785714219285714 1.15625 0.4699999988079071 0.0
0.11785714219285714 1.21875 0.47999998927116394 0.0
0.11785714219285714 1.28125 0.4749999940395355 0.0
0.11785714219285714 1.34375 0.4699999988079071 0.0
0.11785714219285714 1.40625 0.44999998807907104 0.0
0.11785714219285714 1.53125 0.3700000047683716 0.0
0.16214285656714278 -0.46875 1.340000033378601 0.0
0.16214285656714278 -0.40625 1.3899999856948853 0.0
0.16214285656714278 -0.34375 1.4600000381469727 0.0
0.16214285656714278 -0.28125 1.5299999713897705 0.0
0.16214285656714278 -0.21875 1.5099999904632568 0.09728353546211399
0.16214285656714278 -0.15625 1.5299999713897705 0.22479538397659088
0.16214285656714278 -0.09375 1.5 0.36528274737193994
0.16214285656714278 -0.03125 1.5 0.48719702886112376
0.16214285656714278 0.03125 1.4600000381469727 0.5856735351160397
0.16214285656714278 0.09375 1.350000023841858 0.6470330817211435
0.16214285656714278 0.15625 1.0800000429153442 0.6938530096212864
0.16214285656714278 0.21875 0.2800000011920929 0.7493877286435693
0.16214285656714278 0.28125 0.15000000596046448 0.8382005493918743
0.16214285656714278 0.34375 0.1599999964237213 0.8897811904918002
0.16214285656714278 0.40625 0.18000000715255737 0.9222669540219688
0.16214285656714278 0.46875 0.20999999344348907 0.9308053093607437
0.16214285656714278 0.53125 0.25999999046325684 0.9007206600385596
0.16214285656714278 0.59375 0.3199999928474426 0.8613872566038496
0.16214285656714278 0.65625 0.3499999940395355 0.8117806916802227
0.16214285656714278 0.71875 0.36000001430511475 0.7566002260479384
0.16214285656714278 0.78125 0.38999998569488525 0.6866311223692013
0.16214285656714278 0.84375 0.4399999976158142 0.5876716564384226
0.16214285656714278 0.90625 0.46000000834465027 0.46095772211173663
0.16214285656714278 0.96875 0.4699999988079071 0.3225747322530789
0.16214285656714278 1.03125 0.4699999988079071 0.16582348881253445
0.16214285656714278 1.09375 0.4699999988079071 0.0
0.16214285656714278 1.15625 0.4699999988079071 0.0
0.16214285656714278 1.21875 0.4699999988079071 0.0
0.16214285656714278 1.28125 0.5099999904632568 0.0
0.16214285656714278 1.34375 0.3700000047683716 0.0
0.16214285656714278 1.40625 0.36000001430511475 0.0
0.16214285656714278 1.46875 0.5899999737739563 0.0
0.16214285656714278 1.65625 0.6299999952316284 0.0
0.16214285656714278 1.71875 1.2000000476837158 0.0
0.16214285656714278 1.78125 2.109999895095825 0.0
0.20642857094142864 -0.46875 1.399999976158142 0.0
0.20642857094142864 -0.40625 1.3799999952316284 0.0
0.20642857094142864 -0.34375 1.5 0.0
0.20642857094142864 -0.28125 1.4900000095367432 0.014490609633414253
0.20642857094142864 -0.21875 1.4800000190734863 0.10713068945360738
0.20642857094142864 -0.15625 1.4800000190734863 0.24039830436086035
0.20642857094142864 -0.09375 1.4900000095367432 0.36625796117101483
0.20642857094142864 -0.03125 1.4900000095367432 0.5055408527528648
0.20642857094142864 0.03125 1.440000057220459 0.5936718556810391
0.20642857094142864 0.09375 1.350000023841858 0.6662720139274924
0.20642857094142864 0.15625 1.1299999952316284 0.6976227747101376
0.20642857094142864 0.21875 0.36000001430511475 0.7331863810518877
0.20642857094142864 0.28125 0.1599999964237213 0.822574732253079
0.20642857094142864 0.34375 0.15000000596046448 0.9292577917125522
0.20642857094142864 0.40625 0.18000000715255737 0.963780764549262
0.20642857094142864 0.46875 0.20999999344348907 0.9880409324206245
0.20642857094142864 0.53125 0.23999999463558197 0.9841654514394202
0.20642857094142864 0.59375 0.3100000023841858 0.9429632966010814
0.20642857094142864 0.65625 0.3499999940395355 0.9000832139468613
0.20642857094142864 0.71875 0.3700000047683716 0.8530529452237918
0.20642857094142864 0.78125 0.4099999964237213 0.7810719582629266
0.20642857094142864 0.84375 0.44999998807907104 0.6878884498248446
0.20642857094142864 0.90625 0.46000000834465027 0.5768780201177758
0.20642857094142864 0.96875 0.4699999988079071 0.43797410011313165
0.20642857094142864 1.03125 0.4699999988079071 0.27682948258087353
0.20642857094142864 1.09375 0.4699999988079071 0.08041489695416992
0.20642857094142864 1.15625 0.4699999988079071 0.0
0.20642857094142864 1.21875 0.49000000953674316 0.0
0.20642857094142864 1.28125 0.4749999940395355 0.0
0.20642857094142864 1.34375 0.4399999976158142 0.0
0.20642857094142864 1.40625 0.5 0.0
0.20642857094142864 1.46875 0.5600000023841858 0.0
0.20642857094142864 1.53125 0.9649999737739563 0.0
0.20642857094142864 1.59375 0.5900000333786011 0.0
0.20642857094142864 1.71875 0.4699999988079071 0.0
0.20642857094142864 1.90625 0.6700000166893005 0.0
0.25071428531571427 -0.46875 1.399999976158142 0.0
0.25071428531571427 -0.40625 1.440000057220459 0.0
0.25071428531571427 -0.34375 1.5499999523162842 0.0
