desi_data/desi_elg_ts_zenodo/zphot-sv-coii-south-zenodo.ecsv
# %ECSV 0.9
# ---
# datatype:
# - {name: X, datatype: float64}
# - {name: Y, datatype: float64}
# - {name: Z, datatype: float64}
# - {name: ALPHA, datatype: float64}
# schema: astropy-2.0
X Y Z ALPHA
[from data line 5072]
24.4000000028 3.0374999999999996 0.6100000143051147 0.5143110777959843
24.4000000028 3.2124999999999995 0.6200000047683716 0.4933070067969828
24.4000000028 3.3874999999999993 0.6399999856948853 0.450717673345456
24.4000000028 3.5625 0.6700000166893005 0.3836492105431438
24.4000000028 3.7375 0.6899999976158142 0.2963040565935343
24.4000000028 3.9124999999999996 0.7200000286102295 0.1705478784785347
24.457142860057143 -2.9125 1.5049999952316284 0.0
24.457142860057143 -2.7375 1.6150000095367432 0.0
24.457142860057143 -2.5625 1.590000033378601 0.0
24.457142860057143 -2.3875 1.4600000381469727 0.0
24.457142860057143 -2.2125 1.590000033378601 0.0
24.457142860057143 -2.0375 1.534999966621399 0.0
24.457142860057143 -1.8625 1.5700000524520874 0.0
24.457142860057143 -1.6875 1.6200000047683716 0.015620448169502477
24.457142860057143 -1.5125000000000002 1.559999942779541 0.08963756442659482
24.457142860057143 -1.3375000000000001 1.5700000524520874 0.1422638637945307
24.457142860057143 -1.1625 1.5499999523162842 0.20825842706569364
24.457142860057143 -0.9875000000000003 1.5700000524520874 0.26514939433843876
24.457142860057143 -0.8125 1.5499999523162842 0.33728888820109426
24.457142860057143 -0.6375000000000002 1.559999942779541 0.40580761559585055
24.457142860057143 -0.46250000000000036 1.5499999523162842 0.4896059481674975
24.457142860057143 -0.2875000000000001 1.5399999618530273 0.5658006667375015
24.457142860057143 -0.11250000000000027 1.5299999713897705 0.6492407310176105
24.457142860057143 0.0625 1.5 0.7262438425140387
24.457142860057143 0.23749999999999982 1.4199999570846558 0.7984699365934893
24.457142860057143 0.41249999999999964 1.3200000524520874 0.8641353575935709
24.457142860057143 0.5874999999999999 1.1399999856948853 0.9209524794930735
24.457142860057143 0.7624999999999997 0.949999988079071 0.9599135778234753
24.457142860057143 0.9374999999999996 0.8299999833106995 0.9952740609295532
24.457142860057143 1.1124999999999998 0.7900000214576721 1.0
24.457142860057143 1.2874999999999996 0.7699999809265137 1.0
24.457142860057143 1.4624999999999995 0.7699999809265137 1.0
24.457142860057143 1.6374999999999993 0.7799999713897705 0.9484389787879911
24.457142860057143 1.8125 0.7900000214576721 0.8750502034450496
24.457142860057143 1.9874999999999998 0.7900000214576721 0.7984006849314467
24.457142860057143 2.1624999999999996 0.7699999809265137 0.7273995240938509
24.457142860057143 2.3374999999999995 0.75 0.6718232974992265
24.457142860057143 2.5124999999999993 0.7200000286102295 0.6196810804530877
24.457142860057143 2.6875 0.6800000071525574 0.581399678621574
24.457142860057143 2.8625 0.6399999856948853 0.5483374697669494
24.457142860057143 3.0374999999999996 0.6200000047683716 0.5253643728516046
24.457142860057143 3.2124999999999995 0.6299999952316284 0.4953439843695235
24.457142860057143 3.3874999999999993 0.6499999761581421 0.4581036282110956
24.457142860057143 3.5625 0.6700000166893005 0.401972686062587
24.457142860057143 3.7375 0.6899999976158142 0.3105150207076308
24.457142860057143 3.9124999999999996 0.7200000286102295 0.1848837451022401
24.514285717314287 -2.9125 1.6050000190734863 0.0
24.514285717314287 -2.7375 1.559999942779541 0.0
24.514285717314287 -2.5625 1.5499999523162842 0.0
24.514285717314287 -2.3875 1.5800000429153442 0.0
24.514285717314287 -2.2125 1.5750000476837158 0.0
24.514285717314287 -2.0375 1.559999942779541 0.0
24.514285717314287 -1.8625 1.559999942779541 0.018467284528362216
24.514285717314287 -1.6875 1.5750000476837158 0.05774342923370307
24.514285717314287 -1.5125000000000002 1.5499999523162842 0.11158595279193334
24.514285717314287 -1.3375000000000001 1.5700000524520874 0.17745664490837582
24.514285717314287 -1.1625 1.590000033378601 0.23981264999358382
24.514285717314287 -0.9875000000000003 1.5700000524520874 0.29295648719139633
24.514285717314287 -0.8125 1.5499999523162842 0.37169092551918437
24.514285717314287 -0.6375000000000002 1.559999942779541 0.43907727569008054
24.514285717314287 -0.46250000000000036 1.5499999523162842 0.5151423256109398
24.514285717314287 -0.2875000000000001 1.559999942779541 0.5916435057704591
24.514285717314287 -0.11250000000000027 1.5199999809265137 0.6729370341869513
24.514285717314287 0.0625 1.4900000095367432 0.747925527697736
24.514285717314287 0.23749999999999982 1.4299999475479126 0.8189702712529623
24.514285717314287 0.41249999999999964 1.3200000524520874 0.8812032502011398
24.514285717314287 0.5874999999999999 1.159999966621399 0.9342498524503154
24.514285717314287 0.7624999999999997 0.9800000190734863 0.9753742107202206
24.514285717314287 0.9374999999999996 0.8600000143051147 1.0
24.514285717314287 1.1124999999999998 0.800000011920929 1.0
24.514285717314287 1.2874999999999996 0.7799999713897705 1.0
24.514285717314287 1.4624999999999995 0.7799999713897705 1.0
24.514285717314287 1.6374999999999993 0.7900000214576721 0.9583980483249004
24.514285717314287 1.8125 0.800000011920929 0.8874109605675904
24.514285717314287 1.9874999999999998 0.7900000214576721 0.8093656564464362
24.514285717314287 2.1624999999999996 0.7900000214576721 0.7326190906989426
24.514285717314287 2.3374999999999995 0.7599999904632568 0.673460986338989
24.514285717314287 2.5124999999999993 0.7300000190734863 0.6279412730697657
24.514285717314287 2.6875 0.6899999976158142 0.5864441650958945
24.514285717314287 2.8625 0.6600000262260437 0.5548127088710765
24.514285717314287 3.0374999999999996 0.6399999856948853 0.5246325179553818
24.514285717314287 3.2124999999999995 0.6399999856948853 0.49943011584994057
24.514285717314287 3.3874999999999993 0.6499999761581421 0.4682769839000005
24.514285717314287 3.5625 0.6700000166893005 0.41414551975528835
24.514285717314287 3.7375 0.699999988079071 0.3300021252425951
24.514285717314287 3.9124999999999996 0.7300000190734863 0.21471777425701516
24.571428574571428 -2.9125 1.6699999570846558 0.0
24.571428574571428 -2.7375 1.559999942779541 0.0
24.571428574571428 -2.5625 1.5449999570846558 0.0
24.571428574571428 -2.3875 1.6200000047683716 0.0
24.571428574571428 -2.2125 1.590000033378601 0.0
24.571428574571428 -2.0375 1.6050000190734863 0.01940799606869048
24.571428574571428 -1.8625 1.5700000524520874 0.04365912147035722
24.571428574571428 -1.6875 1.5800000429153442 0.10849410310689073
24.571428574571428 -1.5125000000000002 1.5700000524520874 0.1677216272030288
24.571428574571428 -1.3375000000000001 1.559999942779541 0.21189930442307836
24.571428574571428 -1.1625 1.5700000524520874 0.2717090317478337
24.571428574571428 -0.9875000000000003 1.5800000429153442 0.34102052548268447
24.571428574571428 -0.8125 1.559999942779541 0.4024021492254697
24.571428574571428 -0.6375000000000002 1.559999942779541 0.46680694847782905
24.571428574571428 -0.46250000000000036 1.5499999523162842 0.5435751565633556
24.571428574571428 -0.2875000000000001 1.5499999523162842 0.6170027880808392
24.571428574571428 -0.11250000000000027 1.5199999809265137 0.6917965966871529
24.571428574571428 0.0625 1.5 0.7690395385218193
24.571428574571428 0.23749999999999982 1.4299999475479126 0.8376215922958828
24.571428574571428 0.41249999999999964 1.3300000429153442 0.8980359813219269
24.571428574571428 0.5874999999999999 1.1799999475479126 0.9512493717643757
24.571428574571428 0.7624999999999997 1.0 0.9900075681212501
24.571428574571428 0.9374999999999996 0.8899999856948853 1.0
24.571428574571428 1.1124999999999998 0.8100000023841858 1.0
24.571428574571428 1.2874999999999996 0.7900000214576721 1.0
24.571428574571428 1.4624999999999995 0.7799999713897705 1.0
24.571428574571428 1.6374999999999993 0.7900000214576721 0.9673643491090347
24.571428574571428 1.8125 0.800000011920929 0.8981344533548825
24.571428574571428 1.9874999999999998 0.8100000023841858 0.8186077022727666
24.571428574571428 2.1624999999999996 0.800000011920929 0.7450666944338209
24.571428574571428 2.3374999999999995 0.7699999809265137 0.6831095486524414
24.571428574571428 2.5124999999999993 0.7400000095367432 0.6339503858277364
24.571428574571428 2.6875 0.7099999785423279 0.5900447580386878
24.571428574571428 2.8625 0.6600000262260437 0.5594934675918842
24.571428574571428 3.0374999999999996 0.6399999856948853 0.5273040121850096
24.571428574571428 3.2124999999999995 0.6499999761581421 0.5053519112900655
24.571428574571428 3.3874999999999993 0.6600000262260437 0.46985509579455986
24.571428574571428 3.5625 0.6800000071525574 0.42663350808888917
24.571428574571428 3.7375 0.699999988079071 0.3503511465738194
24.571428574571428 3.9124999999999996 0.7300000190734863 0.23580718547310298
24.628571431828572 -2.9125 1.5800000429153442 0.0
24.628571431828572 -2.7375 1.6100000143051147 0.0
24.628571431828572 -2.5625 1.6100000143051147 0.0
24.628571431828572 -2.3875 1.559999942779541 0.0
24.628571431828572 -2.2125 1.600000023841858 0.010139083492815337
24.628571431828572 -2.0375 1.5700000524520874 0.05852877273331847
24.628571431828572 -1.8625 1.5700000524520874 0.09698409691835236
24.628571431828572 -1.6875 1.5700000524520874 0.15653351667841292
24.628571431828572 -1.5125000000000002 1.590000033378601 0.19473305716809808
24.628571431828572 -1.3375000000000001 1.5800000429153442 0.24607157298098464
24.628571431828572 -1.1625 1.590000033378601 0.30071724267594035
24.628571431828572 -0.9875000000000003 1.5800000429153442 0.36382810994280407
24.628571431828572 -0.8125 1.5700000524520874 0.4262013741334351
24.628571431828572 -0.6375000000000002 1.559999942779541 0.49471386135164697
24.628571431828572 -0.46250000000000036 1.559999942779541 0.5685128451692139
24.628571431828572 -0.2875000000000001 1.5399999618530273 0.6426899213039116
24.628571431828572 -0.11250000000000027 1.5199999809265137 0.7117574160548195
24.628571431828572 0.0625 1.4900000095367432 0.7813786351602567
24.628571431828572 0.23749999999999982 1.4299999475479126 0.8506031800389184
24.628571431828572 0.41249999999999964 1.340000033378601 0.9120523950782682
24.628571431828572 0.5874999999999999 1.2000000476837158 0.9615820101286463
24.628571431828572 0.7624999999999997 1.0199999809265137 1.0
24.628571431828572 0.9374999999999996 0.9100000262260437 1.0
24.628571431828572 1.1124999999999998 0.8199999928474426 1.0
24.628571431828572 1.2874999999999996 0.7900000214576721 1.0
24.628571431828572 1.4624999999999995 0.7900000214576721 1.0
24.628571431828572 1.6374999999999993 0.800000011920929 0.9773465387107689
24.628571431828572 1.8125 0.800000011920929 0.9061715982297653
24.628571431828572 1.9874999999999998 0.8100000023841858 0.8273208891180972
24.628571431828572 2.1624999999999996 0.800000011920929 0.7519407746166067
24.628571431828572 2.3374999999999995 0.7799999713897705 0.6912158561903935
24.628571431828572 2.5124999999999993 0.75 0.6379566698679093
24.628571431828572 2.6875 0.7200000286102295 0.5940530550006902
24.628571431828572 2.8625 0.6800000071525574 0.5647621069416238
24.628571431828572 3.0374999999999996 0.6600000262260437 0.537672973527005
24.628571431828572 3.2124999999999995 0.6499999761581421 0.508960356130105
24.628571431828572 3.3874999999999993 0.6700000166893005 0.4787886534735468
24.628571431828572 3.5625 0.6800000071525574 0.4289238100424966
24.628571431828572 3.7375 0.7099999785423279 0.3569298350649646
24.628571431828572 3.9124999999999996 0.7300000190734863 0.2576555055069976
24.685714289085716 -2.9125 1.5499999523162842 0.0
24.685714289085716 -2.7375 1.600000023841858 0.0
24.685714289085716 -2.5625 1.5399999618530273 0.0
24.685714289085716 -2.3875 1.590000033378601 0.0
24.685714289085716 -2.2125 1.559999942779541 0.0371257489416133
24.685714289085716 -2.0375 1.590000033378601 0.08529218764111235
24.685714289085716 -1.8625 1.559999942779541 0.13001925295534456
24.685714289085716 -1.6875 1.5700000524520874 0.1700793837100708
24.685714289085716 -1.5125000000000002 1.559999942779541 0.21825280741135877
24.685714289085716 -1.3375000000000001 1.5399999618530273 0.2694455231303331
24.685714289085716 -1.1625 1.600000023841858 0.3243911650860228
24.685714289085716 -0.9875000000000003 1.559999942779541 0.3873017532550255
24.685714289085716 -0.8125 1.559999942779541 0.45764669458472584
24.685714289085716 -0.6375000000000002 1.5499999523162842 0.5194705655089595
24.685714289085716 -0.46250000000000036 1.5499999523162842 0.5905864977981377
24.685714289085716 -0.2875000000000001 1.5499999523162842 0.6543427099583409
24.685714289085716 -0.11250000000000027 1.5299999713897705 0.7287997453853665
24.685714289085716 0.0625 1.5 0.7972200149788633
24.685714289085716 0.23749999999999982 1.4299999475479126 0.8638793480838988
24.685714289085716 0.41249999999999964 1.340000033378601 0.9220722280093105
24.685714289085716 0.5874999999999999 1.2100000381469727 0.9709569006829151
24.685714289085716 0.7624999999999997 1.0399999618530273 1.0
24.685714289085716 0.9374999999999996 0.9200000166893005 1.0
24.685714289085716 1.1124999999999998 0.8299999833106995 1.0
24.685714289085716 1.2874999999999996 0.800000011920929 1.0
24.685714289085716 1.4624999999999995 0.800000011920929 1.0
24.685714289085716 1.6374999999999993 0.800000011920929 0.9868754089757552
24.685714289085716 1.8125 0.8100000023841858 0.9150581174882197
24.685714289085716 1.9874999999999998 0.8199999928474426 0.8355666130177768
24.685714289085716 2.1624999999999996 0.8100000023841858 0.7613834466967936
24.685714289085716 2.3374999999999995 0.800000011920929 0.6980842895714635
24.685714289085716 2.5124999999999993 0.7599999904632568 0.6472006384297332
24.685714289085716 2.6875 0.7300000190734863 0.6022178561284014
24.685714289085716 2.8625 0.6899999976158142 0.5692851243598138
24.685714289085716 3.0374999999999996 0.6700000166893005 0.5388205372544798
24.685714289085716 3.2124999999999995 0.6600000262260437 0.5143110777959843
24.685714289085716 3.3874999999999993 0.6700000166893005 0.47942903959057853
24.685714289085716 3.5625 0.6899999976158142 0.43583723362961296
24.685714289085716 3.7375 0.7099999785423279 0.3754877309157478
24.685714289085716 3.9124999999999996 0.7400000095367432 0.28601079120264555
24.742857146342857 -2.9125 1.559999942779541 0.0
24.742857146342857 -2.7375 1.5750000476837158 0.0
24.742857146342857 -2.5625 1.5149999856948853 0.0
24.742857146342857 -2.3875 1.590000033378601 0.009485025043649564
24.742857146342857 -2.2125 1.590000033378601 0.04505377777991315
24.742857146342857 -2.0375 1.5499999523162842 0.09500501975733083
24.742857146342857 -1.8625 1.559999942779541 0.13577060535538488
24.742857146342857 -1.6875 1.559999942779541 0.19750636741803124
24.742857146342857 -1.5125000000000002 1.559999942779541 0.2466217309670677
24.742857146342857 -1.3375000000000001 1.559999942779541 0.29054619502220286
24.742857146342857 -1.1625 1.559999942779541 0.353396739850085
24.742857146342857 -0.9875000000000003 1.5700000524520874 0.41378958227091905
24.742857146342857 -0.8125 1.5700000524520874 0.46588810127076646
24.742857146342857 -0.6375000000000002 1.5499999523162842 0.5355338593394966
24.742857146342857 -0.46250000000000036 1.5499999523162842 0.5962605279193338
24.742857146342857 -0.2875000000000001 1.5499999523162842 0.6697664913779054
24.742857146342857 -0.11250000000000027 1.5199999809265137 0.7369132009759828
24.742857146342857 0.0625 1.4900000095367432 0.8061397554614709
24.742857146342857 0.23749999999999982 1.4299999475479126 0.869736168276557
24.742857146342857 0.41249999999999964 1.350000023841858 0.9283392181480687
24.742857146342857 0.5874999999999999 1.2200000286102295 0.9761698749673469
24.742857146342857 0.7624999999999997 1.059999942779541 1.0
24.742857146342857 0.9374999999999996 0.9300000071525574 1.0
24.742857146342857 1.1124999999999998 0.8500000238418579 1.0
24.742857146342857 1.2874999999999996 0.8100000023841858 1.0
24.742857146342857 1.4624999999999995 0.800000011920929 1.0
24.742857146342857 1.6374999999999993 0.800000011920929 0.9930528021414478
24.742857146342857 1.8125 0.8100000023841858 0.9231667372452131
24.742857146342857 1.9874999999999998 0.8199999928474426 0.8438971580133146
24.742857146342857 2.1624999999999996 0.8199999928474426 0.7701270565709468
