desi_data/desi_elg_ts_zenodo/zphot-sv-coii-south-zenodo.ecsv
# %ECSV 0.9
# ---
# datatype:
# - {name: X, datatype: float64}
# - {name: Y, datatype: float64}
# - {name: Z, datatype: float64}
# - {name: ALPHA, datatype: float64}
# schema: astropy-2.0
X Y Z ALPHA
[from data line 1818]
23.685714287085716 0.32499999999999973 0.6299999952316284 0.5141187986444437
23.685714287085716 0.5 0.4300000071525574 0.6090331875301153
23.685714287085716 0.6749999999999998 0.36000001430511475 0.6857145272502441
23.685714287085716 0.8499999999999996 0.4099999964237213 0.7486343935891215
23.685714287085716 1.0249999999999995 0.49000000953674316 0.7977416902831063
23.685714287085716 1.1999999999999993 0.5400000214576721 0.8272981531710262
23.685714287085716 1.375 0.5899999737739563 0.8254027223855762
23.685714287085716 1.5499999999999998 0.6100000143051147 0.7887886379754832
23.685714287085716 1.7249999999999996 0.6200000047683716 0.7331692902075467
23.685714287085716 1.8999999999999995 0.6100000143051147 0.6707973296730569
23.685714287085716 2.0749999999999993 0.6100000143051147 0.6168430328844103
23.685714287085716 2.25 0.5899999737739563 0.5706485740418936
23.685714287085716 2.425 0.5600000023841858 0.5345147286142024
23.685714287085716 2.5999999999999996 0.5199999809265137 0.5062845899361693
23.685714287085716 2.7749999999999995 0.5 0.48931862130989384
23.685714287085716 2.9499999999999993 0.5199999809265137 0.45934494584990176
23.685714287085716 3.125 0.550000011920929 0.4217339656368826
23.685714287085716 3.3 0.5699999928474426 0.3436372149919883
23.685714287085716 3.4749999999999996 0.6000000238418579 0.21497219401775614
23.685714287085716 3.6499999999999995 0.6200000047683716 0.0717086126300473
23.685714287085716 3.8249999999999993 0.5699999928474426 0.0
23.685714287085716 4.0 0.009999999776482582 0.0
23.742857144342857 -3.0 0.2900000214576721 0.0
23.742857144342857 -2.825 0.30000001192092896 0.0
23.742857144342857 -2.65 0.28999999165534973 0.0
23.742857144342857 -2.475 0.2199999988079071 0.0
23.742857144342857 -2.3 0.3799999952316284 0.0
23.742857144342857 -2.125 0.38999998569488525 0.0
23.742857144342857 -1.9500000000000002 0.3050000071525574 0.0
23.742857144342857 -1.7750000000000001 0.33500000834465027 0.0
23.742857144342857 -1.6 0.4150000214576721 0.0
23.742857144342857 -1.425 0.3450000286102295 0.0
23.742857144342857 -1.25 0.5600000023841858 0.0
23.742857144342857 -1.0750000000000002 0.8999999761581421 0.0
23.742857144342857 -0.9000000000000004 0.5149999856948853 0.0
23.742857144342857 -0.7250000000000001 0.9800000190734863 0.0
23.742857144342857 -0.5500000000000003 1.100000023841858 0.0
23.742857144342857 -0.375 1.25 0.05957149858306404
23.742857144342857 -0.20000000000000018 1.274999976158142 0.19050552765069384
23.742857144342857 -0.025000000000000355 1.2400000095367432 0.3168891109111297
23.742857144342857 0.1499999999999999 1.090000033378601 0.4442690069027473
23.742857144342857 0.32499999999999973 0.7599999904632568 0.5433510912877528
23.742857144342857 0.5 0.49000000953674316 0.6250559973610263
23.742857144342857 0.6749999999999998 0.41999998688697815 0.7005166483302493
23.742857144342857 0.8499999999999996 0.46000000834465027 0.7639757319923717
23.742857144342857 1.0249999999999995 0.5 0.8117723342592902
23.742857144342857 1.1999999999999993 0.5699999928474426 0.8447590630975625
23.742857144342857 1.375 0.6000000238418579 0.8426225722640606
23.742857144342857 1.5499999999999998 0.6200000047683716 0.8065320721733367
23.742857144342857 1.7249999999999996 0.6299999952316284 0.744856296519501
23.742857144342857 1.8999999999999995 0.6299999952316284 0.6837270293745481
23.742857144342857 2.0749999999999993 0.6200000047683716 0.6325240349920191
23.742857144342857 2.25 0.6000000238418579 0.5806929718545423
23.742857144342857 2.425 0.5799999833106995 0.5364325408797948
23.742857144342857 2.5999999999999996 0.5299999713897705 0.5110839825736302
23.742857144342857 2.7749999999999995 0.5099999904632568 0.49281244641184685
23.742857144342857 2.9499999999999993 0.5299999713897705 0.46748360617800105
23.742857144342857 3.125 0.550000011920929 0.4340367040414258
23.742857144342857 3.3 0.5799999833106995 0.35910099660100414
23.742857144342857 3.4749999999999996 0.6000000238418579 0.24629180346735863
23.742857144342857 3.6499999999999995 0.6299999952316284 0.08781851930996998
23.742857144342857 3.8249999999999993 0.6100000143051147 0.0
23.742857144342857 4.0 0.009999999776482582 0.0
23.8000000016 -3.0 0.2750000059604645 0.0
23.8000000016 -2.825 0.4699999988079071 0.0
23.8000000016 -2.65 0.3499999940395355 0.0
23.8000000016 -2.475 0.3499999940395355 0.0
23.8000000016 -2.3 0.48500001430511475 0.0
23.8000000016 -2.125 0.4000000059604645 0.0
23.8000000016 -1.9500000000000002 0.5249999761581421 0.0
23.8000000016 -1.7750000000000001 0.3400000035762787 0.0
23.8000000016 -1.6 0.5899999737739563 0.0
23.8000000016 -1.425 0.4099999964237213 0.0
23.8000000016 -1.25 0.6499999761581421 0.0
23.8000000016 -1.0750000000000002 0.9399999976158142 0.0
23.8000000016 -0.9000000000000004 0.7599999904632568 0.0
23.8000000016 -0.7250000000000001 1.1150000095367432 0.0
23.8000000016 -0.5500000000000003 1.3600000143051147 0.0
23.8000000016 -0.375 1.309999942779541 0.10067384395971823
23.8000000016 -0.20000000000000018 1.340000033378601 0.22732747391093527
23.8000000016 -0.025000000000000355 1.2899999618530273 0.35191311938901504
23.8000000016 0.1499999999999999 1.1799999475479126 0.46604818033511275
23.8000000016 0.32499999999999973 0.8799999952316284 0.5673868847225101
23.8000000016 0.5 0.5799999833106995 0.6472353764302795
23.8000000016 0.6749999999999998 0.4699999988079071 0.7215586096013927
23.8000000016 0.8499999999999996 0.47999998927116394 0.7826297772157664
23.8000000016 1.0249999999999995 0.5199999809265137 0.8306523678667035
23.8000000016 1.1999999999999993 0.5799999833106995 0.8622207951212608
23.8000000016 1.375 0.6100000143051147 0.8593234634355514
23.8000000016 1.5499999999999998 0.6399999856948853 0.8234751742318931
23.8000000016 1.7249999999999996 0.6499999761581421 0.7634170294526262
23.8000000016 1.8999999999999995 0.6399999856948853 0.7011543793053706
23.8000000016 2.0749999999999993 0.6299999952316284 0.639131663008444
23.8000000016 2.25 0.6200000047683716 0.5952037411264862
23.8000000016 2.425 0.5899999737739563 0.5484743589103289
23.8000000016 2.5999999999999996 0.550000011920929 0.516161050791282
23.8000000016 2.7749999999999995 0.5199999809265137 0.5025295957995103
23.8000000016 2.9499999999999993 0.5299999713897705 0.4727447079063348
23.8000000016 3.125 0.5600000023841858 0.4424035456202767
23.8000000016 3.3 0.5799999833106995 0.3783223553436508
23.8000000016 3.4749999999999996 0.6100000143051147 0.2748195198969443
23.8000000016 3.6499999999999995 0.6299999952316284 0.12119403391584305
23.8000000016 3.8249999999999993 0.6299999952316284 0.0
23.8000000016 4.0 0.009999999776482582 0.0
23.857142858857145 -3.0 0.5249999761581421 0.0
23.857142858857145 -2.825 0.5649999976158142 0.0
23.857142858857145 -2.65 0.3100000023841858 0.0
23.857142858857145 -2.475 0.38999998569488525 0.0
23.857142858857145 -2.3 0.6000000238418579 0.0
23.857142858857145 -2.125 0.5049999952316284 0.0
23.857142858857145 -1.9500000000000002 0.4350000023841858 0.0
23.857142858857145 -1.7750000000000001 0.5799999833106995 0.0
23.857142858857145 -1.6 0.5699999928474426 0.0
23.857142858857145 -1.425 0.8500000238418579 0.0
23.857142858857145 -1.25 0.6499999761581421 0.0
23.857142858857145 -1.0750000000000002 0.9399999976158142 0.0
23.857142858857145 -0.9000000000000004 0.9700000286102295 0.0
23.857142858857145 -0.7250000000000001 1.2100000381469727 0.0
23.857142858857145 -0.5500000000000003 1.3450000286102295 0.03216716801001246
23.857142858857145 -0.375 1.3700000047683716 0.138499764542716
23.857142858857145 -0.20000000000000018 1.4199999570846558 0.26675789977443765
23.857142858857145 -0.025000000000000355 1.3300000429153442 0.3833566775055681
23.857142858857145 0.1499999999999999 1.159999966621399 0.4946086628477155
23.857142858857145 0.32499999999999973 0.9599999785423279 0.5909919175131593
23.857142858857145 0.5 0.6499999761581421 0.6689665692563298
23.857142858857145 0.6749999999999998 0.5099999904632568 0.7363724180590638
23.857142858857145 0.8499999999999996 0.5 0.7964176707523402
23.857142858857145 1.0249999999999995 0.5600000023841858 0.8462644226164653
23.857142858857145 1.1999999999999993 0.6000000238418579 0.876009180436756
23.857142858857145 1.375 0.6299999952316284 0.8749163384675442
23.857142858857145 1.5499999999999998 0.6499999761581421 0.8397360490666188
23.857142858857145 1.7249999999999996 0.6600000262260437 0.7775432468196442
23.857142858857145 1.8999999999999995 0.6600000262260437 0.7090437705653091
23.857142858857145 2.0749999999999993 0.6399999856948853 0.6522484059528652
23.857142858857145 2.25 0.6299999952316284 0.5971591450865997
23.857142858857145 2.425 0.6000000238418579 0.5621052134361315
23.857142858857145 2.5999999999999996 0.550000011920929 0.5290170364634708
23.857142858857145 2.7749999999999995 0.5299999713897705 0.5072794629697246
23.857142858857145 2.9499999999999993 0.5400000214576721 0.47867544785401267
23.857142858857145 3.125 0.5600000023841858 0.446687887256963
23.857142858857145 3.3 0.5899999737739563 0.38545417185900566
23.857142858857145 3.4749999999999996 0.6100000143051147 0.29604164297736757
23.857142858857145 3.6499999999999995 0.6399999856948853 0.14244148935940576
23.857142858857145 3.8249999999999993 0.6600000262260437 0.0
23.857142858857145 4.0 0.03500000014901161 0.0
23.914285716114286 -3.0 0.48000001907348633 0.0
23.914285716114286 -2.825 0.3799999952316284 0.0
23.914285716114286 -2.65 0.5800000429153442 0.0
23.914285716114286 -2.475 0.6700000166893005 0.0
23.914285716114286 -2.3 0.7350000143051147 0.0
23.914285716114286 -2.125 0.5450000166893005 0.0
23.914285716114286 -1.9500000000000002 0.6800000071525574 0.0
23.914285716114286 -1.7750000000000001 0.5600000023841858 0.0
23.914285716114286 -1.6 0.6000000238418579 0.0
23.914285716114286 -1.425 1.059999942779541 0.0
23.914285716114286 -1.25 0.8600000143051147 0.0
23.914285716114286 -1.0750000000000002 1.0700000524520874 0.0
23.914285716114286 -0.9000000000000004 1.2300000190734863 0.0
23.914285716114286 -0.7250000000000001 1.3799999952316284 0.0
23.914285716114286 -0.5500000000000003 1.4199999570846558 0.07269007075712619
23.914285716114286 -0.375 1.4299999475479126 0.1783614263880101
23.914285716114286 -0.20000000000000018 1.4199999570846558 0.29393083908130346
23.914285716114286 -0.025000000000000355 1.3700000047683716 0.4123087370286509
23.914285716114286 0.1499999999999999 1.2699999809265137 0.5204069500602407
23.914285716114286 0.32499999999999973 1.0299999713897705 0.615057783861225
23.914285716114286 0.5 0.7900000214576721 0.689992648480745
23.914285716114286 0.6749999999999998 0.5899999737739563 0.7587078753763536
23.914285716114286 0.8499999999999996 0.550000011920929 0.8165469399126148
23.914285716114286 1.0249999999999995 0.5899999737739563 0.8636743229385351
23.914285716114286 1.1999999999999993 0.6100000143051147 0.8918080359882848
23.914285716114286 1.375 0.6399999856948853 0.8916390366483267
23.914285716114286 1.5499999999999998 0.6600000262260437 0.8550104283810926
23.914285716114286 1.7249999999999996 0.6800000071525574 0.7924409722353787
23.914285716114286 1.8999999999999995 0.6700000166893005 0.7239748567615666
23.914285716114286 2.0749999999999993 0.6600000262260437 0.6609151540835779
23.914285716114286 2.25 0.6399999856948853 0.6085148618890825
23.914285716114286 2.425 0.6100000143051147 0.5703518234101939
23.914285716114286 2.5999999999999996 0.5699999928474426 0.5353594905606264
23.914285716114286 2.7749999999999995 0.5400000214576721 0.5116359833338648
23.914285716114286 2.9499999999999993 0.5400000214576721 0.4859867437055378
23.914285716114286 3.125 0.5600000023841858 0.4559350569848236
23.914285716114286 3.3 0.5899999737739563 0.4006251129097445
23.914285716114286 3.4749999999999996 0.6100000143051147 0.3132812650076113
23.914285716114286 3.6499999999999995 0.6399999856948853 0.1691393508959183
23.914285716114286 3.8249999999999993 0.6700000166893005 0.0
23.914285716114286 4.0 0.5349999666213989 0.0
23.97142857337143 -3.0 0.5799999833106995 0.0
23.97142857337143 -2.825 0.5099999904632568 0.0
23.97142857337143 -2.65 0.7400000095367432 0.0
23.97142857337143 -2.475 0.9300000071525574 0.0
23.97142857337143 -2.3 0.7400000095367432 0.0
23.97142857337143 -2.125 0.6100000143051147 0.0
23.97142857337143 -1.9500000000000002 0.7799999713897705 0.0
23.97142857337143 -1.7750000000000001 1.100000023841858 0.0
23.97142857337143 -1.6 0.8700000047683716 0.0
23.97142857337143 -1.425 0.9100000262260437 0.0
23.97142857337143 -1.25 1.1349999904632568 0.0
23.97142857337143 -1.0750000000000002 1.2999999523162842 0.0
23.97142857337143 -0.9000000000000004 1.2200000286102295 0.0
23.97142857337143 -0.7250000000000001 1.4800000190734863 0.004850609241447645
23.97142857337143 -0.5500000000000003 1.3899999856948853 0.10640813854587011
23.97142857337143 -0.375 1.4900000095367432 0.21850312126149957
23.97142857337143 -0.20000000000000018 1.4700000286102295 0.32985236851876176
23.97142857337143 -0.025000000000000355 1.4299999475479126 0.44276010931443516
23.97142857337143 0.1499999999999999 1.2999999523162842 0.5512752450051986
23.97142857337143 0.32499999999999973 1.1100000143051147 0.639743751474769
23.97142857337143 0.5 0.8299999833106995 0.7161513458019451
23.97142857337143 0.6749999999999998 0.6399999856948853 0.7777909034795873
23.97142857337143 0.8499999999999996 0.5899999737739563 0.8356468528577973
23.97142857337143 1.0249999999999995 0.6100000143051147 0.8813628412394412
23.97142857337143 1.1999999999999993 0.6299999952316284 0.9083375557491515
23.97142857337143 1.375 0.6600000262260437 0.9052737268585435
23.97142857337143 1.5499999999999998 0.6800000071525574 0.8678579910123458
23.97142857337143 1.7249999999999996 0.6899999976158142 0.8067237989575875
23.97142857337143 1.8999999999999995 0.6899999976158142 0.7345445295848244
23.97142857337143 2.0749999999999993 0.6800000071525574 0.6706414562610437
23.97142857337143 2.25 0.6600000262260437 0.6183559827445061
23.97142857337143 2.425 0.6299999952316284 0.574494156112437
23.97142857337143 2.5999999999999996 0.5799999833106995 0.545025972255712
23.97142857337143 2.7749999999999995 0.550000011920929 0.5180268872495912
23.97142857337143 2.9499999999999993 0.550000011920929 0.4979154491820436
23.97142857337143 3.125 0.5699999928474426 0.46237686224305674
23.97142857337143 3.3 0.6000000238418579 0.414043882851513
23.97142857337143 3.4749999999999996 0.6200000047683716 0.32215211591916737
23.97142857337143 3.6499999999999995 0.6499999761581421 0.1979193258454101
23.97142857337143 3.8249999999999993 0.6700000166893005 0.0187813080696419
23.97142857337143 4.0 0.6200000047683716 0.0
24.02857143062857 -3.0 0.6599999666213989 0.0
24.02857143062857 -2.825 1.190000057220459 0.0
24.02857143062857 -2.65 0.8899999856948853 0.0
24.02857143062857 -2.475 0.5849999785423279 0.0
24.02857143062857 -2.3 0.8199999928474426 0.0
24.02857143062857 -2.125 0.7400000095367432 0.0
24.02857143062857 -1.9500000000000002 1.1200000047683716 0.0
24.02857143062857 -1.7750000000000001 1.100000023841858 0.0
24.02857143062857 -1.6 1.0299999713897705 0.0
24.02857143062857 -1.425 0.9800000190734863 0.0
24.02857143062857 -1.25 1.3899999856948853 0.0
24.02857143062857 -1.0750000000000002 1.3300000429153442 0.0
24.02857143062857 -0.9000000000000004 1.4199999570846558 0.0
24.02857143062857 -0.7250000000000001 1.5 0.049729706516627725
24.02857143062857 -0.5500000000000003 1.5 0.1504590718886154
24.02857143062857 -0.375 1.5 0.25502848047189275
24.02857143062857 -0.20000000000000018 1.5 0.3740869725759044
24.02857143062857 -0.025000000000000355 1.4500000476837158 0.4728998130850377
24.02857143062857 0.1499999999999999 1.340000033378601 0.5771964677633611
24.02857143062857 0.32499999999999973 1.1299999952316284 0.6663423059542907
24.02857143062857 0.5 0.9300000071525574 0.7386301508383148
24.02857143062857 0.6749999999999998 0.6800000071525574 0.7975244778603214
24.02857143062857 0.8499999999999996 0.6299999952316284 0.849798374342474
