desi_data/desi_elg_ts_zenodo/zphot-sv-coii-south-zenodo.ecsv
# %ECSV 0.9
# ---
# datatype:
# - {name: X, datatype: float64}
# - {name: Y, datatype: float64}
# - {name: Z, datatype: float64}
# - {name: ALPHA, datatype: float64}
# schema: astropy-2.0
X Y Z ALPHA
20.999999996 -2.825 0.09000000357627869 0.0
20.999999996 -1.7750000000000001 1.3600000143051147 0.0
20.999999996 -1.0750000000000002 0.05000000074505806 0.0
20.999999996 -0.9000000000000004 0.009999999776482582 0.0
20.999999996 -0.7250000000000001 0.009999999776482582 0.0
20.999999996 -0.5500000000000003 0.10500000417232513 0.0
20.999999996 -0.375 0.02499999850988388 0.0
20.999999996 -0.20000000000000018 0.019999999552965164 0.0
20.999999996 -0.025000000000000355 1.25 0.0
20.999999996 0.1499999999999999 1.2899999618530273 0.0
20.999999996 0.32499999999999973 0.009999999776482582 0.0
20.999999996 0.5 0.09000000357627869 0.0
20.999999996 0.6749999999999998 0.10999999940395355 0.027092706032704306
20.999999996 0.8499999999999996 0.12999999523162842 0.0736671128597004
20.999999996 1.0249999999999995 0.14000000059604645 0.05510491267692452
20.999999996 1.1999999999999993 0.1599999964237213 0.06521867180286206
20.999999996 1.375 0.17000000178813934 0.062413442360774785
20.999999996 1.5499999999999998 0.18000000715255737 0.07317914132636982
20.999999996 1.7249999999999996 0.1850000023841858 0.1101485662795269
20.999999996 1.8999999999999995 0.20000000298023224 0.12737108305037032
20.999999996 2.0749999999999993 0.20999999344348907 0.12641742652876303
20.999999996 2.25 0.23999999463558197 0.05905076154465677
20.999999996 2.425 0.27000001072883606 0.0
20.999999996 2.5999999999999996 0.10000000149011612 0.0
20.999999996 2.7749999999999995 0.009999999776482582 0.0
20.999999996 2.9499999999999993 0.009999999776482582 0.0
20.999999996 3.125 0.009999999776482582 0.0
20.999999996 3.3 0.009999999776482582 0.0
20.999999996 3.4749999999999996 0.009999999776482582 0.0
20.999999996 3.6499999999999995 0.009999999776482582 0.0
20.999999996 3.8249999999999993 0.009999999776482582 0.0
20.999999996 4.0 0.009999999776482582 0.0
21.057142853257144 -2.125 0.30000001192092896 0.0
21.057142853257144 -1.7750000000000001 0.019999999552965164 0.0
21.057142853257144 -1.25 0.07000000029802322 0.0
21.057142853257144 -1.0750000000000002 0.009999999776482582 0.0
21.057142853257144 -0.9000000000000004 0.5349999666213989 0.0
21.057142853257144 -0.7250000000000001 0.009999999776482582 0.0
21.057142853257144 -0.5500000000000003 0.0949999988079071 0.0
21.057142853257144 -0.375 0.36000001430511475 0.0
21.057142853257144 -0.20000000000000018 0.019999999552965164 0.0
21.057142853257144 -0.025000000000000355 1.284999966621399 0.0
21.057142853257144 0.1499999999999999 1.3899999856948853 0.0
21.057142853257144 0.32499999999999973 0.009999999776482582 0.0
21.057142853257144 0.5 0.07999999821186066 0.0
21.057142853257144 0.6749999999999998 0.10999999940395355 0.026790482962413154
21.057142853257144 0.8499999999999996 0.12999999523162842 0.08918422972968476
21.057142853257144 1.0249999999999995 0.15000000596046448 0.0841340662775219
21.057142853257144 1.1999999999999993 0.17000000178813934 0.08598410720992722
21.057142853257144 1.375 0.18000000715255737 0.08250224895069402
21.057142853257144 1.5499999999999998 0.18000000715255737 0.0963264066398527
21.057142853257144 1.7249999999999996 0.1899999976158142 0.11803834181611444
21.057142853257144 1.8999999999999995 0.20000000298023224 0.13577060535538488
21.057142853257144 2.0749999999999993 0.2199999988079071 0.14012094599948804
21.057142853257144 2.25 0.25 0.06898650330754663
21.057142853257144 2.425 0.27000001072883606 0.0
21.057142853257144 2.5999999999999996 0.14000000059604645 0.0
21.057142853257144 2.7749999999999995 0.009999999776482582 0.0
21.057142853257144 2.9499999999999993 0.009999999776482582 0.0
21.057142853257144 3.125 0.009999999776482582 0.0
21.057142853257144 3.3 0.009999999776482582 0.0
21.057142853257144 3.4749999999999996 0.009999999776482582 0.0
21.057142853257144 3.6499999999999995 0.009999999776482582 0.0
21.057142853257144 3.8249999999999993 0.009999999776482582 0.0
21.057142853257144 4.0 0.009999999776482582 0.0
21.114285710514284 -2.475 1.059999942779541 0.0
21.114285710514284 -2.125 0.5099999904632568 0.0
21.114285710514284 -1.25 0.019999999552965164 0.0
21.114285710514284 -1.0750000000000002 0.5400000214576721 0.0
21.114285710514284 -0.9000000000000004 0.009999999776482582 0.0
21.114285710514284 -0.7250000000000001 0.27000001072883606 0.0
21.114285710514284 -0.5500000000000003 0.07000000029802322 0.0
21.114285710514284 -0.375 0.04999999701976776 0.0
21.114285710514284 -0.20000000000000018 1.1399999856948853 0.0
21.114285710514284 -0.025000000000000355 1.1100000143051147 0.0
21.114285710514284 0.1499999999999999 1.340000033378601 0.0
21.114285710514284 0.32499999999999973 0.019999999552965164 0.0
21.114285710514284 0.5 0.07999999821186066 0.0
21.114285710514284 0.6749999999999998 0.10000000149011612 0.06420277642502453
21.114285710514284 0.8499999999999996 0.12999999523162842 0.11604248915392318
21.114285710514284 1.0249999999999995 0.15000000596046448 0.11056021994015974
21.114285710514284 1.1999999999999993 0.17000000178813934 0.09256139330440033
21.114285710514284 1.375 0.18000000715255737 0.09522581005693376
21.114285710514284 1.5499999999999998 0.1899999976158142 0.10994244643400625
21.114285710514284 1.7249999999999996 0.20000000298023224 0.11942460342037553
21.114285710514284 1.8999999999999995 0.20000000298023224 0.14297349593246111
21.114285710514284 2.0749999999999993 0.2199999988079071 0.14526391402929473
21.114285710514284 2.25 0.25 0.08506105697431848
21.114285710514284 2.425 0.2800000011920929 0.0
21.114285710514284 2.5999999999999996 0.1899999976158142 0.0
21.114285710514284 2.7749999999999995 0.009999999776482582 0.0
21.114285710514284 2.9499999999999993 0.009999999776482582 0.0
21.114285710514284 3.125 0.009999999776482582 0.0
21.114285710514284 3.3 0.009999999776482582 0.0
21.114285710514284 3.4749999999999996 0.009999999776482582 0.0
21.114285710514284 3.6499999999999995 0.009999999776482582 0.0
21.114285710514284 3.8249999999999993 0.009999999776482582 0.0
21.114285710514284 4.0 0.009999999776482582 0.0
21.17142856777143 -3.0 1.9749999046325684 0.0
21.17142856777143 -2.3 1.0299999713897705 0.0
21.17142856777143 -1.7750000000000001 0.47999998927116394 0.0
21.17142856777143 -1.25 0.3100000023841858 0.0
21.17142856777143 -1.0750000000000002 0.030000001192092896 0.0
21.17142856777143 -0.9000000000000004 0.019999999552965164 0.0
21.17142856777143 -0.7250000000000001 0.05999999865889549 0.0
21.17142856777143 -0.5500000000000003 0.08500000089406967 0.0
21.17142856777143 -0.375 0.10999999940395355 0.0
21.17142856777143 -0.20000000000000018 1.1749999523162842 0.0
21.17142856777143 -0.025000000000000355 1.5 0.0
21.17142856777143 0.1499999999999999 1.309999942779541 0.0
21.17142856777143 0.32499999999999973 0.009999999776482582 0.0
21.17142856777143 0.5 0.07999999821186066 0.0018182478332066099
21.17142856777143 0.6749999999999998 0.10999999940395355 0.06723631457367013
21.17142856777143 0.8499999999999996 0.12999999523162842 0.11843532042933158
21.17142856777143 1.0249999999999995 0.15000000596046448 0.12060582432560274
21.17142856777143 1.1999999999999993 0.17000000178813934 0.12080207128062442
21.17142856777143 1.375 0.1899999976158142 0.11219907482077773
21.17142856777143 1.5499999999999998 0.20000000298023224 0.11704270852234355
21.17142856777143 1.7249999999999996 0.20000000298023224 0.14420979913912885
21.17142856777143 1.8999999999999995 0.20999999344348907 0.147356915687973
21.17142856777143 2.0749999999999993 0.23000000417232513 0.1677216272030288
21.17142856777143 2.25 0.25 0.113217113445652
21.17142856777143 2.425 0.2800000011920929 0.006848910837154554
21.17142856777143 2.5999999999999996 0.23999999463558197 0.0
21.17142856777143 2.7749999999999995 0.009999999776482582 0.0
21.17142856777143 2.9499999999999993 0.009999999776482582 0.0
21.17142856777143 3.125 0.009999999776482582 0.0
21.17142856777143 3.3 0.009999999776482582 0.0
21.17142856777143 3.4749999999999996 0.009999999776482582 0.0
21.17142856777143 3.6499999999999995 0.009999999776482582 0.0
21.17142856777143 3.8249999999999993 0.009999999776482582 0.0
21.17142856777143 4.0 0.009999999776482582 0.0
21.228571425028573 -2.3 0.9700000286102295 0.0
21.228571425028573 -2.125 0.07000000029802322 0.0
21.228571425028573 -1.425 2.5199999809265137 0.0
21.228571425028573 -1.25 1.7300000190734863 0.0
21.228571425028573 -1.0750000000000002 0.03999999910593033 0.0
21.228571425028573 -0.9000000000000004 0.009999999776482582 0.0
21.228571425028573 -0.7250000000000001 0.08500000089406967 0.0
21.228571425028573 -0.5500000000000003 0.04500000178813934 0.0
21.228571425028573 -0.375 0.029999999329447746 0.0
21.228571425028573 -0.20000000000000018 0.05000000074505806 0.0
21.228571425028573 -0.025000000000000355 1.215000033378601 0.0
21.228571425028573 0.1499999999999999 1.3650000095367432 0.0
21.228571425028573 0.32499999999999973 0.009999999776482582 0.0
21.228571425028573 0.5 0.07999999821186066 0.022514590412319124
21.228571425028573 0.6749999999999998 0.10999999940395355 0.07872568000547114
21.228571425028573 0.8499999999999996 0.11999999731779099 0.13207753605276062
21.228571425028573 1.0249999999999995 0.15000000596046448 0.13813785239068732
21.228571425028573 1.1999999999999993 0.18000000715255737 0.12236569453335278
21.228571425028573 1.375 0.20000000298023224 0.1281310041792164
21.228571425028573 1.5499999999999998 0.20999999344348907 0.15080103611826712
21.228571425028573 1.7249999999999996 0.20000000298023224 0.1471832673452912
21.228571425028573 1.8999999999999995 0.2199999988079071 0.1611433355481926
21.228571425028573 2.0749999999999993 0.23000000417232513 0.1705478784785347
21.228571425028573 2.25 0.25999999046325684 0.12699012288081318
21.228571425028573 2.425 0.2800000011920929 0.024968257659691184
21.228571425028573 2.5999999999999996 0.28999999165534973 0.0
21.228571425028573 2.7749999999999995 0.009999999776482582 0.0
21.228571425028573 2.9499999999999993 0.009999999776482582 0.0
21.228571425028573 3.125 0.009999999776482582 0.0
21.228571425028573 3.3 0.009999999776482582 0.0
21.228571425028573 3.4749999999999996 0.009999999776482582 0.0
21.228571425028573 3.6499999999999995 0.009999999776482582 0.0
21.228571425028573 3.8249999999999993 0.009999999776482582 0.0
21.228571425028573 4.0 0.009999999776482582 0.0
21.285714282285713 -2.475 1.7899999618530273 0.0
21.285714282285713 -2.3 1.6799999475479126 0.0
21.285714282285713 -1.9500000000000002 0.03999999910593033 0.0
21.285714282285713 -1.7750000000000001 2.3499999046325684 0.0
21.285714282285713 -1.425 0.26499998569488525 0.0
21.285714282285713 -1.25 0.7099999785423279 0.0
21.285714282285713 -1.0750000000000002 0.2749999761581421 0.0
21.285714282285713 -0.9000000000000004 0.009999999776482582 0.0
21.285714282285713 -0.7250000000000001 0.009999999776482582 0.0
21.285714282285713 -0.5500000000000003 0.019999999552965164 0.0
21.285714282285713 -0.375 0.04999999701976776 0.0
21.285714282285713 -0.20000000000000018 0.10500000417232513 0.0
21.285714282285713 -0.025000000000000355 1.5950000286102295 0.0
21.285714282285713 0.1499999999999999 1.375 0.0
21.285714282285713 0.32499999999999973 0.009999999776482582 0.0
21.285714282285713 0.5 0.07999999821186066 0.014663147981513858
21.285714282285713 0.6749999999999998 0.10999999940395355 0.10493594822247948
21.285714282285713 0.8499999999999996 0.12999999523162842 0.15519824888330308
21.285714282285713 1.0249999999999995 0.1599999964237213 0.15351753429345633
21.285714282285713 1.1999999999999993 0.17000000178813934 0.14787702908861183
21.285714282285713 1.375 0.20000000298023224 0.13904150430216589
21.285714282285713 1.5499999999999998 0.20999999344348907 0.14856858139588808
21.285714282285713 1.7249999999999996 0.20999999344348907 0.1595081829350135
21.285714282285713 1.8999999999999995 0.2199999988079071 0.1694531475414967
21.285714282285713 2.0749999999999993 0.23999999463558197 0.18253459720502807
21.285714282285713 2.25 0.25999999046325684 0.15114246266809073
21.285714282285713 2.425 0.2800000011920929 0.05430706521125134
21.285714282285713 2.5999999999999996 0.30000001192092896 0.0
21.285714282285713 2.7749999999999995 0.04999999701976776 0.0
21.285714282285713 2.9499999999999993 0.009999999776482582 0.0
21.285714282285713 3.125 0.009999999776482582 0.0
21.285714282285713 3.3 0.009999999776482582 0.0
21.285714282285713 3.4749999999999996 0.009999999776482582 0.0
21.285714282285713 3.6499999999999995 0.009999999776482582 0.0
21.285714282285713 3.8249999999999993 0.009999999776482582 0.0
21.285714282285713 4.0 0.009999999776482582 0.0
21.342857139542858 -2.65 0.8700000047683716 0.0
21.342857139542858 -1.25 0.009999999776482582 0.0
21.342857139542858 -1.0750000000000002 0.009999999776482582 0.0
21.342857139542858 -0.9000000000000004 0.32499998807907104 0.0
21.342857139542858 -0.7250000000000001 0.009999999776482582 0.0
21.342857139542858 -0.5500000000000003 0.03500000014901161 0.0
21.342857139542858 -0.375 0.05999999865889549 0.0
21.342857139542858 -0.20000000000000018 0.25 0.0
21.342857139542858 -0.025000000000000355 0.8500000238418579 0.0
21.342857139542858 0.1499999999999999 1.3799999952316284 0.0
21.342857139542858 0.32499999999999973 0.009999999776482582 0.0
21.342857139542858 0.5 0.07000000029802322 0.046163089213889286
21.342857139542858 0.6749999999999998 0.10999999940395355 0.11922710705300826
21.342857139542858 0.8499999999999996 0.12999999523162842 0.18001046410277255
21.342857139542858 1.0249999999999995 0.1599999964237213 0.1736456091991555
21.342857139542858 1.1999999999999993 0.18000000715255737 0.15586690912205614
21.342857139542858 1.375 0.20000000298023224 0.16049075131262902
21.342857139542858 1.5499999999999998 0.20999999344348907 0.16244264976706246
21.342857139542858 1.7249999999999996 0.2199999988079071 0.16244264976706246
21.342857139542858 1.8999999999999995 0.23000000417232513 0.1872077511347171
21.342857139542858 2.0749999999999993 0.23999999463558197 0.18735217896907475
21.342857139542858 2.25 0.25999999046325684 0.16724698823601936
21.342857139542858 2.425 0.2800000011920929 0.07560810670787738
21.342857139542858 2.5999999999999996 0.3050000071525574 0.0
21.342857139542858 2.7749999999999995 0.009999999776482582 0.0
21.342857139542858 2.9499999999999993 0.009999999776482582 0.0
21.342857139542858 3.125 0.009999999776482582 0.0
21.342857139542858 3.3 0.009999999776482582 0.0
21.342857139542858 3.4749999999999996 0.009999999776482582 0.0
21.342857139542858 3.6499999999999995 0.009999999776482582 0.0
21.342857139542858 3.8249999999999993 0.009999999776482582 0.0
21.342857139542858 4.0 0.009999999776482582 0.0
21.3999999968 -3.0 1.340000033378601 0.0
21.3999999968 -1.6 0.9549999833106995 0.0
21.3999999968 -1.425 1.6050000190734863 0.0
21.3999999968 -1.25 0.07000000029802322 0.0
21.3999999968 -1.0750000000000002 0.48499998450279236 0.0
21.3999999968 -0.9000000000000004 0.06499999761581421 0.0
21.3999999968 -0.7250000000000001 0.009999999776482582 0.0
21.3999999968 -0.5500000000000003 0.5 0.0
21.3999999968 -0.375 0.6399999856948853 0.0
21.3999999968 -0.20000000000000018 1.1399999856948853 0.0
21.3999999968 -0.025000000000000355 1.284999966621399 0.0
21.3999999968 0.1499999999999999 1.4950000047683716 0.0
21.3999999968 0.32499999999999973 0.009999999776482582 0.0
21.3999999968 0.5 0.07999999821186066 0.05695523511622558
21.3999999968 0.6749999999999998 0.10000000149011612 0.1302071778835181
21.3999999968 0.8499999999999996 0.12999999523162842 0.19192386868900962
21.3999999968 1.0249999999999995 0.1599999964237213 0.18807288072905792
21.3999999968 1.1999999999999993 0.1899999976158142 0.19206519459113558
21.3999999968 1.375 0.20999999344348907 0.17911254177182706
21.3999999968 1.5499999999999998 0.2199999988079071 0.17318375739594122
21.3999999968 1.7249999999999996 0.2199999988079071 0.17760770386469493
21.3999999968 1.8999999999999995 0.23000000417232513 0.1912158561903935
21.3999999968 2.0749999999999993 0.25 0.19515131843568384
21.3999999968 2.25 0.25999999046325684 0.18532139504740003
21.3999999968 2.425 0.28999999165534973 0.1074536255965311
